6.3333E-16  1.3000E-15  9.0667E-16  2.3222E-15  7.0000E-22  3.0000E-44  3.2000E-45  5.2000E+00  5.3000E+01  1.9590E+22  2.1226E+21  3.9028E+21
6.3333E-16  1.3000E-15  1.4400E-15  2.3222E-15  7.0000E-22  3.0000E-44  3.2000E-45  5.2000E+00  5.3000E+01  1.8429E+22  1.8835E+21  5.3033E+21
6.3333E-16  1.3000E-15  1.4400E-15  1.1000E-15  7.0000E-22  3.0000E-44  3.2000E-45  5.2000E+00  5.3000E+01  1.8276E+22  2.3727E+21  4.9670E+21
3.0000E-16  1.3000E-15  1.4400E-15  1.1000E-15  7.0000E-22  3.0000E-44  3.2000E-45  5.2000E+00  5.3000E+01  1.9415E+22  1.1815E+21  5.0195E+21
4.3333E-16  1.3000E-15  1.3333E-15  3.0556E-15  7.0000E-22  3.0000E-44  3.2000E-45  5.2000E+00  5.3000E+01  1.9340E+22  1.2155E+21  5.0609E+21
4.3333E-16  1.3000E-15  8.0000E-16  3.0556E-15  7.0000E-22  3.0000E-44  3.2000E-45  5.2000E+00  5.3000E+01  2.0671E+22  1.3759E+21  3.5686E+21
7.6667E-16  1.3000E-15  8.0000E-16  3.0556E-15  7.0000E-22  3.0000E-44  3.2000E-45  5.2000E+00  5.3000E+01  1.9469E+22  2.2728E+21  3.8739E+21
7.6667E-16  1.3000E-15  8.0000E-16  1.8333E-15  7.0000E-22  3.0000E-44  3.2000E-45  5.2000E+00  5.3000E+01  1.9261E+22  2.8141E+21  3.5411E+21
7.0000E-16  1.3000E-15  5.8667E-16  2.3222E-15  7.0000E-22  3.0000E-44  3.2000E-45  5.2000E+00  5.3000E+01  2.0079E+22  2.5049E+21  3.0322E+21
7.0000E-16  1.3000E-15  5.8667E-16  1.1000E-15  7.0000E-22  3.0000E-44  3.2000E-45  5.2000E+00  5.3000E+01  1.9758E+22  3.2426E+21  2.6150E+21
7.0000E-16  1.3000E-15  1.1200E-15  1.1000E-15  7.0000E-22  3.0000E-44  3.2000E-45  5.2000E+00  5.3000E+01  1.8682E+22  2.8051E+21  4.1292E+21
3.6667E-16  1.3000E-15  1.1200E-15  1.1000E-15  7.0000E-22  3.0000E-44  3.2000E-45  5.2000E+00  5.3000E+01  1.9929E+22  1.5561E+21  4.1306E+21
5.0000E-16  1.3000E-15  6.9333E-16  3.3000E-15  7.0000E-22  3.0000E-44  3.2000E-45  5.2000E+00  5.3000E+01  2.0717E+22  1.5476E+21  3.3517E+21
5.0000E-16  1.3000E-15  6.9333E-16  2.0778E-15  7.0000E-22  3.0000E-44  3.2000E-45  5.2000E+00  5.3000E+01  2.0575E+22  1.9027E+21  3.1380E+21
8.3333E-16  1.3000E-15  6.9333E-16  2.0778E-15  7.0000E-22  3.0000E-44  3.2000E-45  5.2000E+00  5.3000E+01  1.9299E+22  2.9547E+21  3.3620E+21
8.3333E-16  1.3000E-15  1.2267E-15  2.0778E-15  7.0000E-22  3.0000E-44  3.2000E-45  5.2000E+00  5.3000E+01  1.8224E+22  2.6174E+21  4.7745E+21
9.0000E-16  1.3000E-15  4.8000E-16  3.0556E-15  7.0000E-22  3.0000E-44  3.2000E-45  5.2000E+00  5.3000E+01  1.9722E+22  2.7923E+21  3.1014E+21
9.0000E-16  1.3000E-15  1.0133E-15  3.0556E-15  7.0000E-22  3.0000E-44  3.2000E-45  5.2000E+00  5.3000E+01  1.8588E+22  2.4865E+21  4.5420E+21
9.0000E-16  1.3000E-15  1.0133E-15  1.8333E-15  7.0000E-22  3.0000E-44  3.2000E-45  5.2000E+00  5.3000E+01  1.8381E+22  3.0646E+21  4.1699E+21
5.6667E-16  1.3000E-15  1.0133E-15  1.8333E-15  7.0000E-22  3.0000E-44  3.2000E-45  5.2000E+00  5.3000E+01  1.9519E+22  2.0503E+21  4.0471E+21
7.0000E-16  1.3000E-15  8.0000E-16  1.5889E-15  7.0000E-22  3.0000E-44  3.2000E-45  5.2000E+00  5.3000E+01  1.9451E+22  2.7364E+21  3.4283E+21
7.0000E-16  1.3000E-15  8.0000E-16  2.8111E-15  7.0000E-22  3.0000E-44  3.2000E-45  5.2000E+00  5.3000E+01  1.9666E+22  2.1861E+21  3.7640E+21
3.6667E-16  1.3000E-15  8.0000E-16  2.8111E-15  7.0000E-22  3.0000E-44  3.2000E-45  5.2000E+00  5.3000E+01  2.0915E+22  1.2282E+21  3.4732E+21
3.6667E-16  1.3000E-15  1.3333E-15  2.8111E-15  7.0000E-22  3.0000E-44  3.2000E-45  5.2000E+00  5.3000E+01  1.9545E+22  1.0797E+21  4.9915E+21
7.0000E-16  1.3000E-15  9.0667E-16  2.5667E-15  7.0000E-22  3.0000E-44  3.2000E-45  5.2000E+00  5.3000E+01  1.9392E+22  2.2206E+21  4.0038E+21
7.0000E-16  1.3000E-15  1.4400E-15  2.5667E-15  7.0000E-22  3.0000E-44  3.2000E-45  5.2000E+00  5.3000E+01  1.8256E+22  1.9792E+21  5.3812E+21
3.6667E-16  1.3000E-15  1.4400E-15  2.5667E-15  7.0000E-22  3.0000E-44  3.2000E-45  5.2000E+00  5.3000E+01  1.9278E+22  1.0952E+21  5.2428E+21
3.6667E-16  1.3000E-15  1.4400E-15  1.3444E-15  7.0000E-22  3.0000E-44  3.2000E-45  5.2000E+00  5.3000E+01  1.9199E+22  1.3597E+21  5.0571E+21
7.0000E-16  1.3000E-15  5.8667E-16  2.8111E-15  7.0000E-22  3.0000E-44  3.2000E-45  5.2000E+00  5.3000E+01  2.0164E+22  2.3004E+21  3.1518E+21
7.0000E-16  1.3000E-15  1.1200E-15  2.8111E-15  7.0000E-22  3.0000E-44  3.2000E-45  5.2000E+00  5.3000E+01  1.8952E+22  2.0353E+21  4.6287E+21
7.0000E-16  1.3000E-15  1.1200E-15  1.5889E-15  7.0000E-22  3.0000E-44  3.2000E-45  5.2000E+00  5.3000E+01  1.8782E+22  2.5273E+21  4.3065E+21
3.6667E-16  1.3000E-15  1.1200E-15  1.5889E-15  7.0000E-22  3.0000E-44  3.2000E-45  5.2000E+00  5.3000E+01  1.9982E+22  1.4052E+21  4.2291E+21
9.0000E-16  1.3000E-15  1.4400E-15  2.5667E-15  7.0000E-22  3.0000E-44  3.2000E-45  5.2000E+00  5.3000E+01  1.7693E+22  2.4659E+21  5.4575E+21
9.0000E-16  1.3000E-15  9.0667E-16  2.5667E-15  7.0000E-22  3.0000E-44  3.2000E-45  5.2000E+00  5.3000E+01  1.8732E+22  2.7496E+21  4.1345E+21
9.0000E-16  1.3000E-15  9.0667E-16  1.3444E-15  7.0000E-22  3.0000E-44  3.2000E-45  5.2000E+00  5.3000E+01  1.8455E+22  3.4754E+21  3.6853E+21
5.6667E-16  1.3000E-15  9.0667E-16  1.3444E-15  7.0000E-22  3.0000E-44  3.2000E-45  5.2000E+00  5.3000E+01  1.9677E+22  2.3292E+21  3.6095E+21
3.0000E-16  1.3000E-15  4.8000E-16  1.3444E-15  7.0000E-22  3.0000E-44  3.2000E-45  5.2000E+00  5.3000E+01  2.1958E+22  1.4923E+21  2.1654E+21
3.0000E-16  1.3000E-15  4.8000E-16  2.5667E-15  7.0000E-22  3.0000E-44  3.2000E-45  5.2000E+00  5.3000E+01  2.2105E+22  1.1650E+21  2.3461E+21
3.0000E-16  1.3000E-15  1.0133E-15  2.5667E-15  7.0000E-22  3.0000E-44  3.2000E-45  5.2000E+00  5.3000E+01  2.0584E+22  1.0040E+21  4.0276E+21
6.3333E-16  1.3000E-15  1.0133E-15  2.5667E-15  7.0000E-22  3.0000E-44  3.2000E-45  5.2000E+00  5.3000E+01  1.9379E+22  1.9856E+21  4.2511E+21
9.0000E-16  1.3000E-15  8.0000E-16  1.8333E-15  7.0000E-22  3.0000E-44  3.2000E-45  5.2000E+00  5.3000E+01  1.8792E+22  3.2191E+21  3.6046E+21
9.0000E-16  1.3000E-15  8.0000E-16  3.0556E-15  7.0000E-22  3.0000E-44  3.2000E-45  5.2000E+00  5.3000E+01  1.9031E+22  2.6001E+21  3.9854E+21
9.0000E-16  1.3000E-15  1.3333E-15  3.0556E-15  7.0000E-22  3.0000E-44  3.2000E-45  5.2000E+00  5.3000E+01  1.7951E+22  2.3342E+21  5.3310E+21
5.6667E-16  1.3000E-15  1.3333E-15  3.0556E-15  7.0000E-22  3.0000E-44  3.2000E-45  5.2000E+00  5.3000E+01  1.8921E+22  1.5532E+21  5.1424E+21
8.3333E-16  1.3000E-15  8.0000E-16  2.3222E-15  7.0000E-22  3.0000E-44  3.2000E-45  5.2000E+00  5.3000E+01  1.9127E+22  2.7545E+21  3.7343E+21
8.3333E-16  1.3000E-15  8.0000E-16  1.1000E-15  7.0000E-22  3.0000E-44  3.2000E-45  5.2000E+00  5.3000E+01  1.8811E+22  3.5405E+21  3.2641E+21
8.3333E-16  1.3000E-15  1.3333E-15  1.1000E-15  7.0000E-22  3.0000E-44  3.2000E-45  5.2000E+00  5.3000E+01  1.7836E+22  3.1060E+21  4.6740E+21
5.0000E-16  1.3000E-15  1.3333E-15  1.1000E-15  7.0000E-22  3.0000E-44  3.2000E-45  5.2000E+00  5.3000E+01  1.8946E+22  1.9617E+21  4.7086E+21
5.6667E-16  1.3000E-15  4.8000E-16  2.3222E-15  7.0000E-22  3.0000E-44  3.2000E-45  5.2000E+00  5.3000E+01  2.0875E+22  2.1511E+21  2.5895E+21
5.6667E-16  1.3000E-15  1.0133E-15  2.3222E-15  7.0000E-22  3.0000E-44  3.2000E-45  5.2000E+00  5.3000E+01  1.9581E+22  1.8754E+21  4.1593E+21
5.6667E-16  1.3000E-15  1.0133E-15  1.1000E-15  7.0000E-22  3.0000E-44  3.2000E-45  5.2000E+00  5.3000E+01  1.9393E+22  2.3898E+21  3.8330E+21
9.0000E-16  1.3000E-15  1.0133E-15  1.1000E-15  7.0000E-22  3.0000E-44  3.2000E-45  5.2000E+00  5.3000E+01  1.8187E+22  3.5794E+21  3.8498E+21
8.3333E-16  1.3000E-15  5.8667E-16  1.5889E-15  7.0000E-22  3.0000E-44  3.2000E-45  5.2000E+00  5.3000E+01  1.9386E+22  3.3507E+21  2.8790E+21
8.3333E-16  1.3000E-15  5.8667E-16  2.8111E-15  7.0000E-22  3.0000E-44  3.2000E-45  5.2000E+00  5.3000E+01  1.9677E+22  2.6616E+21  3.2771E+21
8.3333E-16  1.3000E-15  1.1200E-15  2.8111E-15  7.0000E-22  3.0000E-44  3.2000E-45  5.2000E+00  5.3000E+01  1.8540E+22  2.3668E+21  4.7096E+21
5.0000E-16  1.3000E-15  1.1200E-15  2.8111E-15  7.0000E-22  3.0000E-44  3.2000E-45  5.2000E+00  5.3000E+01  1.9608E+22  1.5079E+21  4.5000E+21
5.6667E-16  1.3000E-15  4.8000E-16  2.0778E-15  7.0000E-22  3.0000E-44  3.2000E-45  5.2000E+00  5.3000E+01  2.0830E+22  2.2537E+21  2.5323E+21
5.6667E-16  1.3000E-15  1.0133E-15  2.0778E-15  7.0000E-22  3.0000E-44  3.2000E-45  5.2000E+00  5.3000E+01  1.9552E+22  1.9587E+21  4.1057E+21
5.6667E-16  1.3000E-15  1.0133E-15  3.3000E-15  7.0000E-22  3.0000E-44  3.2000E-45  5.2000E+00  5.3000E+01  1.9675E+22  1.6050E+21  4.3355E+21
9.0000E-16  1.3000E-15  1.0133E-15  3.3000E-15  7.0000E-22  3.0000E-44  3.2000E-45  5.2000E+00  5.3000E+01  1.8618E+22  2.3975E+21  4.6006E+21
8.3333E-16  1.3000E-15  1.1200E-15  2.3222E-15  7.0000E-22  3.0000E-44  3.2000E-45  5.2000E+00  5.3000E+01  1.8472E+22  2.5652E+21  4.5786E+21
5.0000E-16  1.3000E-15  1.1200E-15  2.3222E-15  7.0000E-22  3.0000E-44  3.2000E-45  5.2000E+00  5.3000E+01  1.9566E+22  1.6337E+21  4.4164E+21
5.0000E-16  1.3000E-15  5.8667E-16  2.3222E-15  7.0000E-22  3.0000E-44  3.2000E-45  5.2000E+00  5.3000E+01  2.0883E+22  1.8721E+21  2.8607E+21
5.0000E-16  1.3000E-15  5.8667E-16  1.1000E-15  7.0000E-22  3.0000E-44  3.2000E-45  5.2000E+00  5.3000E+01  2.0645E+22  2.4223E+21  2.5487E+21
8.3333E-16  1.3000E-15  5.8667E-16  2.3222E-15  7.0000E-22  3.0000E-44  3.2000E-45  5.2000E+00  5.3000E+01  1.9580E+22  2.8976E+21  3.1387E+21
5.0000E-16  1.3000E-15  5.8667E-16  2.3222E-15  7.0000E-22  3.0000E-44  3.2000E-45  5.2000E+00  5.3000E+01  2.0883E+22  1.8721E+21  2.8607E+21
5.0000E-16  1.3000E-15  1.1200E-15  2.3222E-15  7.0000E-22  3.0000E-44  3.2000E-45  5.2000E+00  5.3000E+01  1.9566E+22  1.6337E+21  4.4164E+21
5.0000E-16  1.3000E-15  1.1200E-15  1.1000E-15  7.0000E-22  3.0000E-44  3.2000E-45  5.2000E+00  5.3000E+01  1.9413E+22  2.0732E+21  4.1300E+21
5.0000E-16  1.3000E-15  1.1200E-15  1.3444E-15  7.0000E-22  3.0000E-44  3.2000E-45  5.2000E+00  5.3000E+01  1.9451E+22  1.9661E+21  4.1990E+21
5.0000E-16  1.3000E-15  1.1200E-15  2.5667E-15  7.0000E-22  3.0000E-44  3.2000E-45  5.2000E+00  5.3000E+01  1.9588E+22  1.5682E+21  4.4598E+21
5.0000E-16  1.3000E-15  5.8667E-16  2.5667E-15  7.0000E-22  3.0000E-44  3.2000E-45  5.2000E+00  5.3000E+01  2.0917E+22  1.7920E+21  2.9072E+21
8.3333E-16  1.3000E-15  5.8667E-16  2.5667E-15  7.0000E-22  3.0000E-44  3.2000E-45  5.2000E+00  5.3000E+01  1.9631E+22  2.7742E+21  3.2108E+21
7.6667E-16  1.3000E-15  4.8000E-16  1.3444E-15  7.0000E-22  3.0000E-44  3.2000E-45  5.2000E+00  5.3000E+01  1.9785E+22  3.4027E+21  2.4285E+21
7.6667E-16  1.3000E-15  4.8000E-16  2.5667E-15  7.0000E-22  3.0000E-44  3.2000E-45  5.2000E+00  5.3000E+01  2.0117E+22  2.6582E+21  2.8409E+21
7.6667E-16  1.3000E-15  1.0133E-15  2.5667E-15  7.0000E-22  3.0000E-44  3.2000E-45  5.2000E+00  5.3000E+01  1.8938E+22  2.3450E+21  4.3329E+21
4.3333E-16  1.3000E-15  1.0133E-15  2.5667E-15  7.0000E-22  3.0000E-44  3.2000E-45  5.2000E+00  5.3000E+01  2.0084E+22  1.4119E+21  4.1205E+21
8.3333E-16  1.3000E-15  1.4400E-15  2.0778E-15  7.0000E-22  3.0000E-44  3.2000E-45  5.2000E+00  5.3000E+01  1.7816E+22  2.5039E+21  5.2961E+21
5.0000E-16  1.3000E-15  1.4400E-15  2.0778E-15  7.0000E-22  3.0000E-44  3.2000E-45  5.2000E+00  5.3000E+01  1.8819E+22  1.5837E+21  5.2135E+21
5.0000E-16  1.3000E-15  9.0667E-16  2.0778E-15  7.0000E-22  3.0000E-44  3.2000E-45  5.2000E+00  5.3000E+01  2.0048E+22  1.7982E+21  3.7694E+21
5.0000E-16  1.3000E-15  9.0667E-16  3.3000E-15  7.0000E-22  3.0000E-44  3.2000E-45  5.2000E+00  5.3000E+01  2.0168E+22  1.4702E+21  3.9778E+21
5.6667E-16  1.3000E-15  6.9333E-16  1.5889E-15  7.0000E-22  3.0000E-44  3.2000E-45  5.2000E+00  5.3000E+01  2.0215E+22  2.3439E+21  3.0566E+21
5.6667E-16  1.3000E-15  1.2267E-15  1.5889E-15  7.0000E-22  3.0000E-44  3.2000E-45  5.2000E+00  5.3000E+01  1.9012E+22  2.0406E+21  4.5634E+21
9.0000E-16  1.3000E-15  1.2267E-15  1.5889E-15  7.0000E-22  3.0000E-44  3.2000E-45  5.2000E+00  5.3000E+01  1.7931E+22  3.0669E+21  4.6179E+21
9.0000E-16  1.3000E-15  1.2267E-15  2.8111E-15  7.0000E-22  3.0000E-44  3.2000E-45  5.2000E+00  5.3000E+01  1.8130E+22  2.4734E+21  5.0125E+21
7.0000E-16  1.3000E-15  5.8667E-16  1.3444E-15  7.0000E-22  3.0000E-44  3.2000E-45  5.2000E+00  5.3000E+01  1.9840E+22  3.0592E+21  2.7167E+21
3.6667E-16  1.3000E-15  5.8667E-16  1.3444E-15  7.0000E-22  3.0000E-44  3.2000E-45  5.2000E+00  5.3000E+01  2.1327E+22  1.7300E+21  2.5588E+21
3.6667E-16  1.3000E-15  1.1200E-15  1.3444E-15  7.0000E-22  3.0000E-44  3.2000E-45  5.2000E+00  5.3000E+01  1.9957E+22  1.4766E+21  4.1824E+21
3.6667E-16  1.3000E-15  1.1200E-15  2.5667E-15  7.0000E-22  3.0000E-44  3.2000E-45  5.2000E+00  5.3000E+01  2.0058E+22  1.1793E+21  4.3786E+21
5.6667E-16  1.3000E-15  5.8667E-16  2.5667E-15  7.0000E-22  3.0000E-44  3.2000E-45  5.2000E+00  5.3000E+01  2.0645E+22  2.0000E+21  2.9714E+21
5.6667E-16  1.3000E-15  5.8667E-16  1.3444E-15  7.0000E-22  3.0000E-44  3.2000E-45  5.2000E+00  5.3000E+01  2.0408E+22  2.5514E+21  2.6563E+21
9.0000E-16  1.3000E-15  5.8667E-16  1.3444E-15  7.0000E-22  3.0000E-44  3.2000E-45  5.2000E+00  5.3000E+01  1.9047E+22  3.7683E+21  2.8010E+21
9.0000E-16  1.3000E-15  1.1200E-15  1.3444E-15  7.0000E-22  3.0000E-44  3.2000E-45  5.2000E+00  5.3000E+01  1.8067E+22  3.3044E+21  4.2444E+21
8.3333E-16  1.3000E-15  1.2267E-15  2.0778E-15  7.0000E-22  3.0000E-44  3.2000E-45  5.2000E+00  5.3000E+01  1.8224E+22  2.6174E+21  4.7745E+21
8.3333E-16  1.3000E-15  1.2267E-15  3.3000E-15  7.0000E-22  3.0000E-44  3.2000E-45  5.2000E+00  5.3000E+01  1.8375E+22  2.1523E+21  5.0883E+21
5.0000E-16  1.3000E-15  1.2267E-15  3.3000E-15  7.0000E-22  3.0000E-44  3.2000E-45  5.2000E+00  5.3000E+01  1.9390E+22  1.3686E+21  4.8575E+21
5.0000E-16  1.3000E-15  6.9333E-16  3.3000E-15  7.0000E-22  3.0000E-44  3.2000E-45  5.2000E+00  5.3000E+01  2.0717E+22  1.5476E+21  3.3517E+21
5.0000E-16  1.3000E-15  9.0667E-16  1.1000E-15  7.0000E-22  3.0000E-44  3.2000E-45  5.2000E+00  5.3000E+01  1.9895E+22  2.1993E+21  3.5214E+21
8.3333E-16  1.3000E-15  9.0667E-16  1.1000E-15  7.0000E-22  3.0000E-44  3.2000E-45  5.2000E+00  5.3000E+01  1.8613E+22  3.4439E+21  3.5586E+21
8.3333E-16  1.3000E-15  1.4400E-15  1.1000E-15  7.0000E-22  3.0000E-44  3.2000E-45  5.2000E+00  5.3000E+01  1.7646E+22  3.0319E+21  4.9379E+21
8.3333E-16  1.3000E-15  1.4400E-15  2.3222E-15  7.0000E-22  3.0000E-44  3.2000E-45  5.2000E+00  5.3000E+01  1.7848E+22  2.4012E+21  5.3671E+21
7.6667E-16  1.3000E-15  8.0000E-16  1.8333E-15  7.0000E-22  3.0000E-44  3.2000E-45  5.2000E+00  5.3000E+01  1.9261E+22  2.8141E+21  3.5411E+21
7.6667E-16  1.3000E-15  1.3333E-15  1.8333E-15  7.0000E-22  3.0000E-44  3.2000E-45  5.2000E+00  5.3000E+01  1.8182E+22  2.4879E+21  4.9461E+21
4.3333E-16  1.3000E-15  1.3333E-15  1.8333E-15  7.0000E-22  3.0000E-44  3.2000E-45  5.2000E+00  5.3000E+01  1.9256E+22  1.4854E+21  4.8742E+21
4.3333E-16  1.3000E-15  1.3333E-15  3.0556E-15  7.0000E-22  3.0000E-44  3.2000E-45  5.2000E+00  5.3000E+01  1.9340E+22  1.2155E+21  5.0609E+21
3.0000E-16  1.3000E-15  9.0667E-16  2.3222E-15  7.0000E-22  3.0000E-44  3.2000E-45  5.2000E+00  5.3000E+01  2.0857E+22  1.0763E+21  3.6823E+21
3.0000E-16  1.3000E-15  9.0667E-16  1.1000E-15  7.0000E-22  3.0000E-44  3.2000E-45  5.2000E+00  5.3000E+01  2.0747E+22  1.3723E+21  3.4966E+21
6.3333E-16  1.3000E-15  9.0667E-16  1.1000E-15  7.0000E-22  3.0000E-44  3.2000E-45  5.2000E+00  5.3000E+01  1.9363E+22  2.7160E+21  3.5368E+21
6.3333E-16  1.3000E-15  1.4400E-15  1.1000E-15  7.0000E-22  3.0000E-44  3.2000E-45  5.2000E+00  5.3000E+01  1.8276E+22  2.3727E+21  4.9670E+21
5.0000E-16  1.3000E-15  1.3333E-15  2.5667E-15  7.0000E-22  3.0000E-44  3.2000E-45  5.2000E+00  5.3000E+01  1.9095E+22  1.4945E+21  5.0269E+21
8.3333E-16  1.3000E-15  1.3333E-15  2.5667E-15  7.0000E-22  3.0000E-44  3.2000E-45  5.2000E+00  5.3000E+01  1.8083E+22  2.3563E+21  5.1765E+21
8.3333E-16  1.3000E-15  1.3333E-15  1.3444E-15  7.0000E-22  3.0000E-44  3.2000E-45  5.2000E+00  5.3000E+01  1.7891E+22  2.9466E+21  4.7789E+21
8.3333E-16  1.3000E-15  8.0000E-16  1.3444E-15  7.0000E-22  3.0000E-44  3.2000E-45  5.2000E+00  5.3000E+01  1.8892E+22  3.3459E+21  3.3783E+21
4.3333E-16  1.3000E-15  1.0133E-15  3.3000E-15  7.0000E-22  3.0000E-44  3.2000E-45  5.2000E+00  5.3000E+01  2.0136E+22  1.2597E+21  4.2201E+21
4.3333E-16  1.3000E-15  1.0133E-15  2.0778E-15  7.0000E-22  3.0000E-44  3.2000E-45  5.2000E+00  5.3000E+01  2.0040E+22  1.5367E+21  4.0396E+21
4.3333E-16  1.3000E-15  4.8000E-16  2.0778E-15  7.0000E-22  3.0000E-44  3.2000E-45  5.2000E+00  5.3000E+01  2.1423E+22  1.7810E+21  2.4123E+21
7.6667E-16  1.3000E-15  4.8000E-16  2.0778E-15  7.0000E-22  3.0000E-44  3.2000E-45  5.2000E+00  5.3000E+01  2.0007E+22  2.9100E+21  2.6990E+21
6.3333E-16  1.3000E-15  1.1200E-15  1.1000E-15  7.0000E-22  3.0000E-44  3.2000E-45  5.2000E+00  5.3000E+01  1.8920E+22  2.5667E+21  4.1294E+21
6.3333E-16  1.3000E-15  5.8667E-16  1.1000E-15  7.0000E-22  3.0000E-44  3.2000E-45  5.2000E+00  5.3000E+01  2.0045E+22  2.9772E+21  2.5935E+21
3.0000E-16  1.3000E-15  5.8667E-16  1.1000E-15  7.0000E-22  3.0000E-44  3.2000E-45  5.2000E+00  5.3000E+01  2.1616E+22  1.5236E+21  2.4762E+21
3.0000E-16  1.3000E-15  5.8667E-16  2.3222E-15  7.0000E-22  3.0000E-44  3.2000E-45  5.2000E+00  5.3000E+01  2.1764E+22  1.1788E+21  2.6728E+21
5.6667E-16  1.3000E-15  9.0667E-16  2.0778E-15  7.0000E-22  3.0000E-44  3.2000E-45  5.2000E+00  5.3000E+01  1.9798E+22  2.0110E+21  3.8066E+21
9.0000E-16  1.3000E-15  9.0667E-16  2.0778E-15  7.0000E-22  3.0000E-44  3.2000E-45  5.2000E+00  5.3000E+01  1.8640E+22  2.9971E+21  3.9790E+21
9.0000E-16  1.3000E-15  1.4400E-15  2.0778E-15  7.0000E-22  3.0000E-44  3.2000E-45  5.2000E+00  5.3000E+01  1.7628E+22  2.6767E+21  5.3116E+21
9.0000E-16  1.3000E-15  1.4400E-15  3.3000E-15  7.0000E-22  3.0000E-44  3.2000E-45  5.2000E+00  5.3000E+01  1.7769E+22  2.2083E+21  5.6385E+21
5.6667E-16  1.3000E-15  1.0133E-15  2.3222E-15  7.0000E-22  3.0000E-44  3.2000E-45  5.2000E+00  5.3000E+01  1.9581E+22  1.8754E+21  4.1593E+21
9.0000E-16  1.3000E-15  1.0133E-15  2.3222E-15  7.0000E-22  3.0000E-44  3.2000E-45  5.2000E+00  5.3000E+01  1.8477E+22  2.8017E+21  4.3374E+21
9.0000E-16  1.3000E-15  4.8000E-16  2.3222E-15  7.0000E-22  3.0000E-44  3.2000E-45  5.2000E+00  5.3000E+01  1.9563E+22  3.1665E+21  2.8867E+21
9.0000E-16  1.3000E-15  4.8000E-16  1.1000E-15  7.0000E-22  3.0000E-44  3.2000E-45  5.2000E+00  5.3000E+01  1.9135E+22  4.1141E+21  2.3669E+21
5.6667E-16  1.3000E-15  5.8667E-16  2.0778E-15  7.0000E-22  3.0000E-44  3.2000E-45  5.2000E+00  5.3000E+01  2.0566E+22  2.1874E+21  2.8629E+21
5.6667E-16  1.3000E-15  1.1200E-15  2.0778E-15  7.0000E-22  3.0000E-44  3.2000E-45  5.2000E+00  5.3000E+01  1.9309E+22  1.9092E+21  4.3975E+21
5.6667E-16  1.3000E-15  1.1200E-15  3.3000E-15  7.0000E-22  3.0000E-44  3.2000E-45  5.2000E+00  5.3000E+01  1.9424E+22  1.5679E+21  4.6243E+21
9.0000E-16  1.3000E-15  1.1200E-15  3.3000E-15  7.0000E-22  3.0000E-44  3.2000E-45  5.2000E+00  5.3000E+01  1.8400E+22  2.3471E+21  4.8690E+21
9.0000E-16  1.3000E-15  9.0667E-16  1.1000E-15  7.0000E-22  3.0000E-44  3.2000E-45  5.2000E+00  5.3000E+01  1.8376E+22  3.6749E+21  3.5655E+21
5.6667E-16  1.3000E-15  9.0667E-16  1.1000E-15  7.0000E-22  3.0000E-44  3.2000E-45  5.2000E+00  5.3000E+01  1.9626E+22  2.4609E+21  3.5292E+21
5.6667E-16  1.3000E-15  9.0667E-16  2.3222E-15  7.0000E-22  3.0000E-44  3.2000E-45  5.2000E+00  5.3000E+01  1.9831E+22  1.9244E+21  3.8610E+21
5.6667E-16  1.3000E-15  1.4400E-15  2.3222E-15  7.0000E-22  3.0000E-44  3.2000E-45  5.2000E+00  5.3000E+01  1.8632E+22  1.7034E+21  5.2811E+21
3.0000E-16  1.3000E-15  1.0133E-15  1.1000E-15  7.0000E-22  3.0000E-44  3.2000E-45  5.2000E+00  5.3000E+01  2.0469E+22  1.3288E+21  3.8181E+21
3.0000E-16  1.3000E-15  1.0133E-15  2.3222E-15  7.0000E-22  3.0000E-44  3.2000E-45  5.2000E+00  5.3000E+01  2.0570E+22  1.0463E+21  4.0001E+21
3.0000E-16  1.3000E-15  4.8000E-16  2.3222E-15  7.0000E-22  3.0000E-44  3.2000E-45  5.2000E+00  5.3000E+01  2.2081E+22  1.2180E+21  2.3165E+21
6.3333E-16  1.3000E-15  4.8000E-16  2.3222E-15  7.0000E-22  3.0000E-44  3.2000E-45  5.2000E+00  5.3000E+01  2.0597E+22  2.3664E+21  2.6525E+21
3.0000E-16  1.3000E-15  5.8667E-16  2.0778E-15  7.0000E-22  3.0000E-44  3.2000E-45  5.2000E+00  5.3000E+01  2.1741E+22  1.2342E+21  2.6409E+21
3.0000E-16  1.3000E-15  5.8667E-16  3.3000E-15  7.0000E-22  3.0000E-44  3.2000E-45  5.2000E+00  5.3000E+01  2.1839E+22  1.0005E+21  2.7768E+21
3.0000E-16  1.3000E-15  1.1200E-15  3.3000E-15  7.0000E-22  3.0000E-44  3.2000E-45  5.2000E+00  5.3000E+01  2.0336E+22  8.7338E+20  4.4063E+21
6.3333E-16  1.3000E-15  1.1200E-15  3.3000E-15  7.0000E-22  3.0000E-44  3.2000E-45  5.2000E+00  5.3000E+01  1.9209E+22  1.7311E+21  4.6755E+21
9.0000E-16  1.3000E-15  9.0667E-16  2.0778E-15  7.0000E-22  3.0000E-44  3.2000E-45  5.2000E+00  5.3000E+01  1.8640E+22  2.9971E+21  3.9790E+21
9.0000E-16  1.3000E-15  1.4400E-15  2.0778E-15  7.0000E-22  3.0000E-44  3.2000E-45  5.2000E+00  5.3000E+01  1.7628E+22  2.6767E+21  5.3116E+21
9.0000E-16  1.3000E-15  1.4400E-15  3.3000E-15  7.0000E-22  3.0000E-44  3.2000E-45  5.2000E+00  5.3000E+01  1.7769E+22  2.2083E+21  5.6385E+21
5.6667E-16  1.3000E-15  1.4400E-15  3.3000E-15  7.0000E-22  3.0000E-44  3.2000E-45  5.2000E+00  5.3000E+01  1.8701E+22  1.4670E+21  5.4479E+21
5.6667E-16  1.3000E-15  1.0133E-15  2.0778E-15  7.0000E-22  3.0000E-44  3.2000E-45  5.2000E+00  5.3000E+01  1.9552E+22  1.9587E+21  4.1057E+21
5.6667E-16  1.3000E-15  1.0133E-15  3.3000E-15  7.0000E-22  3.0000E-44  3.2000E-45  5.2000E+00  5.3000E+01  1.9675E+22  1.6050E+21  4.3355E+21
5.6667E-16  1.3000E-15  4.8000E-16  3.3000E-15  7.0000E-22  3.0000E-44  3.2000E-45  5.2000E+00  5.3000E+01  2.1017E+22  1.8229E+21  2.7758E+21
9.0000E-16  1.3000E-15  4.8000E-16  3.3000E-15  7.0000E-22  3.0000E-44  3.2000E-45  5.2000E+00  5.3000E+01  1.9766E+22  2.6875E+21  3.1625E+21
7.6667E-16  1.3000E-15  1.3333E-15  2.5667E-15  7.0000E-22  3.0000E-44  3.2000E-45  5.2000E+00  5.3000E+01  1.8277E+22  2.1914E+21  5.1479E+21
4.3333E-16  1.3000E-15  1.3333E-15  2.5667E-15  7.0000E-22  3.0000E-44  3.2000E-45  5.2000E+00  5.3000E+01  1.9311E+22  1.3103E+21  4.9949E+21
4.3333E-16  1.3000E-15  1.3333E-15  1.3444E-15  7.0000E-22  3.0000E-44  3.2000E-45  5.2000E+00  5.3000E+01  1.9210E+22  1.6324E+21  4.7740E+21
4.3333E-16  1.3000E-15  8.0000E-16  1.3444E-15  7.0000E-22  3.0000E-44  3.2000E-45  5.2000E+00  5.3000E+01  2.0474E+22  1.8855E+21  3.2569E+21
5.6667E-16  1.3000E-15  1.1200E-15  3.3000E-15  7.0000E-22  3.0000E-44  3.2000E-45  5.2000E+00  5.3000E+01  1.9424E+22  1.5679E+21  4.6243E+21
5.6667E-16  1.3000E-15  1.1200E-15  2.0778E-15  7.0000E-22  3.0000E-44  3.2000E-45  5.2000E+00  5.3000E+01  1.9309E+22  1.9092E+21  4.3975E+21
9.0000E-16  1.3000E-15  1.1200E-15  2.0778E-15  7.0000E-22  3.0000E-44  3.2000E-45  5.2000E+00  5.3000E+01  1.8226E+22  2.8598E+21  4.5298E+21
9.0000E-16  1.3000E-15  5.8667E-16  2.0778E-15  7.0000E-22  3.0000E-44  3.2000E-45  5.2000E+00  5.3000E+01  1.9280E+22  3.2304E+21  3.1060E+21
3.6667E-16  1.3000E-15  6.9333E-16  2.5667E-15  7.0000E-22  3.0000E-44  3.2000E-45  5.2000E+00  5.3000E+01  2.1188E+22  1.3166E+21  3.1118E+21
7.0000E-16  1.3000E-15  6.9333E-16  2.5667E-15  7.0000E-22  3.0000E-44  3.2000E-45  5.2000E+00  5.3000E+01  1.9875E+22  2.3357E+21  3.4049E+21
7.0000E-16  1.3000E-15  6.9333E-16  1.3444E-15  7.0000E-22  3.0000E-44  3.2000E-45  5.2000E+00  5.3000E+01  1.9615E+22  2.9693E+21  3.0318E+21
7.0000E-16  1.3000E-15  1.2267E-15  1.3444E-15  7.0000E-22  3.0000E-44  3.2000E-45  5.2000E+00  5.3000E+01  1.8522E+22  2.5909E+21  4.5033E+21
7.0000E-16  1.3000E-15  1.1200E-15  2.3222E-15  7.0000E-22  3.0000E-44  3.2000E-45  5.2000E+00  5.3000E+01  1.8894E+22  2.2057E+21  4.5159E+21
7.0000E-16  1.3000E-15  5.8667E-16  2.3222E-15  7.0000E-22  3.0000E-44  3.2000E-45  5.2000E+00  5.3000E+01  2.0079E+22  2.5049E+21  3.0322E+21
7.0000E-16  1.3000E-15  5.8667E-16  1.1000E-15  7.0000E-22  3.0000E-44  3.2000E-45  5.2000E+00  5.3000E+01  1.9758E+22  3.2426E+21  2.6150E+21
3.6667E-16  1.3000E-15  5.8667E-16  1.1000E-15  7.0000E-22  3.0000E-44  3.2000E-45  5.2000E+00  5.3000E+01  2.1282E+22  1.8326E+21  2.5012E+21
8.3333E-16  1.3000E-15  9.0667E-16  3.0556E-15  7.0000E-22  3.0000E-44  3.2000E-45  5.2000E+00  5.3000E+01  1.9017E+22  2.3829E+21  4.2161E+21
8.3333E-16  1.3000E-15  9.0667E-16  1.8333E-15  7.0000E-22  3.0000E-44  3.2000E-45  5.2000E+00  5.3000E+01  1.8810E+22  2.9433E+21  3.8631E+21
5.0000E-16  1.3000E-15  9.0667E-16  1.8333E-15  7.0000E-22  3.0000E-44  3.2000E-45  5.2000E+00  5.3000E+01  2.0017E+22  1.8832E+21  3.7162E+21
5.0000E-16  1.3000E-15  1.4400E-15  1.8333E-15  7.0000E-22  3.0000E-44  3.2000E-45  5.2000E+00  5.3000E+01  1.8798E+22  1.6539E+21  5.1645E+21
9.0000E-16  1.3000E-15  9.0667E-16  3.0556E-15  7.0000E-22  3.0000E-44  3.2000E-45  5.2000E+00  5.3000E+01  1.8807E+22  2.5420E+21  4.2669E+21
9.0000E-16  1.3000E-15  1.4400E-15  3.0556E-15  7.0000E-22  3.0000E-44  3.2000E-45  5.2000E+00  5.3000E+01  1.7746E+22  2.2876E+21  5.5825E+21
5.6667E-16  1.3000E-15  1.4400E-15  3.0556E-15  7.0000E-22  3.0000E-44  3.2000E-45  5.2000E+00  5.3000E+01  1.8686E+22  1.5195E+21  5.4107E+21
5.6667E-16  1.3000E-15  1.4400E-15  1.8333E-15  7.0000E-22  3.0000E-44  3.2000E-45  5.2000E+00  5.3000E+01  1.8586E+22  1.8546E+21  5.1758E+21
7.6667E-16  1.3000E-15  1.3333E-15  1.1000E-15  7.0000E-22  3.0000E-44  3.2000E-45  5.2000E+00  5.3000E+01  1.8049E+22  2.8866E+21  4.6806E+21
7.6667E-16  1.3000E-15  1.3333E-15  2.3222E-15  7.0000E-22  3.0000E-44  3.2000E-45  5.2000E+00  5.3000E+01  1.8248E+22  2.2816E+21  5.0861E+21
4.3333E-16  1.3000E-15  1.3333E-15  2.3222E-15  7.0000E-22  3.0000E-44  3.2000E-45  5.2000E+00  5.3000E+01  1.9294E+22  1.3637E+21  4.9579E+21
4.3333E-16  1.3000E-15  8.0000E-16  2.3222E-15  7.0000E-22  3.0000E-44  3.2000E-45  5.2000E+00  5.3000E+01  2.0603E+22  1.5545E+21  3.4580E+21
9.0000E-16  1.3000E-15  1.2267E-15  3.3000E-15  7.0000E-22  3.0000E-44  3.2000E-45  5.2000E+00  5.3000E+01  1.8186E+22  2.2988E+21  5.1314E+21
9.0000E-16  1.3000E-15  1.2267E-15  2.0778E-15  7.0000E-22  3.0000E-44  3.2000E-45  5.2000E+00  5.3000E+01  1.8024E+22  2.7959E+21  4.7963E+21
9.0000E-16  1.3000E-15  6.9333E-16  2.0778E-15  7.0000E-22  3.0000E-44  3.2000E-45  5.2000E+00  5.3000E+01  1.9064E+22  3.1486E+21  3.4033E+21
5.6667E-16  1.3000E-15  6.9333E-16  2.0778E-15  7.0000E-22  3.0000E-44  3.2000E-45  5.2000E+00  5.3000E+01  2.0306E+22  2.1250E+21  3.1854E+21
9.0000E-16  1.3000E-15  6.9333E-16  2.5667E-15  7.0000E-22  3.0000E-44  3.2000E-45  5.2000E+00  5.3000E+01  1.9171E+22  2.8830E+21  3.5623E+21
9.0000E-16  1.3000E-15  1.2267E-15  2.5667E-15  7.0000E-22  3.0000E-44  3.2000E-45  5.2000E+00  5.3000E+01  1.8098E+22  2.5717E+21  4.9461E+21
5.6667E-16  1.3000E-15  1.2267E-15  2.5667E-15  7.0000E-22  3.0000E-44  3.2000E-45  5.2000E+00  5.3000E+01  1.9120E+22  1.7140E+21  4.7822E+21
5.6667E-16  1.3000E-15  1.2267E-15  1.3444E-15  7.0000E-22  3.0000E-44  3.2000E-45  5.2000E+00  5.3000E+01  1.8977E+22  2.1442E+21  4.4949E+21
3.6667E-16  1.3000E-15  1.0133E-15  3.3000E-15  7.0000E-22  3.0000E-44  3.2000E-45  5.2000E+00  5.3000E+01  2.0376E+22  1.0802E+21  4.1601E+21
3.6667E-16  1.3000E-15  1.0133E-15  2.0778E-15  7.0000E-22  3.0000E-44  3.2000E-45  5.2000E+00  5.3000E+01  2.0293E+22  1.3175E+21  4.0053E+21
3.6667E-16  1.3000E-15  4.8000E-16  2.0778E-15  7.0000E-22  3.0000E-44  3.2000E-45  5.2000E+00  5.3000E+01  2.1734E+22  1.5329E+21  2.3493E+21
7.0000E-16  1.3000E-15  4.8000E-16  2.0778E-15  7.0000E-22  3.0000E-44  3.2000E-45  5.2000E+00  5.3000E+01  2.0273E+22  2.6977E+21  2.6450E+21
3.6667E-16  1.3000E-15  8.0000E-16  1.1000E-15  7.0000E-22  3.0000E-44  3.2000E-45  5.2000E+00  5.3000E+01  2.0726E+22  1.7101E+21  3.1795E+21
3.6667E-16  1.3000E-15  1.3333E-15  1.1000E-15  7.0000E-22  3.0000E-44  3.2000E-45  5.2000E+00  5.3000E+01  1.9423E+22  1.4692E+21  4.7235E+21
7.0000E-16  1.3000E-15  1.3333E-15  1.1000E-15  7.0000E-22  3.0000E-44  3.2000E-45  5.2000E+00  5.3000E+01  1.8266E+22  2.6626E+21  4.6874E+21
7.0000E-16  1.3000E-15  1.3333E-15  2.3222E-15  7.0000E-22  3.0000E-44  3.2000E-45  5.2000E+00  5.3000E+01  1.8448E+22  2.1060E+21  5.0616E+21
3.6667E-16  1.3000E-15  6.9333E-16  1.1000E-15  7.0000E-22  3.0000E-44  3.2000E-45  5.2000E+00  5.3000E+01  2.1002E+22  1.7691E+21  2.8449E+21
7.0000E-16  1.3000E-15  6.9333E-16  1.1000E-15  7.0000E-22  3.0000E-44  3.2000E-45  5.2000E+00  5.3000E+01  1.9540E+22  3.1442E+21  2.9318E+21
7.0000E-16  1.3000E-15  6.9333E-16  2.3222E-15  7.0000E-22  3.0000E-44  3.2000E-45  5.2000E+00  5.3000E+01  1.9834E+22  2.4384E+21  3.3432E+21
7.0000E-16  1.3000E-15  1.2267E-15  2.3222E-15  7.0000E-22  3.0000E-44  3.2000E-45  5.2000E+00  5.3000E+01  1.8669E+22  2.1546E+21  4.7921E+21
