5.493880025840E-15  1.573470830502E-15  5.259809021931E-15  2.200000000000E-15  7.000000000000E-22  3.000000000000E-44  3.200000000000E-45  5.200000000000E+00  5.300000000000E+01  8.604708153646E+21  6.704810504308E+21  1.030639475184E+22
3.519567627800E-15  2.141070995946E-15  5.580491134973E-15  2.200000000000E-15  7.000000000000E-22  3.000000000000E-44  3.200000000000E-45  5.200000000000E+00  5.300000000000E+01  9.971429385231E+21  4.439651959277E+21  1.120353667193E+22
1.953293593311E-15  2.381202350461E-15  5.947289590296E-15  2.200000000000E-15  7.000000000000E-22  3.000000000000E-44  3.200000000000E-45  5.200000000000E+00  5.300000000000E+01  1.096983572020E+22  2.545057433006E+21  1.210272910213E+22
5.989643114334E-15  1.963493612463E-15  7.381531228248E-15  2.200000000000E-15  7.000000000000E-22  3.000000000000E-44  3.200000000000E-45  5.200000000000E+00  5.300000000000E+01  7.677280076764E+21  5.958976224391E+21  1.197963853775E+22
2.415076262634E-15  7.587752201015E-15  7.437221137638E-15  2.200000000000E-15  7.000000000000E-22  3.000000000000E-44  3.200000000000E-45  5.200000000000E+00  5.300000000000E+01  1.021105140890E+22  1.774126124414E+21  1.363074235014E+22
1.821750548150E-15  4.319281773665E-15  3.323560173334E-15  2.200000000000E-15  7.000000000000E-22  3.000000000000E-44  3.200000000000E-45  5.200000000000E+00  5.300000000000E+01  1.405063050044E+22  2.602641022458E+21  8.963772515114E+21
5.973193165240E-15  7.076865900184E-15  7.175632101540E-15  2.200000000000E-15  7.000000000000E-22  3.000000000000E-44  3.200000000000E-45  5.200000000000E+00  5.300000000000E+01  8.959503446668E+21  4.100438479087E+21  1.255510347675E+22
1.946628364762E-15  3.537660515364E-15  6.161721957759E-15  2.200000000000E-15  7.000000000000E-22  3.000000000000E-44  3.200000000000E-45  5.200000000000E+00  5.300000000000E+01  1.099438612605E+22  2.218992227669E+21  1.240253950692E+22
5.894900939112E-15  1.114817694784E-14  7.615831228087E-15  2.200000000000E-15  7.000000000000E-22  3.000000000000E-44  3.200000000000E-45  5.200000000000E+00  5.300000000000E+01  9.241541806087E+21  3.151182096042E+21  1.322540740862E+22
2.025737982414E-15  1.214915111484E-14  1.243442778535E-15  2.200000000000E-15  7.000000000000E-22  3.000000000000E-44  3.200000000000E-45  5.200000000000E+00  5.300000000000E+01  1.856602257045E+22  2.239449218103E+21  4.810541020986E+21
