1.2000E-15  1.3000E-15  7.6800E-15  2.2000E-15  7.0000E-22  3.0000E-44  3.2000E-45  5.2000E+00  5.3000E+01  1.0140E+22  1.5880E+21  1.3888E+22
6.0000E-16  1.3000E-15  1.9200E-15  2.2000E-15  7.0000E-22  3.0000E-44  3.2000E-45  5.2000E+00  5.3000E+01  1.7555E+22  1.6622E+21  6.3988E+21
6.0000E-16  1.3000E-15  8.6400E-15  2.2000E-15  7.0000E-22  3.0000E-44  3.2000E-45  5.2000E+00  5.3000E+01  9.9354E+21  7.5763E+20  1.4923E+22
2.4000E-15  1.3000E-15  7.6800E-15  2.2000E-15  7.0000E-22  3.0000E-44  3.2000E-45  5.2000E+00  5.3000E+01  9.2944E+21  2.9872E+21  1.3332E+22
4.2000E-15  1.3000E-15  6.7200E-15  2.2000E-15  7.0000E-22  3.0000E-44  3.2000E-45  5.2000E+00  5.3000E+01  8.6360E+21  5.1040E+21  1.1876E+22
6.0000E-15  1.3000E-15  3.8400E-15  2.2000E-15  7.0000E-22  3.0000E-44  3.2000E-45  5.2000E+00  5.3000E+01  8.7185E+21  8.0811E+21  8.8157E+21
4.8000E-15  1.3000E-15  8.6400E-15  2.2000E-15  7.0000E-22  3.0000E-44  3.2000E-45  5.2000E+00  5.3000E+01  7.5512E+21  4.9898E+21  1.3075E+22
4.8000E-15  1.3000E-15  7.6800E-15  2.2000E-15  7.0000E-22  3.0000E-44  3.2000E-45  5.2000E+00  5.3000E+01  7.9036E+21  5.2991E+21  1.2413E+22
3.0000E-15  1.3000E-15  1.9200E-15  2.2000E-15  7.0000E-22  3.0000E-44  3.2000E-45  5.2000E+00  5.3000E+01  1.2817E+22  6.2199E+21  6.5798E+21
6.0000E-15  1.3000E-15  7.6800E-15  2.2000E-15  7.0000E-22  3.0000E-44  3.2000E-45  5.2000E+00  5.3000E+01  7.3316E+21  6.2513E+21  1.2033E+22
4.2000E-15  1.3000E-15  6.7200E-15  2.2000E-15  7.0000E-22  3.0000E-44  3.2000E-45  5.2000E+00  5.3000E+01  8.6360E+21  5.1040E+21  1.1876E+22
6.0000E-15  1.3000E-15  9.6000E-16  2.2000E-15  7.0000E-22  3.0000E-44  3.2000E-45  5.2000E+00  5.3000E+01  9.9041E+21  1.0202E+22  5.5101E+21
3.0000E-15  1.3000E-15  5.7600E-15  2.2000E-15  7.0000E-22  3.0000E-44  3.2000E-45  5.2000E+00  5.3000E+01  9.9786E+21  4.2086E+21  1.1427E+22
3.6000E-15  1.3000E-15  6.7200E-15  2.2000E-15  7.0000E-22  3.0000E-44  3.2000E-45  5.2000E+00  5.3000E+01  9.0140E+21  4.5200E+21  1.2082E+22
6.0000E-16  1.3000E-15  8.6400E-15  2.2000E-15  7.0000E-22  3.0000E-44  3.2000E-45  5.2000E+00  5.3000E+01  9.9354E+21  7.5763E+20  1.4923E+22
4.8000E-15  1.3000E-15  4.8000E-15  2.2000E-15  7.0000E-22  3.0000E-44  3.2000E-45  5.2000E+00  5.3000E+01  9.1324E+21  6.5001E+21  9.9816E+21
6.0000E-16  1.3000E-15  6.7200E-15  2.2000E-15  7.0000E-22  3.0000E-44  3.2000E-45  5.2000E+00  5.3000E+01  2.0419E+22  2.2377E+21  2.9596E+21
2.4000E-15  1.3000E-15  9.6000E-16  2.2000E-15  7.0000E-22  3.0000E-44  3.2000E-45  5.2000E+00  5.3000E+01  1.3276E+22  4.9901E+21  7.3500E+21
2.4000E-15  1.3000E-15  2.8800E-15  2.2000E-15  7.0000E-22  3.0000E-44  3.2000E-45  5.2000E+00  5.3000E+01  1.3276E+22  4.9901E+21  7.3500E+21
4.8000E-15  1.3000E-15  4.8000E-15  2.2000E-15  7.0000E-22  3.0000E-44  3.2000E-45  5.2000E+00  5.3000E+01  9.1324E+21  6.5001E+21  9.9816E+21
4.2000E-15  1.3000E-15  6.7200E-15  2.2000E-15  7.0000E-22  3.0000E-44  3.2000E-45  5.2000E+00  5.3000E+01  9.9051E+21  6.2208E+21  9.4893E+21
3.6000E-15  1.3000E-15  5.7600E-15  2.2000E-15  7.0000E-22  3.0000E-44  3.2000E-45  5.2000E+00  5.3000E+01  1.0820E+22  5.8891E+21  8.9068E+21
6.0000E-15  1.3000E-15  4.8000E-15  2.2000E-15  7.0000E-22  3.0000E-44  3.2000E-45  5.2000E+00  5.3000E+01  7.9001E+21  6.9459E+21  1.0770E+22
3.0000E-15  1.3000E-15  9.6000E-16  2.2000E-15  7.0000E-22  3.0000E-44  3.2000E-45  5.2000E+00  5.3000E+01  1.1922E+22  5.4876E+21  8.2070E+21
2.4000E-15  1.3000E-15  7.6800E-15  2.2000E-15  7.0000E-22  3.0000E-44  3.2000E-45  5.2000E+00  5.3000E+01  1.3276E+22  4.9901E+21  7.3500E+21
5.4000E-15  1.3000E-15  3.8400E-15  2.2000E-15  7.0000E-22  3.0000E-44  3.2000E-45  5.2000E+00  5.3000E+01  8.4722E+21  6.7393E+21  1.0404E+22
1.8000E-15  1.3000E-15  9.6000E-15  2.2000E-15  7.0000E-22  3.0000E-44  3.2000E-45  5.2000E+00  5.3000E+01  1.4989E+22  4.3527E+21  6.2744E+21
1.2000E-15  1.3000E-15  3.8400E-15  2.2000E-15  7.0000E-22  3.0000E-44  3.2000E-45  5.2000E+00  5.3000E+01  1.7244E+22  3.4948E+21  4.8771E+21
5.4000E-15  1.3000E-15  9.6000E-16  2.2000E-15  7.0000E-22  3.0000E-44  3.2000E-45  5.2000E+00  5.3000E+01  8.4722E+21  6.7393E+21  1.0404E+22
4.8000E-15  1.3000E-15  3.8400E-15  2.2000E-15  7.0000E-22  3.0000E-44  3.2000E-45  5.2000E+00  5.3000E+01  9.1324E+21  6.5001E+21  9.9816E+21
3.0000E-15  1.3000E-15  5.7600E-15  2.2000E-15  7.0000E-22  3.0000E-44  3.2000E-45  5.2000E+00  5.3000E+01  1.1922E+22  5.4876E+21  8.2070E+21
6.0000E-16  1.3000E-15  2.8800E-15  2.2000E-15  7.0000E-22  3.0000E-44  3.2000E-45  5.2000E+00  5.3000E+01  2.0419E+22  2.2377E+21  2.9596E+21
4.2000E-15  1.3000E-15  9.6000E-16  2.2000E-15  7.0000E-22  3.0000E-44  3.2000E-45  5.2000E+00  5.3000E+01  9.9051E+21  6.2208E+21  9.4893E+21
3.0000E-15  1.3000E-15  1.9200E-15  2.2000E-15  7.0000E-22  3.0000E-44  3.2000E-45  5.2000E+00  5.3000E+01  1.1922E+22  5.4876E+21  8.2070E+21
1.8000E-15  1.3000E-15  9.6000E-16  2.2000E-15  7.0000E-22  3.0000E-44  3.2000E-45  5.2000E+00  5.3000E+01  1.4989E+22  4.3527E+21  6.2744E+21
3.6000E-15  1.3000E-15  7.6800E-15  2.2000E-15  7.0000E-22  3.0000E-44  3.2000E-45  5.2000E+00  5.3000E+01  1.0820E+22  5.8891E+21  8.9068E+21
3.6000E-15  1.3000E-15  9.6000E-15  2.2000E-15  7.0000E-22  3.0000E-44  3.2000E-45  5.2000E+00  5.3000E+01  1.0820E+22  5.8891E+21  8.9068E+21
1.8000E-15  1.3000E-15  9.6000E-15  2.2000E-15  7.0000E-22  3.0000E-44  3.2000E-45  5.2000E+00  5.3000E+01  1.4989E+22  4.3527E+21  6.2744E+21
2.4000E-15  1.3000E-15  9.6000E-15  2.2000E-15  7.0000E-22  3.0000E-44  3.2000E-45  5.2000E+00  5.3000E+01  1.3276E+22  4.9901E+21  7.3500E+21
3.0000E-15  1.3000E-15  8.6400E-15  2.2000E-15  7.0000E-22  3.0000E-44  3.2000E-45  5.2000E+00  5.3000E+01  1.1922E+22  5.4876E+21  8.2070E+21
6.0000E-16  1.3000E-15  9.6000E-16  2.2000E-15  7.0000E-22  3.0000E-44  3.2000E-45  5.2000E+00  5.3000E+01  2.0419E+22  2.2377E+21  2.9596E+21
1.8000E-15  1.3000E-15  4.8000E-15  2.2000E-15  7.0000E-22  3.0000E-44  3.2000E-45  5.2000E+00  5.3000E+01  1.4989E+22  4.3527E+21  6.2744E+21
1.2000E-15  1.3000E-15  3.8400E-15  2.2000E-15  7.0000E-22  3.0000E-44  3.2000E-45  5.2000E+00  5.3000E+01  1.7244E+22  3.4948E+21  4.8771E+21
4.2000E-15  1.3000E-15  4.8000E-15  2.2000E-15  7.0000E-22  3.0000E-44  3.2000E-45  5.2000E+00  5.3000E+01  9.9051E+21  6.2208E+21  9.4893E+21
3.0000E-15  1.3000E-15  5.7600E-15  2.2000E-15  7.0000E-22  3.0000E-44  3.2000E-45  5.2000E+00  5.3000E+01  1.1922E+22  5.4876E+21  8.2070E+21
4.8000E-15  1.3000E-15  3.8400E-15  2.2000E-15  7.0000E-22  3.0000E-44  3.2000E-45  5.2000E+00  5.3000E+01  9.1324E+21  6.5001E+21  9.9816E+21
3.6000E-15  1.3000E-15  1.9200E-15  2.2000E-15  7.0000E-22  3.0000E-44  3.2000E-45  5.2000E+00  5.3000E+01  1.0820E+22  5.8891E+21  8.9068E+21
4.8000E-15  1.3000E-15  9.6000E-15  2.2000E-15  7.0000E-22  3.0000E-44  3.2000E-45  5.2000E+00  5.3000E+01  9.1324E+21  6.5001E+21  9.9816E+21
5.4000E-15  1.3000E-15  2.8800E-15  2.2000E-15  7.0000E-22  3.0000E-44  3.2000E-45  5.2000E+00  5.3000E+01  8.4722E+21  6.7393E+21  1.0404E+22
6.0000E-16  1.3000E-15  2.8800E-15  2.2000E-15  7.0000E-22  3.0000E-44  3.2000E-45  5.2000E+00  5.3000E+01  2.0419E+22  2.2377E+21  2.9596E+21
1.8000E-15  1.3000E-15  6.7200E-15  2.2000E-15  7.0000E-22  3.0000E-44  3.2000E-45  5.2000E+00  5.3000E+01  1.4989E+22  4.3527E+21  6.2744E+21
5.4000E-15  1.3000E-15  2.8800E-15  2.2000E-15  7.0000E-22  3.0000E-44  3.2000E-45  5.2000E+00  5.3000E+01  8.4722E+21  6.7393E+21  1.0404E+22
1.8000E-15  1.3000E-15  7.6800E-15  2.2000E-15  7.0000E-22  3.0000E-44  3.2000E-45  5.2000E+00  5.3000E+01  1.4989E+22  4.3527E+21  6.2744E+21
6.0000E-15  1.3000E-15  1.9200E-15  2.2000E-15  7.0000E-22  3.0000E-44  3.2000E-45  5.2000E+00  5.3000E+01  7.9001E+21  6.9459E+21  1.0770E+22
2.4000E-15  1.3000E-15  5.7600E-15  2.2000E-15  7.0000E-22  3.0000E-44  3.2000E-45  5.2000E+00  5.3000E+01  1.3276E+22  4.9901E+21  7.3500E+21
3.0000E-15  1.3000E-15  3.8400E-15  2.2000E-15  7.0000E-22  3.0000E-44  3.2000E-45  5.2000E+00  5.3000E+01  1.1922E+22  5.4876E+21  8.2070E+21
6.0000E-15  1.3000E-15  6.7200E-15  2.2000E-15  7.0000E-22  3.0000E-44  3.2000E-45  5.2000E+00  5.3000E+01  7.9001E+21  6.9459E+21  1.0770E+22
1.8000E-15  1.3000E-15  6.7200E-15  2.2000E-15  7.0000E-22  3.0000E-44  3.2000E-45  5.2000E+00  5.3000E+01  1.4989E+22  4.3527E+21  6.2744E+21
5.4000E-15  1.3000E-15  6.7200E-15  2.2000E-15  7.0000E-22  3.0000E-44  3.2000E-45  5.2000E+00  5.3000E+01  8.4722E+21  6.7393E+21  1.0404E+22
3.6000E-15  1.3000E-15  2.8800E-15  2.2000E-15  7.0000E-22  3.0000E-44  3.2000E-45  5.2000E+00  5.3000E+01  1.0820E+22  5.8891E+21  8.9068E+21
6.0000E-16  1.3000E-15  1.9200E-15  2.2000E-15  7.0000E-22  3.0000E-44  3.2000E-45  5.2000E+00  5.3000E+01  2.0419E+22  2.2377E+21  2.9596E+21
4.8000E-15  1.3000E-15  4.8000E-15  2.2000E-15  7.0000E-22  3.0000E-44  3.2000E-45  5.2000E+00  5.3000E+01  9.1324E+21  6.5001E+21  9.9816E+21
1.8000E-15  1.3000E-15  4.8000E-15  2.2000E-15  7.0000E-22  3.0000E-44  3.2000E-45  5.2000E+00  5.3000E+01  1.4989E+22  4.3527E+21  6.2744E+21
3.6000E-15  1.3000E-15  9.6000E-15  2.2000E-15  7.0000E-22  3.0000E-44  3.2000E-45  5.2000E+00  5.3000E+01  1.0820E+22  5.8891E+21  8.9068E+21
4.2000E-15  1.3000E-15  8.6400E-15  2.2000E-15  7.0000E-22  3.0000E-44  3.2000E-45  5.2000E+00  5.3000E+01  9.9051E+21  6.2208E+21  9.4893E+21
6.0000E-16  1.3000E-15  5.7600E-15  2.2000E-15  7.0000E-22  3.0000E-44  3.2000E-45  5.2000E+00  5.3000E+01  2.0419E+22  2.2377E+21  2.9596E+21
1.2000E-15  1.3000E-15  8.6400E-15  2.2000E-15  7.0000E-22  3.0000E-44  3.2000E-45  5.2000E+00  5.3000E+01  1.7244E+22  3.4948E+21  4.8771E+21
5.4000E-15  1.3000E-15  3.8400E-15  2.2000E-15  7.0000E-22  3.0000E-44  3.2000E-45  5.2000E+00  5.3000E+01  8.4722E+21  6.7393E+21  1.0404E+22
1.2000E-15  1.3000E-15  9.6000E-15  2.2000E-15  7.0000E-22  3.0000E-44  3.2000E-45  5.2000E+00  5.3000E+01  1.7244E+22  3.4948E+21  4.8771E+21
5.4000E-15  1.3000E-15  9.6000E-16  2.2000E-15  7.0000E-22  3.0000E-44  3.2000E-45  5.2000E+00  5.3000E+01  8.4722E+21  6.7393E+21  1.0404E+22
1.8000E-15  1.3000E-15  1.9200E-15  2.2000E-15  7.0000E-22  3.0000E-44  3.2000E-45  5.2000E+00  5.3000E+01  1.4989E+22  4.3527E+21  6.2744E+21
5.4000E-15  1.3000E-15  8.6400E-15  2.2000E-15  7.0000E-22  3.0000E-44  3.2000E-45  5.2000E+00  5.3000E+01  8.4722E+21  6.7393E+21  1.0404E+22
2.4000E-15  1.3000E-15  9.6000E-16  2.2000E-15  7.0000E-22  3.0000E-44  3.2000E-45  5.2000E+00  5.3000E+01  1.3276E+22  4.9901E+21  7.3500E+21
4.2000E-15  1.3000E-15  2.8800E-15  2.2000E-15  7.0000E-22  3.0000E-44  3.2000E-45  5.2000E+00  5.3000E+01  9.9051E+21  6.2208E+21  9.4893E+21
6.0000E-15  1.3000E-15  4.8000E-15  2.2000E-15  7.0000E-22  3.0000E-44  3.2000E-45  5.2000E+00  5.3000E+01  7.9001E+21  6.9459E+21  1.0770E+22
5.4000E-15  1.3000E-15  5.7600E-15  2.2000E-15  7.0000E-22  3.0000E-44  3.2000E-45  5.2000E+00  5.3000E+01  8.4722E+21  6.7393E+21  1.0404E+22
3.6000E-15  1.3000E-15  8.6400E-15  2.2000E-15  7.0000E-22  3.0000E-44  3.2000E-45  5.2000E+00  5.3000E+01  1.0820E+22  5.8891E+21  8.9068E+21
4.8000E-15  1.3000E-15  8.6400E-15  2.2000E-15  7.0000E-22  3.0000E-44  3.2000E-45  5.2000E+00  5.3000E+01  9.1324E+21  6.5001E+21  9.9816E+21
4.8000E-15  1.3000E-15  9.6000E-16  2.2000E-15  7.0000E-22  3.0000E-44  3.2000E-45  5.2000E+00  5.3000E+01  9.1324E+21  6.5001E+21  9.9816E+21
2.4000E-15  1.3000E-15  1.9200E-15  2.2000E-15  7.0000E-22  3.0000E-44  3.2000E-45  5.2000E+00  5.3000E+01  1.3276E+22  4.9901E+21  7.3500E+21
3.6000E-15  1.3000E-15  4.8000E-15  2.2000E-15  7.0000E-22  3.0000E-44  3.2000E-45  5.2000E+00  5.3000E+01  1.0820E+22  5.8891E+21  8.9068E+21
4.2000E-15  1.3000E-15  7.6800E-15  2.2000E-15  7.0000E-22  3.0000E-44  3.2000E-45  5.2000E+00  5.3000E+01  9.9051E+21  6.2208E+21  9.4893E+21
1.2000E-15  1.3000E-15  3.8400E-15  2.2000E-15  7.0000E-22  3.0000E-44  3.2000E-45  5.2000E+00  5.3000E+01  1.7244E+22  3.4948E+21  4.8771E+21
6.0000E-15  1.3000E-15  9.6000E-15  2.2000E-15  7.0000E-22  3.0000E-44  3.2000E-45  5.2000E+00  5.3000E+01  7.9001E+21  6.9459E+21  1.0770E+22
1.2000E-15  1.3000E-15  7.6800E-15  2.2000E-15  7.0000E-22  3.0000E-44  3.2000E-45  5.2000E+00  5.3000E+01  1.7244E+22  3.4948E+21  4.8771E+21
1.2000E-15  1.3000E-15  5.7600E-15  2.2000E-15  7.0000E-22  3.0000E-44  3.2000E-45  5.2000E+00  5.3000E+01  1.7244E+22  3.4948E+21  4.8771E+21
4.2000E-15  1.3000E-15  9.6000E-15  2.2000E-15  7.0000E-22  3.0000E-44  3.2000E-45  5.2000E+00  5.3000E+01  9.9051E+21  6.2208E+21  9.4893E+21
5.4000E-15  1.3000E-15  6.7200E-15  2.2000E-15  7.0000E-22  3.0000E-44  3.2000E-45  5.2000E+00  5.3000E+01  8.4722E+21  6.7393E+21  1.0404E+22
6.0000E-16  1.3000E-15  5.7600E-15  2.2000E-15  7.0000E-22  3.0000E-44  3.2000E-45  5.2000E+00  5.3000E+01  2.0419E+22  2.2377E+21  2.9596E+21
2.4000E-15  1.3000E-15  3.8400E-15  2.2000E-15  7.0000E-22  3.0000E-44  3.2000E-45  5.2000E+00  5.3000E+01  1.3276E+22  4.9901E+21  7.3500E+21
3.6000E-15  1.3000E-15  8.6400E-15  2.2000E-15  7.0000E-22  3.0000E-44  3.2000E-45  5.2000E+00  5.3000E+01  1.0820E+22  5.8891E+21  8.9068E+21
1.8000E-15  1.3000E-15  1.9200E-15  2.2000E-15  7.0000E-22  3.0000E-44  3.2000E-45  5.2000E+00  5.3000E+01  1.4989E+22  4.3527E+21  6.2744E+21
6.0000E-15  1.3000E-15  2.8800E-15  2.2000E-15  7.0000E-22  3.0000E-44  3.2000E-45  5.2000E+00  5.3000E+01  7.9001E+21  6.9459E+21  1.0770E+22
4.2000E-15  1.3000E-15  5.7600E-15  2.2000E-15  7.0000E-22  3.0000E-44  3.2000E-45  5.2000E+00  5.3000E+01  9.9051E+21  6.2208E+21  9.4893E+21
1.2000E-15  1.3000E-15  9.6000E-15  2.2000E-15  7.0000E-22  3.0000E-44  3.2000E-45  5.2000E+00  5.3000E+01  1.7244E+22  3.4948E+21  4.8771E+21
6.0000E-15  1.3000E-15  7.6800E-15  2.2000E-15  7.0000E-22  3.0000E-44  3.2000E-45  5.2000E+00  5.3000E+01  7.9001E+21  6.9459E+21  1.0770E+22
1.2000E-15  1.3000E-15  1.9200E-15  2.2000E-15  7.0000E-22  3.0000E-44  3.2000E-45  5.2000E+00  5.3000E+01  1.7244E+22  3.4948E+21  4.8771E+21
3.0000E-15  1.3000E-15  2.8800E-15  2.2000E-15  7.0000E-22  3.0000E-44  3.2000E-45  5.2000E+00  5.3000E+01  1.1922E+22  5.4876E+21  8.2070E+21
3.0000E-15  1.3000E-15  4.8000E-15  2.2000E-15  7.0000E-22  3.0000E-44  3.2000E-45  5.2000E+00  5.3000E+01  1.1922E+22  5.4876E+21  8.2070E+21
2.4000E-15  1.3000E-15  2.8800E-15  2.2000E-15  7.0000E-22  3.0000E-44  3.2000E-45  5.2000E+00  5.3000E+01  1.3276E+22  4.9901E+21  7.3500E+21
