1.3200E-15  1.3000E-15  7.0080E-15  2.2000E-15  7.0000E-22  3.0000E-44  3.2000E-45  5.2000E+00  5.3000E+01  1.0018E+22  2.3324E+21  1.3267E+22
3.0600E-15  1.3000E-15  1.3440E-15  2.2000E-15  7.0000E-22  3.0000E-44  3.2000E-45  5.2000E+00  5.3000E+01  1.2217E+22  6.5395E+21  6.8601E+21
3.6600E-15  1.3000E-15  8.6400E-15  2.2000E-15  7.0000E-22  3.0000E-44  3.2000E-45  5.2000E+00  5.3000E+01  7.9604E+21  4.1732E+21  1.3482E+22
2.6400E-15  1.3000E-15  7.2000E-15  2.2000E-15  7.0000E-22  3.0000E-44  3.2000E-45  5.2000E+00  5.3000E+01  9.0772E+21  3.6398E+21  1.2899E+22
1.0200E-15  1.3000E-15  6.3360E-15  2.2000E-15  7.0000E-22  3.0000E-44  3.2000E-45  5.2000E+00  5.3000E+01  1.0663E+22  2.0951E+21  1.2858E+22
4.2000E-15  1.3000E-15  3.4560E-15  2.2000E-15  7.0000E-22  3.0000E-44  3.2000E-45  5.2000E+00  5.3000E+01  9.8749E+21  6.4902E+21  9.2502E+21
5.8800E-15  1.3000E-15  8.5440E-15  2.2000E-15  7.0000E-22  3.0000E-44  3.2000E-45  5.2000E+00  5.3000E+01  7.0790E+21  5.8311E+21  1.2706E+22
4.0800E-15  1.3000E-15  7.5840E-15  2.2000E-15  7.0000E-22  3.0000E-44  3.2000E-45  5.2000E+00  5.3000E+01  8.1542E+21  4.7918E+21  1.2670E+22
5.7000E-15  1.3000E-15  1.5360E-15  2.2000E-15  7.0000E-22  3.0000E-44  3.2000E-45  5.2000E+00  5.3000E+01  9.5814E+21  8.9140E+21  7.1209E+21
1.8000E-15  1.3000E-15  7.6800E-15  2.2000E-15  7.0000E-22  3.0000E-44  3.2000E-45  5.2000E+00  5.3000E+01  9.3450E+21  2.7089E+21  1.3561E+22
5.2200E-15  1.3000E-15  5.9520E-15  2.2000E-15  7.0000E-22  3.0000E-44  3.2000E-45  5.2000E+00  5.3000E+01  8.1840E+21  6.2479E+21  1.1184E+22
5.4000E-15  1.3000E-15  6.7200E-16  2.2000E-15  7.0000E-22  3.0000E-44  3.2000E-45  5.2000E+00  5.3000E+01  1.0189E+22  9.3028E+21  6.1242E+21
4.5000E-15  1.3000E-15  5.1840E-15  2.2000E-15  7.0000E-22  3.0000E-44  3.2000E-45  5.2000E+00  5.3000E+01  8.8739E+21  5.9741E+21  1.0768E+22
1.5600E-15  1.3000E-15  6.1440E-15  2.2000E-15  7.0000E-22  3.0000E-44  3.2000E-45  5.2000E+00  5.3000E+01  1.0372E+22  2.7563E+21  1.2488E+22
2.4600E-15  1.3000E-15  8.2560E-15  2.2000E-15  7.0000E-22  3.0000E-44  3.2000E-45  5.2000E+00  5.3000E+01  8.6984E+21  3.2285E+21  1.3689E+22
4.8000E-16  1.3000E-15  4.0320E-15  2.2000E-15  7.0000E-22  3.0000E-44  3.2000E-45  5.2000E+00  5.3000E+01  1.3052E+22  1.7828E+21  1.0784E+22
4.2600E-15  1.3000E-15  6.2400E-15  2.2000E-15  7.0000E-22  3.0000E-44  3.2000E-45  5.2000E+00  5.3000E+01  8.5789E+21  5.3723E+21  1.1665E+22
3.8400E-15  1.3000E-15  3.8400E-16  2.2000E-15  7.0000E-22  3.0000E-44  3.2000E-45  5.2000E+00  5.3000E+01  1.1903E+22  8.1322E+21  5.5815E+21
8.4000E-16  1.3000E-15  2.6880E-15  2.2000E-15  7.0000E-22  3.0000E-44  3.2000E-45  5.2000E+00  5.3000E+01  1.3979E+22  2.6899E+21  8.9481E+21
2.8800E-15  1.3000E-15  4.8000E-15  2.2000E-15  7.0000E-22  3.0000E-44  3.2000E-45  5.2000E+00  5.3000E+01  1.0169E+22  4.5888E+21  1.0857E+22
4.2000E-16  1.3000E-15  6.7200E-15  2.2000E-15  7.0000E-22  3.0000E-44  3.2000E-45  5.2000E+00  5.3000E+01  1.0864E+22  1.3206E+21  1.3431E+22
3.3600E-15  1.3000E-15  4.8960E-15  2.2000E-15  7.0000E-22  3.0000E-44  3.2000E-45  5.2000E+00  5.3000E+01  9.7619E+21  5.0474E+21  1.0805E+22
2.4000E-15  1.3000E-15  4.1280E-15  2.2000E-15  7.0000E-22  3.0000E-44  3.2000E-45  5.2000E+00  5.3000E+01  1.0973E+22  4.3161E+21  1.0326E+22
1.5000E-15  1.3000E-15  9.6000E-16  2.2000E-15  7.0000E-22  3.0000E-44  3.2000E-45  5.2000E+00  5.3000E+01  1.4834E+22  4.5911E+21  6.1909E+21
2.4000E-16  1.3000E-15  6.8160E-15  2.2000E-15  7.0000E-22  3.0000E-44  3.2000E-45  5.2000E+00  5.3000E+01  1.0935E+22  1.0895E+21  1.3592E+22
4.1400E-15  1.3000E-15  3.2640E-15  2.2000E-15  7.0000E-22  3.0000E-44  3.2000E-45  5.2000E+00  5.3000E+01  1.0011E+22  6.5350E+21  9.0693E+21
4.3800E-15  1.3000E-15  8.8320E-15  2.2000E-15  7.0000E-22  3.0000E-44  3.2000E-45  5.2000E+00  5.3000E+01  7.5819E+21  4.6918E+21  1.3342E+22
7.2000E-16  1.3000E-15  3.7440E-15  2.2000E-15  7.0000E-22  3.0000E-44  3.2000E-45  5.2000E+00  5.3000E+01  1.3044E+22  2.2079E+21  1.0365E+22
1.1400E-15  1.3000E-15  2.8800E-16  2.2000E-15  7.0000E-22  3.0000E-44  3.2000E-45  5.2000E+00  5.3000E+01  1.6375E+22  4.3964E+21  4.8445E+21
3.4800E-15  1.3000E-15  3.5520E-15  2.2000E-15  7.0000E-22  3.0000E-44  3.2000E-45  5.2000E+00  5.3000E+01  1.0395E+22  5.7427E+21  9.4781E+21
2.7000E-15  1.3000E-15  5.3760E-15  2.2000E-15  7.0000E-22  3.0000E-44  3.2000E-45  5.2000E+00  5.3000E+01  9.9786E+21  4.2086E+21  1.1427E+22
4.8600E-15  1.3000E-15  2.0160E-15  2.2000E-15  7.0000E-22  3.0000E-44  3.2000E-45  5.2000E+00  5.3000E+01  1.0041E+22  7.9049E+21  7.6707E+21
4.6200E-15  1.3000E-15  1.9200E-16  2.2000E-15  7.0000E-22  3.0000E-44  3.2000E-45  5.2000E+00  5.3000E+01  1.1137E+22  9.0374E+21  5.4414E+21
3.9000E-15  1.3000E-15  1.9200E-15  2.2000E-15  7.0000E-22  3.0000E-44  3.2000E-45  5.2000E+00  5.3000E+01  1.0944E+22  7.0714E+21  7.6012E+21
4.9800E-15  1.3000E-15  4.8000E-16  2.2000E-15  7.0000E-22  3.0000E-44  3.2000E-45  5.2000E+00  5.3000E+01  1.0651E+22  9.1088E+21  5.8564E+21
5.7600E-15  1.3000E-15  7.4880E-15  2.2000E-15  7.0000E-22  3.0000E-44  3.2000E-45  5.2000E+00  5.3000E+01  7.4311E+21  6.0855E+21  1.2099E+22
5.1600E-15  1.3000E-15  9.3120E-15  2.2000E-15  7.0000E-22  3.0000E-44  3.2000E-45  5.2000E+00  5.3000E+01  7.1279E+21  5.1272E+21  1.3361E+22
3.1800E-15  1.3000E-15  9.2160E-15  2.2000E-15  7.0000E-22  3.0000E-44  3.2000E-45  5.2000E+00  5.3000E+01  7.9628E+21  3.6587E+21  1.3994E+22
5.6400E-15  1.3000E-15  9.4080E-15  2.2000E-15  7.0000E-22  3.0000E-44  3.2000E-45  5.2000E+00  5.3000E+01  6.9296E+21  5.4204E+21  1.3266E+22
9.0000E-16  1.3000E-15  7.9680E-15  2.2000E-15  7.0000E-22  3.0000E-44  3.2000E-45  5.2000E+00  5.3000E+01  9.7401E+21  1.7242E+21  1.4152E+22
6.6000E-16  1.3000E-15  5.7600E-16  2.2000E-15  7.0000E-22  3.0000E-44  3.2000E-45  5.2000E+00  5.3000E+01  1.7043E+22  3.2490E+21  5.3242E+21
1.9800E-15  1.3000E-15  4.2240E-15  2.2000E-15  7.0000E-22  3.0000E-44  3.2000E-45  5.2000E+00  5.3000E+01  1.1297E+22  3.7877E+21  1.0531E+22
3.1200E-15  1.3000E-15  3.6480E-15  2.2000E-15  7.0000E-22  3.0000E-44  3.2000E-45  5.2000E+00  5.3000E+01  1.0646E+22  5.3156E+21  9.6535E+21
5.8200E-15  1.3000E-15  4.4160E-15  2.2000E-15  7.0000E-22  3.0000E-44  3.2000E-45  5.2000E+00  5.3000E+01  8.4055E+21  7.3609E+21  9.8474E+21
5.1000E-15  1.3000E-15  4.9920E-15  2.2000E-15  7.0000E-22  3.0000E-44  3.2000E-45  5.2000E+00  5.3000E+01  8.6048E+21  6.5448E+21  1.0466E+22
5.2800E-15  1.3000E-15  2.9760E-15  2.2000E-15  7.0000E-22  3.0000E-44  3.2000E-45  5.2000E+00  5.3000E+01  9.2956E+21  7.6902E+21  8.6298E+21
3.9600E-15  1.3000E-15  1.7280E-15  2.2000E-15  7.0000E-22  3.0000E-44  3.2000E-45  5.2000E+00  5.3000E+01  1.0992E+22  7.2662E+21  7.3585E+21
1.6800E-15  1.3000E-15  8.7360E-15  2.2000E-15  7.0000E-22  3.0000E-44  3.2000E-45  5.2000E+00  5.3000E+01  8.8967E+21  2.4113E+21  1.4307E+22
1.7400E-15  1.3000E-15  2.2080E-15  2.2000E-15  7.0000E-22  3.0000E-44  3.2000E-45  5.2000E+00  5.3000E+01  1.3204E+22  4.2820E+21  8.1307E+21
5.4600E-15  1.3000E-15  2.1120E-15  2.2000E-15  7.0000E-22  3.0000E-44  3.2000E-45  5.2000E+00  5.3000E+01  9.5301E+21  8.3505E+21  7.7355E+21
2.5800E-15  1.3000E-15  6.0480E-15  2.2000E-15  7.0000E-22  3.0000E-44  3.2000E-45  5.2000E+00  5.3000E+01  9.6979E+21  3.8802E+21  1.2036E+22
5.3400E-15  1.3000E-15  2.7840E-15  2.2000E-15  7.0000E-22  3.0000E-44  3.2000E-45  5.2000E+00  5.3000E+01  9.3393E+21  7.8476E+21  8.4288E+21
5.5800E-15  1.3000E-15  7.1040E-15  2.2000E-15  7.0000E-22  3.0000E-44  3.2000E-45  5.2000E+00  5.3000E+01  7.6247E+21  6.0931E+21  1.1898E+22
3.0000E-15  1.3000E-15  1.6320E-15  2.2000E-15  7.0000E-22  3.0000E-44  3.2000E-45  5.2000E+00  5.3000E+01  1.2086E+22  6.2643E+21  7.2663E+21
1.4400E-15  1.3000E-15  5.4720E-15  2.2000E-15  7.0000E-22  3.0000E-44  3.2000E-45  5.2000E+00  5.3000E+01  1.0907E+22  2.7651E+21  1.1944E+22
2.1000E-15  1.3000E-15  3.0720E-15  2.2000E-15  7.0000E-22  3.0000E-44  3.2000E-45  5.2000E+00  5.3000E+01  1.2038E+22  4.3657E+21  9.2127E+21
1.2000E-15  1.3000E-15  6.5280E-15  2.2000E-15  7.0000E-22  3.0000E-44  3.2000E-45  5.2000E+00  5.3000E+01  1.0393E+22  2.2793E+21  1.2946E+22
7.8000E-16  1.3000E-15  5.8560E-15  2.2000E-15  7.0000E-22  3.0000E-44  3.2000E-45  5.2000E+00  5.3000E+01  1.1191E+22  1.8763E+21  1.2548E+22
5.4000E-16  1.3000E-15  6.6240E-15  2.2000E-15  7.0000E-22  3.0000E-44  3.2000E-45  5.2000E+00  5.3000E+01  1.0836E+22  1.4842E+21  1.3296E+22
9.6000E-16  1.3000E-15  2.8800E-15  2.2000E-15  7.0000E-22  3.0000E-44  3.2000E-45  5.2000E+00  5.3000E+01  1.3609E+22  2.8239E+21  9.1842E+21
6.0000E-17  1.3000E-15  1.8240E-15  2.2000E-15  7.0000E-22  3.0000E-44  3.2000E-45  5.2000E+00  5.3000E+01  1.6450E+22  1.4904E+21  7.6764E+21
2.2800E-15  1.3000E-15  4.6080E-15  2.2000E-15  7.0000E-22  3.0000E-44  3.2000E-45  5.2000E+00  5.3000E+01  1.0770E+22  4.0077E+21  1.0838E+22
1.8000E-16  1.3000E-15  3.9360E-15  2.2000E-15  7.0000E-22  3.0000E-44  3.2000E-45  5.2000E+00  5.3000E+01  1.3523E+22  1.3284E+21  1.0764E+22
4.5600E-15  1.3000E-15  9.1200E-15  2.2000E-15  7.0000E-22  3.0000E-44  3.2000E-45  5.2000E+00  5.3000E+01  7.4191E+21  4.7486E+21  1.3448E+22
3.4200E-15  1.3000E-15  8.1600E-15  2.2000E-15  7.0000E-22  3.0000E-44  3.2000E-45  5.2000E+00  5.3000E+01  8.2560E+21  4.0922E+21  1.3268E+22
1.8600E-15  1.3000E-15  5.6640E-15  2.2000E-15  7.0000E-22  3.0000E-44  3.2000E-45  5.2000E+00  5.3000E+01  1.0439E+22  3.2190E+21  1.1958E+22
4.3200E-15  1.3000E-15  7.7760E-15  2.2000E-15  7.0000E-22  3.0000E-44  3.2000E-45  5.2000E+00  5.3000E+01  7.9712E+21  4.9309E+21  1.2714E+22
4.7400E-15  1.3000E-15  3.1680E-15  2.2000E-15  7.0000E-22  3.0000E-44  3.2000E-45  5.2000E+00  5.3000E+01  9.6068E+21  7.1256E+21  8.8831E+21
4.9200E-15  1.3000E-15  9.5040E-15  2.2000E-15  7.0000E-22  3.0000E-44  3.2000E-45  5.2000E+00  5.3000E+01  7.1636E+21  4.9102E+21  1.3542E+22
2.3400E-15  1.3000E-15  7.6800E-16  2.2000E-15  7.0000E-22  3.0000E-44  3.2000E-45  5.2000E+00  5.3000E+01  1.3652E+22  6.0079E+21  5.9564E+21
1.3800E-15  1.3000E-15  1.1520E-15  2.2000E-15  7.0000E-22  3.0000E-44  3.2000E-45  5.2000E+00  5.3000E+01  1.4840E+22  4.2743E+21  6.5023E+21
3.5400E-15  1.3000E-15  7.8720E-15  2.2000E-15  7.0000E-22  3.0000E-44  3.2000E-45  5.2000E+00  5.3000E+01  8.3087E+21  4.2670E+21  1.3040E+22
2.0400E-15  1.3000E-15  8.6400E-16  2.2000E-15  7.0000E-22  3.0000E-44  3.2000E-45  5.2000E+00  5.3000E+01  1.4027E+22  5.5074E+21  6.0823E+21
2.2200E-15  1.3000E-15  2.4960E-15  2.2000E-15  7.0000E-22  3.0000E-44  3.2000E-45  5.2000E+00  5.3000E+01  1.2361E+22  4.7944E+21  8.4613E+21
4.8000E-15  1.3000E-15  4.7040E-15  2.2000E-15  7.0000E-22  3.0000E-44  3.2000E-45  5.2000E+00  5.3000E+01  8.8938E+21  6.4280E+21  1.0292E+22
2.9400E-15  1.3000E-15  5.0880E-15  2.2000E-15  7.0000E-22  3.0000E-44  3.2000E-45  5.2000E+00  5.3000E+01  9.9594E+21  4.5550E+21  1.1100E+22
2.7600E-15  1.3000E-15  8.3520E-15  2.2000E-15  7.0000E-22  3.0000E-44  3.2000E-45  5.2000E+00  5.3000E+01  8.5028E+21  3.4754E+21  1.3638E+22
4.6800E-15  1.3000E-15  8.0640E-15  2.2000E-15  7.0000E-22  3.0000E-44  3.2000E-45  5.2000E+00  5.3000E+01  7.7094E+21  5.1270E+21  1.2779E+22
1.0800E-15  1.3000E-15  9.6000E-17  2.2000E-15  7.0000E-22  3.0000E-44  3.2000E-45  5.2000E+00  5.3000E+01  1.6750E+22  4.4250E+21  4.4412E+21
3.2400E-15  1.3000E-15  1.4400E-15  2.2000E-15  7.0000E-22  3.0000E-44  3.2000E-45  5.2000E+00  5.3000E+01  1.1940E+22  6.6779E+21  6.9980E+21
3.6000E-16  1.3000E-15  4.5120E-15  2.2000E-15  7.0000E-22  3.0000E-44  3.2000E-45  5.2000E+00  5.3000E+01  1.2730E+22  1.5216E+21  1.1365E+22
2.8200E-15  1.3000E-15  7.3920E-15  2.2000E-15  7.0000E-22  3.0000E-44  3.2000E-45  5.2000E+00  5.3000E+01  8.8898E+21  3.7587E+21  1.2967E+22
1.9200E-15  1.3000E-15  3.3600E-15  2.2000E-15  7.0000E-22  3.0000E-44  3.2000E-45  5.2000E+00  5.3000E+01  1.2006E+22  4.0189E+21  9.5916E+21
6.0000E-16  1.3000E-15  8.9280E-15  2.2000E-15  7.0000E-22  3.0000E-44  3.2000E-45  5.2000E+00  5.3000E+01  9.3953E+21  1.3108E+21  1.4910E+22
2.5200E-15  1.3000E-15  6.9120E-15  2.2000E-15  7.0000E-22  3.0000E-44  3.2000E-45  5.2000E+00  5.3000E+01  9.2879E+21  3.5939E+21  1.2734E+22
5.5200E-15  1.3000E-15  5.5680E-15  2.2000E-15  7.0000E-22  3.0000E-44  3.2000E-45  5.2000E+00  5.3000E+01  8.1677E+21  6.6259E+21  1.0822E+22
4.0200E-15  1.3000E-15  9.0240E-15  2.2000E-15  7.0000E-22  3.0000E-44  3.2000E-45  5.2000E+00  5.3000E+01  7.6678E+21  4.3659E+21  1.3582E+22
5.9400E-15  1.3000E-15  6.4320E-15  2.2000E-15  7.0000E-22  3.0000E-44  3.2000E-45  5.2000E+00  5.3000E+01  7.6736E+21  6.5927E+21  1.1350E+22
1.2600E-15  1.3000E-15  5.7600E-15  2.2000E-15  7.0000E-22  3.0000E-44  3.2000E-45  5.2000E+00  5.3000E+01  1.0857E+22  2.4909E+21  1.2269E+22
5.0400E-15  1.3000E-15  3.8400E-15  2.2000E-15  7.0000E-22  3.0000E-44  3.2000E-45  5.2000E+00  5.3000E+01  9.1013E+21  7.0368E+21  9.4767E+21
2.1600E-15  1.3000E-15  8.4480E-15  2.2000E-15  7.0000E-22  3.0000E-44  3.2000E-45  5.2000E+00  5.3000E+01  8.7715E+21  2.9175E+21  1.3927E+22
3.7800E-15  1.3000E-15  1.2480E-15  2.2000E-15  7.0000E-22  3.0000E-44  3.2000E-45  5.2000E+00  5.3000E+01  1.1458E+22  7.3981E+21  6.7599E+21
3.6000E-15  1.3000E-15  2.5920E-15  2.2000E-15  7.0000E-22  3.0000E-44  3.2000E-45  5.2000E+00  5.3000E+01  1.0838E+22  6.3639E+21  8.4142E+21
1.6200E-15  1.3000E-15  5.2800E-15  2.2000E-15  7.0000E-22  3.0000E-44  3.2000E-45  5.2000E+00  5.3000E+01  1.0885E+22  3.0371E+21  1.1694E+22
1.2000E-16  1.3000E-15  9.6000E-15  2.2000E-15  7.0000E-22  3.0000E-44  3.2000E-45  5.2000E+00  5.3000E+01  9.3105E+21  7.6823E+20  1.5537E+22
6.0000E-15  1.3000E-15  7.2960E-15  2.2000E-15  7.0000E-22  3.0000E-44  3.2000E-45  5.2000E+00  5.3000E+01  7.3863E+21  6.3154E+21  1.1914E+22
3.7200E-15  1.3000E-15  1.0560E-15  2.2000E-15  7.0000E-22  3.0000E-44  3.2000E-45  5.2000E+00  5.3000E+01  1.1638E+22  7.4832E+21  6.4953E+21
3.3000E-15  1.3000E-15  2.3040E-15  2.2000E-15  7.0000E-22  3.0000E-44  3.2000E-45  5.2000E+00  5.3000E+01  1.1301E+22  6.2085E+21  8.1072E+21
3.0000E-16  1.3000E-15  4.3200E-15  2.2000E-15  7.0000E-22  3.0000E-44  3.2000E-45  5.2000E+00  5.3000E+01  1.2980E+22  1.4590E+21  1.1177E+22
4.4400E-15  1.3000E-15  2.4000E-15  2.2000E-15  7.0000E-22  3.0000E-44  3.2000E-45  5.2000E+00  5.3000E+01  1.0207E+22  7.2991E+21  8.1102E+21
