9.2563E-16  3.1226E-15  2.7401E-15  2.2000E-15  7.0000E-22  3.0000E-44  3.2000E-45  5.2000E+00  5.3000E+01  1.5831E+22  1.7226E+21  8.0631E+21
2.7166E-15  6.6503E-15  3.0006E-15  2.2000E-15  7.0000E-22  3.0000E-44  3.2000E-45  5.2000E+00  5.3000E+01  1.4039E+22  3.1746E+21  8.4034E+21
3.4221E-15  3.2990E-15  6.4306E-15  2.2000E-15  7.0000E-22  3.0000E-44  3.2000E-45  5.2000E+00  5.3000E+01  9.8197E+21  3.6261E+21  1.2169E+22
1.5769E-15  1.1001E-14  8.3843E-15  2.2000E-15  7.0000E-22  3.0000E-44  3.2000E-45  5.2000E+00  5.3000E+01  1.0033E+22  9.0455E+20  1.4679E+22
4.9417E-15  1.7704E-15  7.2121E-15  2.2000E-15  7.0000E-22  3.0000E-44  3.2000E-45  5.2000E+00  5.3000E+01  8.1759E+21  5.3207E+21  1.2119E+22
4.9960E-15  2.4171E-15  5.0846E-15  2.2000E-15  7.0000E-22  3.0000E-44  3.2000E-45  5.2000E+00  5.3000E+01  9.3603E+21  5.8774E+21  1.0377E+22
1.9025E-15  1.3000E-15  8.6448E-15  2.2000E-15  7.0000E-22  3.0000E-44  3.2000E-45  5.2000E+00  5.3000E+01  9.0885E+21  2.2580E+21  1.4269E+22
4.1276E-15  1.2647E-14  2.4362E-15  2.2000E-15  7.0000E-22  3.0000E-44  3.2000E-45  5.2000E+00  5.3000E+01  1.4741E+22  3.4238E+21  7.4520E+21
2.4452E-15  1.0825E-14  9.5566E-15  2.2000E-15  7.0000E-22  3.0000E-44  3.2000E-45  5.2000E+00  5.3000E+01  9.0632E+21  1.2793E+21  1.5273E+22
4.2633E-15  8.6492E-15  6.5608E-15  2.2000E-15  7.0000E-22  3.0000E-44  3.2000E-45  5.2000E+00  5.3000E+01  1.0166E+22  2.9435E+21  1.2508E+22
3.0151E-15  5.9447E-15  6.3871E-15  2.2000E-15  7.0000E-22  3.0000E-44  3.2000E-45  5.2000E+00  5.3000E+01  1.0510E+22  2.6400E+21  1.2468E+22
5.8372E-15  1.2236E-14  4.2163E-15  2.2000E-15  7.0000E-22  3.0000E-44  3.2000E-45  5.2000E+00  5.3000E+01  1.1786E+22  3.8639E+21  9.9676E+21
2.3367E-15  9.7663E-15  6.4740E-15  2.2000E-15  7.0000E-22  3.0000E-44  3.2000E-45  5.2000E+00  5.3000E+01  1.1112E+22  1.6258E+21  1.2878E+22
1.8211E-15  7.1794E-15  6.9081E-15  2.2000E-15  7.0000E-22  3.0000E-44  3.2000E-45  5.2000E+00  5.3000E+01  1.0833E+22  1.4628E+21  1.3320E+22
9.7990E-16  5.0628E-15  1.8283E-15  2.2000E-15  7.0000E-22  3.0000E-44  3.2000E-45  5.2000E+00  5.3000E+01  1.7693E+22  1.7256E+21  6.1974E+21
1.2241E-15  4.7101E-15  6.1266E-15  2.2000E-15  7.0000E-22  3.0000E-44  3.2000E-45  5.2000E+00  5.3000E+01  1.1649E+22  1.3002E+21  1.2666E+22
7.8995E-16  7.1206E-15  5.4320E-15  2.2000E-15  7.0000E-22  3.0000E-44  3.2000E-45  5.2000E+00  5.3000E+01  1.2763E+22  7.5826E+20  1.2094E+22
9.5276E-16  2.0643E-15  2.5664E-15  2.2000E-15  7.0000E-22  3.0000E-44  3.2000E-45  5.2000E+00  5.3000E+01  1.5835E+22  2.0488E+21  7.7324E+21
1.6583E-15  1.0354E-14  4.9978E-15  2.2000E-15  7.0000E-22  3.0000E-44  3.2000E-45  5.2000E+00  5.3000E+01  1.2862E+22  1.2991E+21  1.1455E+22
1.9568E-15  4.8864E-15  3.1309E-15  2.2000E-15  7.0000E-22  3.0000E-44  3.2000E-45  5.2000E+00  5.3000E+01  1.4262E+22  2.7029E+21  8.6521E+21
2.0653E-15  8.4141E-15  4.3031E-15  2.2000E-15  7.0000E-22  3.0000E-44  3.2000E-45  5.2000E+00  5.3000E+01  1.3245E+22  1.9263E+21  1.0447E+22
1.7668E-15  2.8286E-15  1.6547E-15  2.2000E-15  7.0000E-22  3.0000E-44  3.2000E-45  5.2000E+00  5.3000E+01  1.6004E+22  3.6882E+21  5.9243E+21
1.2784E-15  3.7693E-15  3.4348E-15  2.2000E-15  7.0000E-22  3.0000E-44  3.2000E-45  5.2000E+00  5.3000E+01  1.4441E+22  1.9731E+21  9.2036E+21
5.9186E-15  3.4754E-15  5.7793E-15  2.2000E-15  7.0000E-22  3.0000E-44  3.2000E-45  5.2000E+00  5.3000E+01  8.8746E+21  5.7633E+21  1.0976E+22
3.6935E-15  6.0035E-15  6.3437E-15  2.2000E-15  7.0000E-22  3.0000E-44  3.2000E-45  5.2000E+00  5.3000E+01  1.0219E+22  3.1389E+21  1.2259E+22
2.7980E-15  1.1119E-14  8.7317E-15  2.2000E-15  7.0000E-22  3.0000E-44  3.2000E-45  5.2000E+00  5.3000E+01  9.4532E+21  1.5070E+21  1.4656E+22
1.8482E-15  1.5940E-15  8.9053E-15  2.2000E-15  7.0000E-22  3.0000E-44  3.2000E-45  5.2000E+00  5.3000E+01  9.0153E+21  2.0895E+21  1.4512E+22
2.9065E-15  6.9442E-15  1.1771E-15  2.2000E-15  7.0000E-22  3.0000E-44  3.2000E-45  5.2000E+00  5.3000E+01  1.6526E+22  4.1633E+21  4.9265E+21
4.8874E-15  1.1471E-14  7.3857E-15  2.2000E-15  7.0000E-22  3.0000E-44  3.2000E-45  5.2000E+00  5.3000E+01  9.6893E+21  2.6794E+21  1.3247E+22
5.5658E-15  1.0060E-14  3.9558E-15  2.2000E-15  7.0000E-22  3.0000E-44  3.2000E-45  5.2000E+00  5.3000E+01  1.1812E+22  4.2094E+21  9.5957E+21
2.8251E-15  6.5915E-15  4.3465E-15  2.2000E-15  7.0000E-22  3.0000E-44  3.2000E-45  5.2000E+00  5.3000E+01  1.2439E+22  2.8553E+21  1.0323E+22
5.9457E-15  1.8879E-15  1.0468E-15  2.2000E-15  7.0000E-22  3.0000E-44  3.2000E-45  5.2000E+00  5.3000E+01  1.0434E+22  9.6383E+21  5.5438E+21
1.8754E-15  3.2402E-15  4.5202E-15  2.2000E-15  7.0000E-22  3.0000E-44  3.2000E-45  5.2000E+00  5.3000E+01  1.2445E+22  2.5881E+21  1.0584E+22
1.6040E-15  9.2960E-15  5.6925E-15  2.2000E-15  7.0000E-22  3.0000E-44  3.2000E-45  5.2000E+00  5.3000E+01  1.2125E+22  1.2549E+21  1.2236E+22
2.9879E-15  1.2001E-14  5.1715E-15  2.2000E-15  7.0000E-22  3.0000E-44  3.2000E-45  5.2000E+00  5.3000E+01  1.2133E+22  2.0173E+21  1.1466E+22
4.9688E-15  4.4749E-15  5.8227E-15  2.2000E-15  7.0000E-22  3.0000E-44  3.2000E-45  5.2000E+00  5.3000E+01  9.6093E+21  4.6653E+21  1.1340E+22
4.5347E-15  9.5312E-15  3.5216E-15  2.2000E-15  7.0000E-22  3.0000E-44  3.2000E-45  5.2000E+00  5.3000E+01  1.2691E+22  3.8337E+21  9.0920E+21
5.7558E-15  4.9452E-15  2.1757E-15  2.2000E-15  7.0000E-22  3.0000E-44  3.2000E-45  5.2000E+00  5.3000E+01  1.1762E+22  6.8554E+21  6.9992E+21
4.0191E-15  8.5905E-15  7.6462E-15  2.2000E-15  7.0000E-22  3.0000E-44  3.2000E-45  5.2000E+00  5.3000E+01  9.5541E+21  2.5935E+21  1.3468E+22
1.4683E-15  4.1221E-15  2.6098E-15  2.2000E-15  7.0000E-22  3.0000E-44  3.2000E-45  5.2000E+00  5.3000E+01  1.5419E+22  2.4062E+21  7.7915E+21
1.3327E-15  3.9457E-15  8.2107E-15  2.2000E-15  7.0000E-22  3.0000E-44  3.2000E-45  5.2000E+00  5.3000E+01  9.9414E+21  1.2706E+21  1.4404E+22
2.5809E-15  3.6518E-15  9.4697E-15  2.2000E-15  7.0000E-22  3.0000E-44  3.2000E-45  5.2000E+00  5.3000E+01  8.6199E+21  2.2103E+21  1.4786E+22
5.2945E-15  4.7688E-15  3.3914E-15  2.2000E-15  7.0000E-22  3.0000E-44  3.2000E-45  5.2000E+00  5.3000E+01  1.1104E+22  5.8465E+21  8.6660E+21
5.0774E-15  8.0613E-15  8.5580E-15  2.2000E-15  7.0000E-22  3.0000E-44  3.2000E-45  5.2000E+00  5.3000E+01  8.6713E+21  3.0840E+21  1.3861E+22
1.3869E-15  7.7673E-15  7.5160E-15  2.2000E-15  7.0000E-22  3.0000E-44  3.2000E-45  5.2000E+00  5.3000E+01  1.0598E+22  1.0378E+21  1.3980E+22
3.4764E-15  1.0648E-14  5.1280E-15  2.2000E-15  7.0000E-22  3.0000E-44  3.2000E-45  5.2000E+00  5.3000E+01  1.1826E+22  2.4909E+21  1.1299E+22
5.3216E-15  7.0618E-15  2.2191E-15  2.2000E-15  7.0000E-22  3.0000E-44  3.2000E-45  5.2000E+00  5.3000E+01  1.2878E+22  5.6826E+21  7.0555E+21
4.3447E-15  9.8251E-15  3.6084E-15  2.2000E-15  7.0000E-22  3.0000E-44  3.2000E-45  5.2000E+00  5.3000E+01  1.2761E+22  3.6113E+21  9.2443E+21
5.3759E-15  1.2353E-14  9.5132E-15  2.2000E-15  7.0000E-22  3.0000E-44  3.2000E-45  5.2000E+00  5.3000E+01  8.4806E+21  2.4293E+21  1.4706E+22
3.3136E-15  1.1177E-14  4.0860E-15  2.2000E-15  7.0000E-22  3.0000E-44  3.2000E-45  5.2000E+00  5.3000E+01  1.3016E+22  2.5472E+21  1.0055E+22
5.8643E-15  1.1648E-14  6.5174E-15  2.2000E-15  7.0000E-22  3.0000E-44  3.2000E-45  5.2000E+00  5.3000E+01  9.9559E+21  3.3127E+21  1.2350E+22
7.0854E-16  3.1814E-15  4.2597E-15  2.2000E-15  7.0000E-22  3.0000E-44  3.2000E-45  5.2000E+00  5.3000E+01  1.3968E+22  1.0908E+21  1.0557E+22
2.6623E-15  3.3578E-15  9.3829E-15  2.2000E-15  7.0000E-22  3.0000E-44  3.2000E-45  5.2000E+00  5.3000E+01  8.5975E+21  2.3466E+21  1.4671E+22
5.7286E-15  8.9432E-15  5.4754E-15  2.2000E-15  7.0000E-22  3.0000E-44  3.2000E-45  5.2000E+00  5.3000E+01  1.0358E+22  4.0268E+21  1.1233E+22
4.7246E-15  4.5337E-15  3.7387E-15  2.2000E-15  7.0000E-22  3.0000E-44  3.2000E-45  5.2000E+00  5.3000E+01  1.1154E+22  5.3073E+21  9.1551E+21
6.5427E-16  5.0040E-15  4.0426E-15  2.2000E-15  7.0000E-22  3.0000E-44  3.2000E-45  5.2000E+00  5.3000E+01  1.4459E+22  8.7024E+20  1.0287E+22
2.6352E-15  2.8874E-15  5.2583E-15  2.2000E-15  7.0000E-22  3.0000E-44  3.2000E-45  5.2000E+00  5.3000E+01  1.1063E+22  3.3435E+21  1.1210E+22
1.3055E-15  4.3573E-15  2.0888E-15  2.2000E-15  7.0000E-22  3.0000E-44  3.2000E-45  5.2000E+00  5.3000E+01  1.6540E+22  2.2918E+21  6.7840E+21
7.6281E-16  1.0883E-14  5.9964E-15  2.2000E-15  7.0000E-22  3.0000E-44  3.2000E-45  5.2000E+00  5.3000E+01  1.2297E+22  5.4554E+20  1.2773E+22
3.1508E-15  8.1789E-15  2.8704E-15  2.2000E-15  7.0000E-22  3.0000E-44  3.2000E-45  5.2000E+00  5.3000E+01  1.4135E+22  3.2956E+21  8.1861E+21
4.6161E-15  3.5342E-15  7.2555E-15  2.2000E-15  7.0000E-22  3.0000E-44  3.2000E-45  5.2000E+00  5.3000E+01  8.7905E+21  4.2800E+21  1.2545E+22
2.9337E-15  9.9427E-15  7.4726E-15  2.2000E-15  7.0000E-22  3.0000E-44  3.2000E-45  5.2000E+00  5.3000E+01  1.0151E+22  1.8306E+21  1.3634E+22
2.3638E-15  6.3563E-15  6.1701E-15  2.2000E-15  7.0000E-22  3.0000E-44  3.2000E-45  5.2000E+00  5.3000E+01  1.1072E+22  2.0931E+21  1.2451E+22
2.4995E-15  4.6513E-15  5.8661E-15  2.2000E-15  7.0000E-22  3.0000E-44  3.2000E-45  5.2000E+00  5.3000E+01  1.1018E+22  2.5807E+21  1.2020E+22
4.6704E-15  4.8276E-15  4.7373E-15  2.2000E-15  7.0000E-22  3.0000E-44  3.2000E-45  5.2000E+00  5.3000E+01  1.0552E+22  4.7169E+21  1.0347E+22
5.3487E-15  5.3568E-15  9.4263E-15  2.2000E-15  7.0000E-22  3.0000E-44  3.2000E-45  5.2000E+00  5.3000E+01  7.8758E+21  3.6452E+21  1.4095E+22
3.8291E-15  8.8256E-15  7.2989E-15  2.2000E-15  7.0000E-22  3.0000E-44  3.2000E-45  5.2000E+00  5.3000E+01  9.8591E+21  2.5128E+21  1.3244E+22
1.0613E-15  1.7116E-15  6.0398E-15  2.2000E-15  7.0000E-22  3.0000E-44  3.2000E-45  5.2000E+00  5.3000E+01  1.1563E+22  1.5544E+21  1.2499E+22
3.9648E-15  9.8839E-15  8.6014E-15  2.2000E-15  7.0000E-22  3.0000E-44  3.2000E-45  5.2000E+00  5.3000E+01  9.1307E+21  2.2280E+21  1.4257E+22
2.2010E-15  7.4734E-15  4.4768E-15  2.2000E-15  7.0000E-22  3.0000E-44  3.2000E-45  5.2000E+00  5.3000E+01  1.2858E+22  2.1252E+21  1.0635E+22
2.2824E-15  6.2975E-15  3.7821E-15  2.2000E-15  7.0000E-22  3.0000E-44  3.2000E-45  5.2000E+00  5.3000E+01  1.3416E+22  2.5436E+21  9.6582E+21
4.9146E-15  1.9467E-15  3.3045E-15  2.2000E-15  7.0000E-22  3.0000E-44  3.2000E-45  5.2000E+00  5.3000E+01  1.0456E+22  5.0210E+21  1.0139E+22
4.7518E-15  8.7080E-15  3.8255E-15  2.2000E-15  7.0000E-22  3.0000E-44  3.2000E-45  5.2000E+00  5.3000E+01  1.1850E+22  3.3131E+21  1.0453E+22
3.6663E-15  1.1530E-14  4.9544E-15  2.2000E-15  7.0000E-22  3.0000E-44  3.2000E-45  5.2000E+00  5.3000E+01  1.1855E+22  2.2983E+21  1.1463E+22
3.3407E-15  1.1824E-14  7.9936E-15  2.2000E-15  7.0000E-22  3.0000E-44  3.2000E-45  5.2000E+00  5.3000E+01  9.7198E+21  1.6790E+21  1.4217E+22
5.0231E-15  1.4764E-15  9.6000E-16  2.2000E-15  7.0000E-22  3.0000E-44  3.2000E-45  5.2000E+00  5.3000E+01  1.1825E+22  6.3593E+21  7.4331E+21
3.5307E-15  1.0119E-14  5.5188E-15  2.2000E-15  7.0000E-22  3.0000E-44  3.2000E-45  5.2000E+00  5.3000E+01  1.1302E+22  2.2827E+21  1.2031E+22
5.2402E-15  3.8869E-15  2.5230E-15  2.2000E-15  7.0000E-22  3.0000E-44  3.2000E-45  5.2000E+00  5.3000E+01  1.1457E+22  4.8526E+21  9.3059E+21
1.4141E-15  9.7075E-15  1.6113E-15  2.2000E-15  7.0000E-22  3.0000E-44  3.2000E-45  5.2000E+00  5.3000E+01  1.8251E+22  1.8729E+21  5.4925E+21
5.5387E-15  2.1819E-15  3.9124E-15  2.2000E-15  7.0000E-22  3.0000E-44  3.2000E-45  5.2000E+00  5.3000E+01  9.7371E+21  4.7992E+21  1.1080E+22
4.8060E-15  1.2824E-14  1.5244E-15  2.2000E-15  7.0000E-22  3.0000E-44  3.2000E-45  5.2000E+00  5.3000E+01  1.5164E+22  3.5632E+21  6.8892E+21
5.6472E-15  8.3553E-15  1.7415E-15  2.2000E-15  7.0000E-22  3.0000E-44  3.2000E-45  5.2000E+00  5.3000E+01  1.3141E+22  4.3484E+21  8.1288E+21
2.6080E-15  6.0623E-15  2.6533E-15  2.2000E-15  7.0000E-22  3.0000E-44  3.2000E-45  5.2000E+00  5.3000E+01  1.4435E+22  3.2020E+21  7.9798E+21
1.9839E-15  5.7683E-15  3.8689E-15  2.2000E-15  7.0000E-22  3.0000E-44  3.2000E-45  5.2000E+00  5.3000E+01  1.3501E+22  2.3828E+21  9.7339E+21
5.8101E-15  6.8266E-15  1.3942E-15  2.2000E-15  7.0000E-22  3.0000E-44  3.2000E-45  5.2000E+00  5.3000E+01  1.2936E+22  4.8079E+21  7.8734E+21
1.4955E-15  1.0589E-14  2.4796E-15  2.2000E-15  7.0000E-22  3.0000E-44  3.2000E-45  5.2000E+00  5.3000E+01  1.6543E+22  1.6363E+21  7.4372E+21
8.7136E-16  1.2882E-14  8.8185E-15  2.2000E-15  7.0000E-22  3.0000E-44  3.2000E-45  5.2000E+00  5.3000E+01  1.0012E+22  4.7940E+20  1.5125E+22
3.7749E-15  7.8261E-15  6.3003E-15  2.2000E-15  7.0000E-22  3.0000E-44  3.2000E-45  5.2000E+00  5.3000E+01  1.0348E+22  2.5116E+21  1.2757E+22
4.4533E-15  9.0020E-15  5.3017E-15  2.2000E-15  7.0000E-22  3.0000E-44  3.2000E-45  5.2000E+00  5.3000E+01  1.0854E+22  2.8005E+21  1.1961E+22
1.7397E-15  9.3548E-15  1.4376E-15  2.2000E-15  7.0000E-22  3.0000E-44  3.2000E-45  5.2000E+00  5.3000E+01  1.8128E+22  2.3161E+21  5.1722E+21
7.3568E-16  5.6508E-15  1.9152E-15  2.2000E-15  7.0000E-22  3.0000E-44  3.2000E-45  5.2000E+00  5.3000E+01  1.8048E+22  1.4489E+21  6.1187E+21
3.0693E-15  6.4739E-15  9.3395E-15  2.2000E-15  7.0000E-22  3.0000E-44  3.2000E-45  5.2000E+00  5.3000E+01  8.7265E+21  1.9419E+21  1.4948E+22
2.4724E-15  6.2387E-15  2.3928E-15  2.2000E-15  7.0000E-22  3.0000E-44  3.2000E-45  5.2000E+00  5.3000E+01  1.4984E+22  3.1613E+21  7.4709E+21
6.0000E-16  1.1942E-14  7.9067E-15  2.2000E-15  7.0000E-22  3.0000E-44  3.2000E-45  5.2000E+00  5.3000E+01  1.0732E+22  3.8208E+20  1.4502E+22
4.4804E-15  3.7106E-15  1.3508E-15  2.2000E-15  7.0000E-22  3.0000E-44  3.2000E-45  5.2000E+00  5.3000E+01  1.3131E+22  5.3382E+21  7.1475E+21
6.0000E-15  7.5910E-15  4.6505E-15  2.2000E-15  7.0000E-22  3.0000E-44  3.2000E-45  5.2000E+00  5.3000E+01  1.0254E+22  3.5550E+21  1.1807E+22
5.7015E-15  5.1804E-15  2.9572E-15  2.2000E-15  7.0000E-22  3.0000E-44  3.2000E-45  5.2000E+00  5.3000E+01  1.1152E+22  4.4576E+21  1.0006E+22
3.9106E-15  1.0531E-14  9.0790E-15  2.2000E-15  7.0000E-22  3.0000E-44  3.2000E-45  5.2000E+00  5.3000E+01  8.8309E+21  1.8491E+21  1.4936E+22
4.1548E-15  9.1784E-15  7.9502E-15  2.2000E-15  7.0000E-22  3.0000E-44  3.2000E-45  5.2000E+00  5.3000E+01  9.2659E+21  2.2013E+21  1.4149E+22
4.3719E-15  9.2372E-15  8.7751E-15  2.2000E-15  7.0000E-22  3.0000E-44  3.2000E-45  5.2000E+00  5.3000E+01  8.7453E+21  2.1445E+21  1.4726E+22
3.3678E-15  2.7698E-15  5.5622E-15  2.2000E-15  7.0000E-22  3.0000E-44  3.2000E-45  5.2000E+00  5.3000E+01  1.0289E+22  3.5162E+21  1.1813E+22
3.2864E-15  4.2397E-15  4.4334E-15  2.2000E-15  7.0000E-22  3.0000E-44  3.2000E-45  5.2000E+00  5.3000E+01  1.1532E+22  3.4225E+21  1.0664E+22
5.8915E-15  1.4176E-15  6.9950E-15  2.2000E-15  7.0000E-22  3.0000E-44  3.2000E-45  5.2000E+00  5.3000E+01  7.8729E+21  4.1368E+21  1.3606E+22
4.5075E-15  1.0295E-14  7.1686E-15  2.2000E-15  7.0000E-22  3.0000E-44  3.2000E-45  5.2000E+00  5.3000E+01  9.6731E+21  2.3113E+21  1.3632E+22
2.8794E-15  7.2970E-15  6.0832E-15  2.2000E-15  7.0000E-22  3.0000E-44  3.2000E-45  5.2000E+00  5.3000E+01  1.0932E+22  2.2341E+21  1.2450E+22
5.6201E-15  4.5925E-15  2.7835E-15  2.2000E-15  7.0000E-22  3.0000E-44  3.2000E-45  5.2000E+00  5.3000E+01  1.1183E+22  4.6399E+21  9.7933E+21
4.1005E-15  5.5920E-15  7.7765E-15  2.2000E-15  7.0000E-22  3.0000E-44  3.2000E-45  5.2000E+00  5.3000E+01  9.0278E+21  2.6913E+21  1.3897E+22
2.1739E-15  7.8849E-15  8.4277E-15  2.2000E-15  7.0000E-22  3.0000E-44  3.2000E-45  5.2000E+00  5.3000E+01  9.6773E+21  1.4690E+21  1.4470E+22
4.8332E-15  1.2530E-14  7.0384E-15  2.2000E-15  7.0000E-22  3.0000E-44  3.2000E-45  5.2000E+00  5.3000E+01  9.7973E+21  2.2112E+21  1.3607E+22
1.0070E-15  1.1413E-14  7.8633E-15  2.2000E-15  7.0000E-22  3.0000E-44  3.2000E-45  5.2000E+00  5.3000E+01  1.0627E+22  6.4200E+20  1.4347E+22
3.5849E-15  1.8291E-15  4.8241E-15  2.2000E-15  7.0000E-22  3.0000E-44  3.2000E-45  5.2000E+00  5.3000E+01  1.0380E+22  4.1374E+21  1.1101E+22
1.1970E-15  6.8854E-15  5.9095E-15  2.2000E-15  7.0000E-22  3.0000E-44  3.2000E-45  5.2000E+00  5.3000E+01  1.2041E+22  1.1965E+21  1.2379E+22
2.3910E-15  1.0413E-14  1.8718E-15  2.2000E-15  7.0000E-22  3.0000E-44  3.2000E-45  5.2000E+00  5.3000E+01  1.6671E+22  2.5561E+21  6.3896E+21
2.7437E-15  2.9462E-15  3.9992E-15  2.2000E-15  7.0000E-22  3.0000E-44  3.2000E-45  5.2000E+00  5.3000E+01  1.2050E+22  3.6220E+21  9.9455E+21
4.2362E-15  1.6528E-15  7.7331E-15  2.2000E-15  7.0000E-22  3.0000E-44  3.2000E-45  5.2000E+00  5.3000E+01  8.3530E+21  3.5975E+21  1.3668E+22
5.4302E-15  1.1236E-14  5.9530E-15  2.2000E-15  7.0000E-22  3.0000E-44  3.2000E-45  5.2000E+00  5.3000E+01  1.0140E+22  2.6788E+21  1.2797E+22
2.9608E-15  1.2765E-14  3.2611E-15  2.2000E-15  7.0000E-22  3.0000E-44  3.2000E-45  5.2000E+00  5.3000E+01  1.4310E+22  2.2150E+21  9.0929E+21
1.4412E-15  5.4744E-15  9.2527E-15  2.2000E-15  7.0000E-22  3.0000E-44  3.2000E-45  5.2000E+00  5.3000E+01  9.3549E+21  1.1972E+21  1.5064E+22
4.4261E-15  2.0055E-15  1.9586E-15  2.2000E-15  7.0000E-22  3.0000E-44  3.2000E-45  5.2000E+00  5.3000E+01  1.1855E+22  5.5548E+21  8.2084E+21
2.0382E-15  3.5930E-15  6.2569E-15  2.2000E-15  7.0000E-22  3.0000E-44  3.2000E-45  5.2000E+00  5.3000E+01  1.0865E+22  2.3253E+21  1.2428E+22
2.0925E-15  9.4724E-15  5.0412E-15  2.2000E-15  7.0000E-22  3.0000E-44  3.2000E-45  5.2000E+00  5.3000E+01  1.2528E+22  1.7054E+21  1.1383E+22
5.1859E-15  3.0638E-15  8.2975E-15  2.2000E-15  7.0000E-22  3.0000E-44  3.2000E-45  5.2000E+00  5.3000E+01  7.9595E+21  3.3590E+21  1.4297E+22
3.8834E-15  2.6523E-15  4.6070E-15  2.2000E-15  7.0000E-22  3.0000E-44  3.2000E-45  5.2000E+00  5.3000E+01  1.0547E+22  4.0538E+21  1.1015E+22
4.2905E-15  5.8271E-15  6.6911E-15  2.2000E-15  7.0000E-22  3.0000E-44  3.2000E-45  5.2000E+00  5.3000E+01  9.5843E+21  2.9234E+21  1.3108E+22
3.3950E-15  3.4166E-15  7.6028E-15  2.2000E-15  7.0000E-22  3.0000E-44  3.2000E-45  5.2000E+00  5.3000E+01  9.1658E+21  2.8722E+21  1.3578E+22
1.1698E-15  4.0633E-15  3.0874E-15  2.2000E-15  7.0000E-22  3.0000E-44  3.2000E-45  5.2000E+00  5.3000E+01  1.5121E+22  2.0891E+21  8.4060E+21
2.1196E-15  9.0608E-15  9.2092E-15  2.2000E-15  7.0000E-22  3.0000E-44  3.2000E-45  5.2000E+00  5.3000E+01  9.2870E+21  1.2690E+21  1.5060E+22
1.2513E-15  7.2382E-15  6.6476E-15  2.2000E-15  7.0000E-22  3.0000E-44  3.2000E-45  5.2000E+00  5.3000E+01  1.1363E+22  1.1281E+21  1.3125E+22
1.3598E-15  2.3583E-15  8.0804E-15  2.2000E-15  7.0000E-22  3.0000E-44  3.2000E-45  5.2000E+00  5.3000E+01  9.8832E+21  1.7037E+21  1.4029E+22
4.1819E-15  6.1211E-15  1.5678E-15  2.2000E-15  7.0000E-22  3.0000E-44  3.2000E-45  5.2000E+00  5.3000E+01  1.4111E+22  4.4875E+21  7.0179E+21
3.1779E-15  6.1799E-15  6.7779E-15  2.2000E-15  7.0000E-22  3.0000E-44  3.2000E-45  5.2000E+00  5.3000E+01  1.0140E+22  2.4169E+21  1.3059E+22
3.2593E-15  1.5352E-15  2.3059E-15  2.2000E-15  7.0000E-22  3.0000E-44  3.2000E-45  5.2000E+00  5.3000E+01  1.2494E+22  5.2407E+21  7.8820E+21
1.6312E-15  1.2412E-14  1.0034E-15  2.2000E-15  7.0000E-22  3.0000E-44  3.2000E-45  5.2000E+00  5.3000E+01  1.9701E+22  1.9741E+21  3.9413E+21
1.1427E-15  2.2407E-15  7.0818E-15  2.2000E-15  7.0000E-22  3.0000E-44  3.2000E-45  5.2000E+00  5.3000E+01  1.0714E+22  1.6382E+21  1.3264E+22
1.0884E-15  7.5322E-15  1.2639E-15  2.2000E-15  7.0000E-22  3.0000E-44  3.2000E-45  5.2000E+00  5.3000E+01  1.9201E+22  1.9023E+21  4.5124E+21
5.4030E-15  3.8281E-15  5.6056E-15  2.2000E-15  7.0000E-22  3.0000E-44  3.2000E-45  5.2000E+00  5.3000E+01  9.2851E+21  3.8524E+21  1.2478E+22
4.0462E-15  1.0002E-14  8.5146E-15  2.2000E-15  7.0000E-22  3.0000E-44  3.2000E-45  5.2000E+00  5.3000E+01  9.0533E+21  2.0086E+21  1.4554E+22
5.6744E-15  1.2294E-14  6.9516E-15  2.2000E-15  7.0000E-22  3.0000E-44  3.2000E-45  5.2000E+00  5.3000E+01  9.5062E+21  2.4471E+21  1.3663E+22
8.4422E-16  9.4136E-15  3.6953E-15  2.2000E-15  7.0000E-22  3.0000E-44  3.2000E-45  5.2000E+00  5.3000E+01  1.5059E+22  9.2115E+20  9.6378E+21
4.6975E-15  2.5347E-15  3.1743E-15  2.2000E-15  7.0000E-22  3.0000E-44  3.2000E-45  5.2000E+00  5.3000E+01  1.0915E+22  4.8586E+21  9.8423E+21
3.4492E-15  9.5899E-15  8.6882E-15  2.2000E-15  7.0000E-22  3.0000E-44  3.2000E-45  5.2000E+00  5.3000E+01  9.1423E+21  1.8261E+21  1.4648E+22
2.1467E-15  8.4729E-15  2.3493E-15  2.2000E-15  7.0000E-22  3.0000E-44  3.2000E-45  5.2000E+00  5.3000E+01  1.5828E+22  2.5001E+21  7.2882E+21
1.6854E-15  1.2059E-14  3.2177E-15  2.2000E-15  7.0000E-22  3.0000E-44  3.2000E-45  5.2000E+00  5.3000E+01  1.5276E+22  1.5057E+21  8.8359E+21
4.0734E-15  8.5317E-15  7.5594E-15  2.2000E-15  7.0000E-22  3.0000E-44  3.2000E-45  5.2000E+00  5.3000E+01  9.4688E+21  2.3089E+21  1.3838E+22
5.5930E-15  5.4156E-15  2.8269E-15  2.2000E-15  7.0000E-22  3.0000E-44  3.2000E-45  5.2000E+00  5.3000E+01  1.1400E+22  4.4394E+21  9.7764E+21
1.0342E-15  1.0766E-14  8.2541E-15  2.2000E-15  7.0000E-22  3.0000E-44  3.2000E-45  5.2000E+00  5.3000E+01  1.0324E+22  6.5748E+20  1.4635E+22
3.8563E-15  6.4151E-15  4.5636E-15  2.2000E-15  7.0000E-22  3.0000E-44  3.2000E-45  5.2000E+00  5.3000E+01  1.1433E+22  3.1735E+21  1.1009E+22
3.6121E-15  7.9437E-15  4.9110E-15  2.2000E-15  7.0000E-22  3.0000E-44  3.2000E-45  5.2000E+00  5.3000E+01  1.1531E+22  2.7274E+21  1.1357E+22
3.7206E-15  7.3558E-15  1.4810E-15  2.2000E-15  7.0000E-22  3.0000E-44  3.2000E-45  5.2000E+00  5.3000E+01  1.5115E+22  4.0675E+21  6.4341E+21
4.3990E-15  5.2392E-15  2.9138E-15  2.2000E-15  7.0000E-22  3.0000E-44  3.2000E-45  5.2000E+00  5.3000E+01  1.2223E+22  4.1655E+21  9.2299E+21
2.7709E-15  1.1765E-14  4.6939E-15  2.2000E-15  7.0000E-22  3.0000E-44  3.2000E-45  5.2000E+00  5.3000E+01  1.2658E+22  1.9169E+21  1.1041E+22
5.0503E-15  8.7668E-15  5.7359E-15  2.2000E-15  7.0000E-22  3.0000E-44  3.2000E-45  5.2000E+00  5.3000E+01  1.0192E+22  2.9102E+21  1.2514E+22
3.1236E-15  8.8844E-15  1.1337E-15  2.2000E-15  7.0000E-22  3.0000E-44  3.2000E-45  5.2000E+00  5.3000E+01  1.6800E+22  3.6170E+21  5.1994E+21
4.3176E-15  5.7095E-15  1.3073E-15  2.2000E-15  7.0000E-22  3.0000E-44  3.2000E-45  5.2000E+00  5.3000E+01  1.4133E+22  4.7697E+21  6.7137E+21
5.1588E-15  8.2965E-15  8.1238E-15  2.2000E-15  7.0000E-22  3.0000E-44  3.2000E-45  5.2000E+00  5.3000E+01  8.7106E+21  2.5553E+21  1.4350E+22
1.9296E-15  5.5332E-15  1.7849E-15  2.2000E-15  7.0000E-22  3.0000E-44  3.2000E-45  5.2000E+00  5.3000E+01  1.6440E+22  3.1228E+21  6.0532E+21
5.1045E-15  1.2706E-14  1.2205E-15  2.2000E-15  7.0000E-22  3.0000E-44  3.2000E-45  5.2000E+00  5.3000E+01  1.5303E+22  3.7934E+21  6.5204E+21
2.2281E-15  1.0942E-14  6.8213E-15  2.2000E-15  7.0000E-22  3.0000E-44  3.2000E-45  5.2000E+00  5.3000E+01  1.0937E+22  1.4159E+21  1.3263E+22
6.2714E-16  8.1201E-15  7.1252E-15  2.2000E-15  7.0000E-22  3.0000E-44  3.2000E-45  5.2000E+00  5.3000E+01  1.1293E+22  5.4515E+20  1.3778E+22
4.6432E-15  6.7090E-15  3.0440E-15  2.2000E-15  7.0000E-22  3.0000E-44  3.2000E-45  5.2000E+00  5.3000E+01  1.2272E+22  3.8792E+21  9.4674E+21
5.4844E-15  5.1216E-15  1.6981E-15  2.2000E-15  7.0000E-22  3.0000E-44  3.2000E-45  5.2000E+00  5.3000E+01  1.2377E+22  4.9663E+21  8.2743E+21
3.2050E-15  1.2941E-14  4.8675E-15  2.2000E-15  7.0000E-22  3.0000E-44  3.2000E-45  5.2000E+00  5.3000E+01  1.2307E+22  1.9880E+21  1.1321E+22
4.8603E-15  2.1231E-15  4.1294E-15  2.2000E-15  7.0000E-22  3.0000E-44  3.2000E-45  5.2000E+00  5.3000E+01  1.0021E+22  4.6411E+21  1.0954E+22
3.6392E-15  2.5935E-15  3.3479E-15  2.2000E-15  7.0000E-22  3.0000E-44  3.2000E-45  5.2000E+00  5.3000E+01  1.1675E+22  4.4615E+21  9.4814E+21
2.2553E-15  1.1354E-14  7.4291E-15  2.2000E-15  7.0000E-22  3.0000E-44  3.2000E-45  5.2000E+00  5.3000E+01  1.0485E+22  1.3286E+21  1.3803E+22
5.2131E-15  2.2995E-15  5.3885E-15  2.2000E-15  7.0000E-22  3.0000E-44  3.2000E-45  5.2000E+00  5.3000E+01  9.1452E+21  4.2426E+21  1.2228E+22
1.5226E-15  4.2985E-15  7.3423E-15  2.2000E-15  7.0000E-22  3.0000E-44  3.2000E-45  5.2000E+00  5.3000E+01  1.0475E+22  1.6026E+21  1.3538E+22
5.5116E-15  1.1060E-14  9.0356E-15  2.2000E-15  7.0000E-22  3.0000E-44  3.2000E-45  5.2000E+00  5.3000E+01  8.3739E+21  2.2132E+21  1.5029E+22
2.6894E-15  7.0030E-15  8.8619E-15  2.2000E-15  7.0000E-22  3.0000E-44  3.2000E-45  5.2000E+00  5.3000E+01  9.1644E+21  1.7694E+21  1.4682E+22
1.7940E-15  7.4146E-15  9.2961E-15  2.2000E-15  7.0000E-22  3.0000E-44  3.2000E-45  5.2000E+00  5.3000E+01  9.2811E+21  1.2266E+21  1.5108E+22
3.7477E-15  1.0472E-14  6.6042E-15  2.2000E-15  7.0000E-22  3.0000E-44  3.2000E-45  5.2000E+00  5.3000E+01  1.0396E+22  2.1351E+21  1.3085E+22
2.4181E-15  1.2177E-14  9.6000E-15  2.2000E-15  7.0000E-22  3.0000E-44  3.2000E-45  5.2000E+00  5.3000E+01  9.0877E+21  1.1575E+21  1.5371E+22
5.2673E-15  1.1883E-14  3.4782E-15  2.2000E-15  7.0000E-22  3.0000E-44  3.2000E-45  5.2000E+00  5.3000E+01  1.2315E+22  3.1411E+21  1.0159E+22
2.5538E-15  1.3588E-15  5.2149E-15  2.2000E-15  7.0000E-22  3.0000E-44  3.2000E-45  5.2000E+00  5.3000E+01  1.0773E+22  3.6481E+21  1.1195E+22
5.4573E-15  1.2471E-14  8.4712E-15  2.2000E-15  7.0000E-22  3.0000E-44  3.2000E-45  5.2000E+00  5.3000E+01  8.7607E+21  2.1579E+21  1.4697E+22
3.2322E-15  1.0707E-14  2.6967E-15  2.2000E-15  7.0000E-22  3.0000E-44  3.2000E-45  5.2000E+00  5.3000E+01  1.4595E+22  2.7561E+21  8.2655E+21
3.0422E-15  3.0050E-15  8.3409E-15  2.2000E-15  7.0000E-22  3.0000E-44  3.2000E-45  5.2000E+00  5.3000E+01  8.8887E+21  2.6660E+21  1.4063E+22
4.7789E-15  6.7678E-15  1.0903E-15  2.2000E-15  7.0000E-22  3.0000E-44  3.2000E-45  5.2000E+00  5.3000E+01  1.4265E+22  4.7700E+21  6.5822E+21
1.5497E-15  1.0237E-14  9.1658E-15  2.2000E-15  7.0000E-22  3.0000E-44  3.2000E-45  5.2000E+00  5.3000E+01  9.5370E+21  9.1640E+20  1.5163E+22
3.5035E-15  5.2980E-15  9.1224E-15  2.2000E-15  7.0000E-22  3.0000E-44  3.2000E-45  5.2000E+00  5.3000E+01  8.5679E+21  2.3072E+21  1.4741E+22
8.9849E-16  1.2588E-14  3.6519E-15  2.2000E-15  7.0000E-22  3.0000E-44  3.2000E-45  5.2000E+00  5.3000E+01  1.5218E+22  8.0192E+20  9.5978E+21
3.0965E-15  9.6487E-15  7.6896E-15  2.2000E-15  7.0000E-22  3.0000E-44  3.2000E-45  5.2000E+00  5.3000E+01  9.8765E+21  1.8120E+21  1.3927E+22
2.3095E-15  1.1295E-14  6.2135E-15  2.2000E-15  7.0000E-22  3.0000E-44  3.2000E-45  5.2000E+00  5.3000E+01  1.1424E+22  1.4979E+21  1.2694E+22
1.1156E-15  8.0025E-15  7.8199E-15  2.2000E-15  7.0000E-22  3.0000E-44  3.2000E-45  5.2000E+00  5.3000E+01  1.0529E+22  8.8081E+20  1.4207E+22
2.8523E-15  7.6497E-15  6.7345E-15  2.2000E-15  7.0000E-22  3.0000E-44  3.2000E-45  5.2000E+00  5.3000E+01  1.0493E+22  2.0608E+21  1.3062E+22
5.7829E-15  1.2118E-14  4.7807E-15  2.2000E-15  7.0000E-22  3.0000E-44  3.2000E-45  5.2000E+00  5.3000E+01  1.0910E+22  2.9135E+21  1.1792E+22
4.2090E-15  9.1196E-15  2.0454E-15  2.2000E-15  7.0000E-22  3.0000E-44  3.2000E-45  5.2000E+00  5.3000E+01  1.4274E+22  3.6775E+21  7.6656E+21
5.9729E-15  1.1707E-14  8.1672E-15  2.2000E-15  7.0000E-22  3.0000E-44  3.2000E-45  5.2000E+00  5.3000E+01  8.6856E+21  2.3742E+21  1.4556E+22
1.7126E-15  8.2377E-15  6.8647E-15  2.2000E-15  7.0000E-22  3.0000E-44  3.2000E-45  5.2000E+00  5.3000E+01  1.1007E+22  1.3394E+21  1.3270E+22
5.1317E-15  5.8859E-15  4.1729E-15  2.2000E-15  7.0000E-22  3.0000E-44  3.2000E-45  5.2000E+00  5.3000E+01  1.0794E+22  3.7912E+21  1.1031E+22
2.5266E-15  1.1589E-14  8.9922E-15  2.2000E-15  7.0000E-22  3.0000E-44  3.2000E-45  5.2000E+00  5.3000E+01  9.3801E+21  1.2863E+21  1.4950E+22
3.9920E-15  2.7111E-15  4.3899E-15  2.2000E-15  7.0000E-22  3.0000E-44  3.2000E-45  5.2000E+00  5.3000E+01  1.0638E+22  4.1491E+21  1.0829E+22
3.8020E-15  4.4161E-15  8.0370E-15  2.2000E-15  7.0000E-22  3.0000E-44  3.2000E-45  5.2000E+00  5.3000E+01  8.8786E+21  2.7452E+21  1.3992E+22
2.0111E-15  7.7085E-15  8.9487E-15  2.2000E-15  7.0000E-22  3.0000E-44  3.2000E-45  5.2000E+00  5.3000E+01  9.4165E+21  1.3498E+21  1.4850E+22
6.8141E-16  1.3000E-14  5.6490E-15  2.2000E-15  7.0000E-22  3.0000E-44  3.2000E-45  5.2000E+00  5.3000E+01  1.2774E+22  4.9093E+20  1.2351E+22
4.5889E-15  1.0178E-14  2.1323E-15  2.2000E-15  7.0000E-22  3.0000E-44  3.2000E-45  5.2000E+00  5.3000E+01  1.4046E+22  3.6095E+21  7.9617E+21
3.9377E-15  2.4759E-15  3.5650E-15  2.2000E-15  7.0000E-22  3.0000E-44  3.2000E-45  5.2000E+00  5.3000E+01  1.1205E+22  4.5142E+21  9.8988E+21
3.5578E-15  4.0045E-15  2.2625E-15  2.2000E-15  7.0000E-22  3.0000E-44  3.2000E-45  5.2000E+00  5.3000E+01  1.3275E+22  4.4711E+21  7.8713E+21
8.1709E-16  6.5327E-15  5.3451E-15  2.2000E-15  7.0000E-22  3.0000E-44  3.2000E-45  5.2000E+00  5.3000E+01  1.2843E+22  9.3094E+20  1.1842E+22
4.5618E-15  4.1809E-15  2.0020E-15  2.2000E-15  7.0000E-22  3.0000E-44  3.2000E-45  5.2000E+00  5.3000E+01  1.2602E+22  4.8793E+21  8.1364E+21
