2.7852E-15  1.0015E-14  4.8869E-16  2.2000E-15  7.0000E-22  3.0000E-44  2.0941E-44  5.2000E+00  5.3000E+01  1.8972E+22  3.7349E+21  2.9088E+21
2.5556E-15  3.2150E-15  3.3673E-15  2.2000E-15  7.0000E-22  3.0000E-44  5.5141E-45  5.2000E+00  5.3000E+01  1.2956E+22  3.8346E+21  8.8272E+21
3.7470E-15  1.2959E-14  1.0099E-15  2.2000E-15  7.0000E-22  3.0000E-44  2.0175E-44  5.2000E+00  5.3000E+01  1.7564E+22  3.7758E+21  4.2764E+21
1.7321E-15  7.6239E-15  2.5934E-15  2.2000E-15  7.0000E-22  3.0000E-44  1.3116E-45  5.2000E+00  5.3000E+01  1.5696E+22  2.1002E+21  7.8203E+21
4.2538E-15  1.0376E-14  9.0752E-15  2.2000E-15  7.0000E-22  3.0000E-44  1.7794E-44  5.2000E+00  5.3000E+01  9.1694E+21  2.3359E+21  1.4111E+22
5.0313E-16  1.1557E-14  3.9850E-15  2.2000E-15  7.0000E-22  3.0000E-44  1.8724E-44  5.2000E+00  5.3000E+01  1.5392E+22  4.4617E+20  9.7778E+21
3.5691E-15  5.5191E-15  8.8392E-15  2.2000E-15  7.0000E-22  3.0000E-44  1.8670E-44  5.2000E+00  5.3000E+01  9.0838E+21  2.7564E+21  1.3776E+22
4.8016E-15  7.1199E-15  1.8875E-15  2.2000E-15  7.0000E-22  3.0000E-44  2.6057E-45  5.2000E+00  5.3000E+01  1.3658E+22  5.4564E+21  6.5019E+21
5.4757E-15  7.2641E-15  6.3370E-15  2.2000E-15  7.0000E-22  3.0000E-44  1.2043E-44  5.2000E+00  5.3000E+01  9.8001E+21  4.0874E+21  1.1728E+22
5.8375E-15  8.9181E-15  3.7258E-15  2.2000E-15  7.0000E-22  3.0000E-44  1.0853E-44  5.2000E+00  5.3000E+01  1.1769E+22  4.7976E+21  9.0491E+21
2.9884E-15  6.6106E-15  6.9809E-15  2.2000E-15  7.0000E-22  3.0000E-44  2.8632E-44  5.2000E+00  5.3000E+01  1.0788E+22  2.5435E+21  1.2285E+22
5.7884E-15  7.2891E-15  2.5034E-15  2.2000E-15  7.0000E-22  3.0000E-44  1.5331E-44  5.2000E+00  5.3000E+01  1.2477E+22  5.8624E+21  7.2783E+21
7.9005E-16  2.8354E-15  1.1027E-16  2.2000E-15  7.0000E-22  3.0000E-44  1.1272E-44  5.2000E+00  5.3000E+01  2.1627E+22  2.5995E+21  1.3889E+21
7.9644E-16  6.8863E-15  7.7536E-16  2.2000E-15  7.0000E-22  3.0000E-44  1.0345E-44  5.2000E+00  5.3000E+01  2.0843E+22  1.4871E+21  3.2854E+21
2.4314E-15  1.1568E-14  8.7260E-15  2.2000E-15  7.0000E-22  3.0000E-44  9.5732E-45  5.2000E+00  5.3000E+01  9.7599E+21  1.3157E+21  1.4540E+22
2.6649E-15  1.1775E-14  7.1963E-15  2.2000E-15  7.0000E-22  3.0000E-44  9.1697E-45  5.2000E+00  5.3000E+01  1.0711E+22  1.5801E+21  1.3325E+22
5.1865E-15  1.7804E-15  7.1610E-15  2.2000E-15  7.0000E-22  3.0000E-44  4.8018E-45  5.2000E+00  5.3000E+01  8.0947E+21  5.5500E+21  1.1971E+22
3.0355E-15  1.0346E-14  8.8585E-16  2.2000E-15  7.0000E-22  3.0000E-44  1.0255E-44  5.2000E+00  5.3000E+01  1.7894E+22  3.6791E+21  4.0433E+21
4.9654E-15  1.1753E-15  7.2171E-15  2.2000E-15  7.0000E-22  3.0000E-44  1.0522E-45  5.2000E+00  5.3000E+01  7.9235E+21  5.6528E+21  1.2040E+22
9.1618E-17  9.6195E-15  7.7762E-15  2.2000E-15  7.0000E-22  3.0000E-44  3.0125E-44  5.2000E+00  5.3000E+01  1.1932E+22  6.7975E+19  1.3617E+22
2.6158E-15  2.9336E-16  8.8951E-15  2.2000E-15  7.0000E-22  3.0000E-44  9.5126E-45  5.2000E+00  5.3000E+01  8.4423E+21  3.4100E+21  1.3764E+22
3.6486E-15  4.9863E-16  7.4097E-15  2.2000E-15  7.0000E-22  3.0000E-44  1.6320E-44  5.2000E+00  5.3000E+01  8.5688E+21  4.9221E+21  1.2125E+22
4.9064E-18  2.9057E-15  4.2683E-15  2.2000E-15  7.0000E-22  3.0000E-44  7.3489E-45  5.2000E+00  5.3000E+01  1.4977E+22  8.2639E+18  1.0631E+22
3.7875E-15  1.2248E-14  1.1823E-15  2.2000E-15  7.0000E-22  3.0000E-44  2.1334E-44  5.2000E+00  5.3000E+01  1.7089E+22  3.8501E+21  4.6767E+21
3.6330E-15  6.7136E-16  6.0936E-15  2.2000E-15  7.0000E-22  3.0000E-44  1.5621E-44  5.2000E+00  5.3000E+01  9.2335E+21  5.2734E+21  1.1109E+22
1.6389E-15  9.6112E-15  7.0911E-15  2.2000E-15  7.0000E-22  3.0000E-44  1.2448E-44  5.2000E+00  5.3000E+01  1.1185E+22  1.1506E+21  1.3280E+22
4.7325E-15  1.0272E-14  2.1239E-15  2.2000E-15  7.0000E-22  3.0000E-44  2.0706E-44  5.2000E+00  5.3000E+01  1.4520E+22  4.5125E+21  6.5846E+21
1.1417E-15  1.5527E-15  3.6023E-15  2.2000E-15  7.0000E-22  3.0000E-44  1.8731E-44  5.2000E+00  5.3000E+01  1.4308E+22  2.3027E+21  9.0057E+21
2.4016E-15  6.3689E-16  6.1720E-15  2.2000E-15  7.0000E-22  3.0000E-44  3.1617E-44  5.2000E+00  5.3000E+01  1.0508E+22  3.9210E+21  1.1187E+22
4.4174E-15  1.1389E-14  2.8814E-15  2.2000E-15  7.0000E-22  3.0000E-44  2.2133E-44  5.2000E+00  5.3000E+01  1.4097E+22  3.7477E+21  7.7711E+21
5.8074E-15  9.3050E-15  3.9019E-15  2.2000E-15  7.0000E-22  3.0000E-44  3.5029E-45  5.2000E+00  5.3000E+01  1.1602E+22  4.5552E+21  9.4602E+21
1.4306E-15  6.9514E-15  6.8147E-15  2.2000E-15  7.0000E-22  3.0000E-44  7.8209E-45  5.2000E+00  5.3000E+01  1.1231E+22  1.2125E+21  1.3173E+22
5.7674E-15  3.7105E-16  5.2516E-16  2.2000E-15  7.0000E-22  3.0000E-44  1.5610E-44  5.2000E+00  5.3000E+01  9.3247E+21  1.1274E+22  5.0173E+21
3.1654E-15  3.8363E-15  4.9318E-15  2.2000E-15  7.0000E-22  3.0000E-44  2.3665E-44  5.2000E+00  5.3000E+01  1.1524E+22  3.8410E+21  1.0251E+22
3.9029E-15  9.3888E-15  3.7336E-15  2.2000E-15  7.0000E-22  3.0000E-44  3.0012E-44  5.2000E+00  5.3000E+01  1.3312E+22  3.5052E+21  8.7988E+21
1.8332E-15  1.0920E-14  5.8116E-16  2.2000E-15  7.0000E-22  3.0000E-44  1.9614E-44  5.2000E+00  5.3000E+01  2.0283E+22  2.4680E+21  2.8654E+21
3.5801E-15  6.2450E-15  8.2967E-15  2.2000E-15  7.0000E-22  3.0000E-44  2.3651E-44  5.2000E+00  5.3000E+01  9.5575E+21  2.7529E+21  1.3306E+22
4.1693E-15  8.5230E-15  9.2106E-15  2.2000E-15  7.0000E-22  3.0000E-44  1.9711E-44  5.2000E+00  5.3000E+01  9.0181E+21  2.5370E+21  1.4061E+22
6.3074E-16  1.1770E-14  4.9336E-15  2.2000E-15  7.0000E-22  3.0000E-44  1.4389E-44  5.2000E+00  5.3000E+01  1.3941E+22  4.9349E+20  1.1181E+22
1.8004E-15  2.8214E-15  2.4804E-17  2.2000E-15  7.0000E-22  3.0000E-44  1.2317E-44  5.2000E+00  5.3000E+01  1.8637E+22  5.0163E+21  1.9625E+21
1.6313E-15  2.6101E-15  3.4165E-16  2.2000E-15  7.0000E-22  3.0000E-44  3.1954E-45  5.2000E+00  5.3000E+01  1.8363E+22  4.4732E+21  2.7801E+21
1.9520E-15  9.8690E-15  1.2829E-15  2.2000E-15  7.0000E-22  3.0000E-44  2.1341E-44  5.2000E+00  5.3000E+01  1.8416E+22  2.4818E+21  4.7186E+21
2.2753E-15  1.0905E-14  3.2591E-15  2.2000E-15  7.0000E-22  3.0000E-44  1.7319E-44  5.2000E+00  5.3000E+01  1.4980E+22  2.0818E+21  8.5536E+21
1.7212E-15  5.6419E-15  7.2430E-15  2.2000E-15  7.0000E-22  3.0000E-44  9.1489E-45  5.2000E+00  5.3000E+01  1.0697E+22  1.5419E+21  1.3377E+22
2.7119E-15  5.3769E-15  8.4393E-15  2.2000E-15  7.0000E-22  3.0000E-44  2.2303E-44  5.2000E+00  5.3000E+01  9.7367E+21  2.2679E+21  1.3611E+22
1.1693E-15  1.2791E-14  1.9164E-15  2.2000E-15  7.0000E-22  3.0000E-44  9.6238E-46  5.2000E+00  5.3000E+01  1.8018E+22  1.1802E+21  6.4176E+21
5.4956E-15  9.4112E-15  6.5889E-15  2.2000E-15  7.0000E-22  3.0000E-44  8.6987E-45  5.2000E+00  5.3000E+01  9.8953E+21  3.5353E+21  1.2185E+22
6.0664E-16  7.6934E-15  6.1710E-15  2.2000E-15  7.0000E-22  3.0000E-44  1.2374E-44  5.2000E+00  5.3000E+01  1.2454E+22  5.4083E+20  1.2621E+22
2.2022E-15  1.0380E-14  8.3602E-15  2.2000E-15  7.0000E-22  3.0000E-44  6.8438E-45  5.2000E+00  5.3000E+01  9.9341E+21  1.2998E+21  1.4382E+22
2.4888E-15  9.8150E-15  7.0518E-15  2.2000E-15  7.0000E-22  3.0000E-44  2.7766E-44  5.2000E+00  5.3000E+01  1.1269E+22  1.7544E+21  1.2592E+22
8.5755E-16  4.0070E-15  9.1411E-16  2.2000E-15  7.0000E-22  3.0000E-44  2.6583E-44  5.2000E+00  5.3000E+01  1.9908E+22  2.0392E+21  3.6688E+21
1.5375E-15  7.7706E-15  3.8637E-15  2.2000E-15  7.0000E-22  3.0000E-44  6.6779E-45  5.2000E+00  5.3000E+01  1.4200E+22  1.6173E+21  9.7981E+21
7.9491E-16  6.7757E-15  5.1879E-15  2.2000E-15  7.0000E-22  3.0000E-44  1.9896E-44  5.2000E+00  5.3000E+01  1.3542E+22  8.4050E+20  1.1233E+22
2.7080E-15  4.7368E-15  3.7179E-15  2.2000E-15  7.0000E-22  3.0000E-44  2.9699E-44  5.2000E+00  5.3000E+01  1.3293E+22  3.5412E+21  8.7821E+21
1.2728E-15  4.6931E-15  6.5701E-15  2.2000E-15  7.0000E-22  3.0000E-44  4.5487E-45  5.2000E+00  5.3000E+01  1.1276E+22  1.3089E+21  1.3031E+22
3.9066E-15  3.7309E-15  3.9009E-15  2.2000E-15  7.0000E-22  3.0000E-44  3.1531E-44  5.2000E+00  5.3000E+01  1.1752E+22  5.0584E+21  8.8054E+21
3.1423E-15  1.2517E-14  6.0375E-16  2.2000E-15  7.0000E-22  3.0000E-44  3.1790E-44  5.2000E+00  5.3000E+01  1.8933E+22  3.5607E+21  3.1225E+21
5.5256E-15  9.6688E-15  4.4725E-15  2.2000E-15  7.0000E-22  3.0000E-44  2.9276E-44  5.2000E+00  5.3000E+01  1.1763E+22  4.2786E+21  9.5747E+21
2.7086E-15  1.8804E-15  5.6295E-15  2.2000E-15  7.0000E-22  3.0000E-44  2.4525E-44  5.2000E+00  5.3000E+01  1.0867E+22  3.8521E+21  1.0896E+22
1.5401E-15  7.2683E-15  7.4080E-16  2.2000E-15  7.0000E-22  3.0000E-44  1.6225E-44  5.2000E+00  5.3000E+01  1.9616E+22  2.6164E+21  3.3840E+21
1.8955E-16  1.4903E-15  4.5760E-15  2.2000E-15  7.0000E-22  3.0000E-44  6.9549E-45  5.2000E+00  5.3000E+01  1.4252E+22  3.5932E+20  1.1005E+22
4.9485E-15  1.0721E-14  7.3879E-15  2.2000E-15  7.0000E-22  3.0000E-44  1.8592E-45  5.2000E+00  5.3000E+01  9.5759E+21  2.8053E+21  1.3234E+22
4.4619E-15  9.6999E-15  2.5608E-15  2.2000E-15  7.0000E-22  3.0000E-44  4.9880E-45  5.2000E+00  5.3000E+01  1.3860E+22  4.1580E+21  7.5984E+21
3.6354E-15  7.7580E-15  9.4553E-15  2.2000E-15  7.0000E-22  3.0000E-44  5.0152E-45  5.2000E+00  5.3000E+01  8.6686E+21  2.2254E+21  1.4722E+22
3.2177E-15  1.0030E-14  6.1511E-15  2.2000E-15  7.0000E-22  3.0000E-44  2.1779E-44  5.2000E+00  5.3000E+01  1.1487E+22  2.3036E+21  1.1825E+22
1.4710E-15  6.2968E-15  8.1887E-16  2.2000E-15  7.0000E-22  3.0000E-44  1.3353E-44  5.2000E+00  5.3000E+01  1.9310E+22  2.6701E+21  3.6358E+21
9.6276E-16  6.4394E-15  8.2031E-15  2.2000E-15  7.0000E-22  3.0000E-44  1.1324E-44  5.2000E+00  5.3000E+01  1.0503E+22  7.8187E+20  1.4332E+22
5.4421E-15  1.0419E-14  7.3882E-15  2.2000E-15  7.0000E-22  3.0000E-44  1.8479E-44  5.2000E+00  5.3000E+01  9.7498E+21  3.2200E+21  1.2646E+22
2.0414E-15  1.0838E-14  4.5968E-15  2.2000E-15  7.0000E-22  3.0000E-44  9.9508E-45  5.2000E+00  5.3000E+01  1.3315E+22  1.6257E+21  1.0675E+22
1.6237E-15  3.7046E-15  1.3158E-15  2.2000E-15  7.0000E-22  3.0000E-44  1.7216E-45  5.2000E+00  5.3000E+01  1.7147E+22  3.3162E+21  5.1532E+21
5.0272E-15  1.2617E-14  6.3261E-15  2.2000E-15  7.0000E-22  3.0000E-44  1.5892E-44  5.2000E+00  5.3000E+01  1.0739E+22  2.9011E+21  1.1976E+22
5.8168E-15  8.3173E-15  6.5397E-15  2.2000E-15  7.0000E-22  3.0000E-44  1.9325E-44  5.2000E+00  5.3000E+01  9.8468E+21  4.0375E+21  1.1732E+22
4.8749E-15  5.9380E-15  5.8824E-15  2.2000E-15  7.0000E-22  3.0000E-44  1.8228E-44  5.2000E+00  5.3000E+01  1.0203E+22  4.2474E+21  1.1165E+22
5.5013E-15  1.4482E-15  4.5358E-15  2.2000E-15  7.0000E-22  3.0000E-44  1.5895E-44  5.2000E+00  5.3000E+01  8.9539E+21  7.2968E+21  9.3653E+21
2.6898E-15  1.0150E-14  8.8766E-15  2.2000E-15  7.0000E-22  3.0000E-44  2.5782E-44  5.2000E+00  5.3000E+01  9.9526E+21  1.6196E+21  1.4044E+22
5.4965E-15  1.1351E-14  9.1581E-15  2.2000E-15  7.0000E-22  3.0000E-44  9.8622E-45  5.2000E+00  5.3000E+01  8.6983E+21  2.7089E+21  1.4209E+22
1.3706E-15  1.2287E-15  8.0690E-15  2.2000E-15  7.0000E-22  3.0000E-44  1.6420E-44  5.2000E+00  5.3000E+01  1.0102E+22  1.8358E+21  1.3679E+22
4.9784E-15  9.5025E-15  7.9534E-15  2.2000E-15  7.0000E-22  3.0000E-44  6.8508E-45  5.2000E+00  5.3000E+01  9.2397E+21  2.9319E+21  1.3444E+22
5.1955E-15  1.0404E-14  7.3961E-15  2.2000E-15  7.0000E-22  3.0000E-44  2.8413E-44  5.2000E+00  5.3000E+01  1.0025E+22  3.1688E+21  1.2422E+22
7.1385E-16  1.0005E-14  3.0132E-15  2.2000E-15  7.0000E-22  3.0000E-44  2.8273E-44  5.2000E+00  5.3000E+01  1.6862E+22  7.8031E+20  7.9737E+21
5.0791E-15  8.1423E-15  8.8499E-15  2.2000E-15  7.0000E-22  3.0000E-44  2.8160E-44  5.2000E+00  5.3000E+01  9.0295E+21  3.2079E+21  1.3379E+22
5.7772E-15  4.8943E-15  9.1168E-15  2.2000E-15  7.0000E-22  3.0000E-44  2.0951E-44  5.2000E+00  5.3000E+01  8.0743E+21  4.2620E+21  1.3280E+22
3.0082E-17  1.0138E-14  4.8308E-15  2.2000E-15  7.0000E-22  3.0000E-44  2.5189E-44  5.2000E+00  5.3000E+01  1.4802E+22  2.7570E+19  1.0786E+22
5.6654E-15  8.6464E-15  9.5147E-15  2.2000E-15  7.0000E-22  3.0000E-44  8.6520E-45  5.2000E+00  5.3000E+01  8.2357E+21  3.1292E+21  1.4251E+22
4.9149E-15  1.0553E-14  1.9002E-15  2.2000E-15  7.0000E-22  3.0000E-44  1.8070E-44  5.2000E+00  5.3000E+01  1.4694E+22  4.6798E+21  6.2433E+21
1.6546E-15  3.7386E-15  2.4944E-15  2.2000E-15  7.0000E-22  3.0000E-44  1.5499E-45  5.2000E+00  5.3000E+01  1.5210E+22  2.8023E+21  7.6043E+21
3.8862E-15  1.1569E-14  3.4228E-15  2.2000E-15  7.0000E-22  3.0000E-44  8.3873E-45  5.2000E+00  5.3000E+01  1.3597E+22  3.0995E+21  8.9197E+21
3.0240E-15  6.0962E-15  9.3219E-15  2.2000E-15  7.0000E-22  3.0000E-44  2.1112E-45  5.2000E+00  5.3000E+01  8.7282E+21  2.1087E+21  1.4777E+22
3.2788E-15  1.1697E-14  3.1748E-15  2.2000E-15  7.0000E-22  3.0000E-44  8.1145E-45  5.2000E+00  5.3000E+01  1.4288E+22  2.7337E+21  8.5946E+21
4.0297E-15  7.2064E-15  5.7782E-15  2.2000E-15  7.0000E-22  3.0000E-44  6.7421E-45  5.2000E+00  5.3000E+01  1.0704E+22  3.2883E+21  1.1624E+22
9.3190E-16  1.6203E-15  7.5630E-15  2.2000E-15  7.0000E-22  3.0000E-44  1.1832E-44  5.2000E+00  5.3000E+01  1.0714E+22  1.2508E+21  1.3651E+22
2.5272E-15  4.1837E-16  7.1364E-15  2.2000E-15  7.0000E-22  3.0000E-44  2.5891E-45  5.2000E+00  5.3000E+01  9.2672E+21  3.6293E+21  1.2719E+22
3.6366E-15  1.0524E-14  3.0601E-15  2.2000E-15  7.0000E-22  3.0000E-44  2.6188E-44  5.2000E+00  5.3000E+01  1.4342E+22  3.2980E+21  7.9760E+21
1.8153E-15  6.3523E-15  8.9673E-15  2.2000E-15  7.0000E-22  3.0000E-44  2.6706E-44  5.2000E+00  5.3000E+01  1.0040E+22  1.4281E+21  1.4148E+22
2.1752E-15  8.2284E-15  5.0645E-15  2.2000E-15  7.0000E-22  3.0000E-44  6.5267E-45  5.2000E+00  5.3000E+01  1.2437E+22  1.9067E+21  1.1272E+22
5.0870E-15  1.2443E-14  9.5244E-15  2.2000E-15  7.0000E-22  3.0000E-44  2.9818E-44  5.2000E+00  5.3000E+01  9.1246E+21  2.4769E+21  1.4015E+22
3.7654E-15  4.9713E-15  7.9534E-15  2.2000E-15  7.0000E-22  3.0000E-44  1.9152E-44  5.2000E+00  5.3000E+01  9.3924E+21  3.1909E+21  1.3033E+22
5.3530E-15  1.0207E-14  2.4608E-15  2.2000E-15  7.0000E-22  3.0000E-44  2.9525E-44  5.2000E+00  5.3000E+01  1.3784E+22  4.8452E+21  6.9884E+21
1.7760E-16  3.5538E-15  5.3887E-16  2.2000E-15  7.0000E-22  3.0000E-44  2.5135E-44  5.2000E+00  5.3000E+01  2.2845E+22  5.3689E+20  2.2338E+21
2.0192E-15  6.9542E-15  6.9833E-15  2.2000E-15  7.0000E-22  3.0000E-44  2.8413E-44  5.2000E+00  5.3000E+01  1.1350E+22  1.7473E+21  1.2519E+22
