6.0000E-16  1.3000E-15  9.6000E-16  2.2000E-15  7.0000E-22  3.0000E-44  3.2000E-45  5.2000E+00  5.3000E+01  1.9571E+22  2.0420E+21  4.0032E+21
8.8421E-16  1.3000E-15  9.6000E-16  2.2000E-15  7.0000E-22  3.0000E-44  3.2000E-45  5.2000E+00  5.3000E+01  1.8611E+22  2.8531E+21  4.1521E+21
1.1684E-15  1.3000E-15  9.6000E-16  2.2000E-15  7.0000E-22  3.0000E-44  3.2000E-45  5.2000E+00  5.3000E+01  1.7737E+22  3.5911E+21  4.2878E+21
1.4526E-15  1.3000E-15  9.6000E-16  2.2000E-15  7.0000E-22  3.0000E-44  3.2000E-45  5.2000E+00  5.3000E+01  1.6959E+22  4.2480E+21  4.4086E+21
1.7368E-15  1.3000E-15  9.6000E-16  2.2000E-15  7.0000E-22  3.0000E-44  3.2000E-45  5.2000E+00  5.3000E+01  1.6224E+22  4.8694E+21  4.5230E+21
2.0211E-15  1.3000E-15  9.6000E-16  2.2000E-15  7.0000E-22  3.0000E-44  3.2000E-45  5.2000E+00  5.3000E+01  1.5572E+22  5.4198E+21  4.6244E+21
2.3053E-15  1.3000E-15  9.6000E-16  2.2000E-15  7.0000E-22  3.0000E-44  3.2000E-45  5.2000E+00  5.3000E+01  1.4950E+22  5.9448E+21  4.7213E+21
2.5895E-15  1.3000E-15  9.6000E-16  2.2000E-15  7.0000E-22  3.0000E-44  3.2000E-45  5.2000E+00  5.3000E+01  1.4395E+22  6.4133E+21  4.8078E+21
2.8737E-15  1.3000E-15  9.6000E-16  2.2000E-15  7.0000E-22  3.0000E-44  3.2000E-45  5.2000E+00  5.3000E+01  1.3880E+22  6.8483E+21  4.8882E+21
3.1579E-15  1.3000E-15  9.6000E-16  2.2000E-15  7.0000E-22  3.0000E-44  3.2000E-45  5.2000E+00  5.3000E+01  1.3383E+22  7.2672E+21  4.9656E+21
3.4421E-15  1.3000E-15  9.6000E-16  2.2000E-15  7.0000E-22  3.0000E-44  3.2000E-45  5.2000E+00  5.3000E+01  1.2936E+22  7.6443E+21  5.0354E+21
3.7263E-15  1.3000E-15  9.6000E-16  2.2000E-15  7.0000E-22  3.0000E-44  3.2000E-45  5.2000E+00  5.3000E+01  1.2504E+22  8.0093E+21  5.1030E+21
4.0105E-15  1.3000E-15  9.6000E-16  2.2000E-15  7.0000E-22  3.0000E-44  3.2000E-45  5.2000E+00  5.3000E+01  1.2112E+22  8.3395E+21  5.1642E+21
4.2947E-15  1.3000E-15  9.6000E-16  2.2000E-15  7.0000E-22  3.0000E-44  3.2000E-45  5.2000E+00  5.3000E+01  1.1745E+22  8.6497E+21  5.2217E+21
4.5789E-15  1.3000E-15  9.6000E-16  2.2000E-15  7.0000E-22  3.0000E-44  3.2000E-45  5.2000E+00  5.3000E+01  1.1386E+22  8.9520E+21  5.2778E+21
4.8632E-15  1.3000E-15  9.6000E-16  2.2000E-15  7.0000E-22  3.0000E-44  3.2000E-45  5.2000E+00  5.3000E+01  1.1060E+22  9.2269E+21  5.3288E+21
5.1474E-15  1.3000E-15  9.6000E-16  2.2000E-15  7.0000E-22  3.0000E-44  3.2000E-45  5.2000E+00  5.3000E+01  1.0742E+22  9.4957E+21  5.3788E+21
5.4316E-15  1.3000E-15  9.6000E-16  2.2000E-15  7.0000E-22  3.0000E-44  3.2000E-45  5.2000E+00  5.3000E+01  1.0451E+22  9.7411E+21  5.4244E+21
5.7158E-15  1.3000E-15  9.6000E-16  2.2000E-15  7.0000E-22  3.0000E-44  3.2000E-45  5.2000E+00  5.3000E+01  1.0165E+22  9.9817E+21  5.4691E+21
6.0000E-15  1.3000E-15  9.6000E-16  2.2000E-15  7.0000E-22  3.0000E-44  3.2000E-45  5.2000E+00  5.3000E+01  9.9041E+21  1.0202E+22  5.5101E+21
6.0000E-16  1.3000E-15  1.4147E-15  2.2000E-15  7.0000E-22  3.0000E-44  3.2000E-45  5.2000E+00  5.3000E+01  1.8582E+22  1.8430E+21  5.1913E+21
8.8421E-16  1.3000E-15  1.4147E-15  2.2000E-15  7.0000E-22  3.0000E-44  3.2000E-45  5.2000E+00  5.3000E+01  1.7746E+22  2.5956E+21  5.2749E+21
1.1684E-15  1.3000E-15  1.4147E-15  2.2000E-15  7.0000E-22  3.0000E-44  3.2000E-45  5.2000E+00  5.3000E+01  1.6974E+22  3.2895E+21  5.3521E+21
1.4526E-15  1.3000E-15  1.4147E-15  2.2000E-15  7.0000E-22  3.0000E-44  3.2000E-45  5.2000E+00  5.3000E+01  1.6280E+22  3.9141E+21  5.4217E+21
1.7368E-15  1.3000E-15  1.4147E-15  2.2000E-15  7.0000E-22  3.0000E-44  3.2000E-45  5.2000E+00  5.3000E+01  1.5617E+22  4.5106E+21  5.4882E+21
2.0211E-15  1.3000E-15  1.4147E-15  2.2000E-15  7.0000E-22  3.0000E-44  3.2000E-45  5.2000E+00  5.3000E+01  1.5025E+22  5.0432E+21  5.5476E+21
2.3053E-15  1.3000E-15  1.4147E-15  2.2000E-15  7.0000E-22  3.0000E-44  3.2000E-45  5.2000E+00  5.3000E+01  1.4457E+22  5.5549E+21  5.6048E+21
2.5895E-15  1.3000E-15  1.4147E-15  2.2000E-15  7.0000E-22  3.0000E-44  3.2000E-45  5.2000E+00  5.3000E+01  1.3946E+22  6.0143E+21  5.6562E+21
2.8737E-15  1.3000E-15  1.4147E-15  2.2000E-15  7.0000E-22  3.0000E-44  3.2000E-45  5.2000E+00  5.3000E+01  1.3469E+22  6.4431E+21  5.7042E+21
3.1579E-15  1.3000E-15  1.4147E-15  2.2000E-15  7.0000E-22  3.0000E-44  3.2000E-45  5.2000E+00  5.3000E+01  1.3007E+22  6.8581E+21  5.7507E+21
3.4421E-15  1.3000E-15  1.4147E-15  2.2000E-15  7.0000E-22  3.0000E-44  3.2000E-45  5.2000E+00  5.3000E+01  1.2590E+22  7.2333E+21  5.7928E+21
3.7263E-15  1.3000E-15  1.4147E-15  2.2000E-15  7.0000E-22  3.0000E-44  3.2000E-45  5.2000E+00  5.3000E+01  1.2185E+22  7.5979E+21  5.8337E+21
4.0105E-15  1.3000E-15  1.4147E-15  2.2000E-15  7.0000E-22  3.0000E-44  3.2000E-45  5.2000E+00  5.3000E+01  1.1817E+22  7.9288E+21  5.8709E+21
4.2947E-15  1.3000E-15  1.4147E-15  2.2000E-15  7.0000E-22  3.0000E-44  3.2000E-45  5.2000E+00  5.3000E+01  1.1470E+22  8.2407E+21  5.9059E+21
4.5789E-15  1.3000E-15  1.4147E-15  2.2000E-15  7.0000E-22  3.0000E-44  3.2000E-45  5.2000E+00  5.3000E+01  1.1131E+22  8.5454E+21  5.9402E+21
4.8632E-15  1.3000E-15  1.4147E-15  2.2000E-15  7.0000E-22  3.0000E-44  3.2000E-45  5.2000E+00  5.3000E+01  1.0821E+22  8.8233E+21  5.9715E+21
5.1474E-15  1.3000E-15  1.4147E-15  2.2000E-15  7.0000E-22  3.0000E-44  3.2000E-45  5.2000E+00  5.3000E+01  1.0518E+22  9.0957E+21  6.0022E+21
5.4316E-15  1.3000E-15  1.4147E-15  2.2000E-15  7.0000E-22  3.0000E-44  3.2000E-45  5.2000E+00  5.3000E+01  1.0241E+22  9.3448E+21  6.0303E+21
5.7158E-15  1.3000E-15  1.4147E-15  2.2000E-15  7.0000E-22  3.0000E-44  3.2000E-45  5.2000E+00  5.3000E+01  9.9688E+21  9.5896E+21  6.0579E+21
6.0000E-15  1.3000E-15  1.4147E-15  2.2000E-15  7.0000E-22  3.0000E-44  3.2000E-45  5.2000E+00  5.3000E+01  9.7189E+21  9.8142E+21  6.0832E+21
6.0000E-16  1.3000E-15  1.8695E-15  2.2000E-15  7.0000E-22  3.0000E-44  3.2000E-45  5.2000E+00  5.3000E+01  1.7652E+22  1.6782E+21  6.2864E+21
8.8421E-16  1.3000E-15  1.8695E-15  2.2000E-15  7.0000E-22  3.0000E-44  3.2000E-45  5.2000E+00  5.3000E+01  1.6919E+22  2.3782E+21  6.3187E+21
1.1684E-15  1.3000E-15  1.8695E-15  2.2000E-15  7.0000E-22  3.0000E-44  3.2000E-45  5.2000E+00  5.3000E+01  1.6237E+22  3.0304E+21  6.3488E+21
1.4526E-15  1.3000E-15  1.8695E-15  2.2000E-15  7.0000E-22  3.0000E-44  3.2000E-45  5.2000E+00  5.3000E+01  1.5617E+22  3.6230E+21  6.3763E+21
1.7368E-15  1.3000E-15  1.8695E-15  2.2000E-15  7.0000E-22  3.0000E-44  3.2000E-45  5.2000E+00  5.3000E+01  1.5020E+22  4.1937E+21  6.4027E+21
2.0211E-15  1.3000E-15  1.8695E-15  2.2000E-15  7.0000E-22  3.0000E-44  3.2000E-45  5.2000E+00  5.3000E+01  1.4483E+22  4.7069E+21  6.4265E+21
2.3053E-15  1.3000E-15  1.8695E-15  2.2000E-15  7.0000E-22  3.0000E-44  3.2000E-45  5.2000E+00  5.3000E+01  1.3964E+22  5.2032E+21  6.4495E+21
2.5895E-15  1.3000E-15  1.8695E-15  2.2000E-15  7.0000E-22  3.0000E-44  3.2000E-45  5.2000E+00  5.3000E+01  1.3495E+22  5.6514E+21  6.4704E+21
2.8737E-15  1.3000E-15  1.8695E-15  2.2000E-15  7.0000E-22  3.0000E-44  3.2000E-45  5.2000E+00  5.3000E+01  1.3055E+22  6.0718E+21  6.4899E+21
3.1579E-15  1.3000E-15  1.8695E-15  2.2000E-15  7.0000E-22  3.0000E-44  3.2000E-45  5.2000E+00  5.3000E+01  1.2627E+22  6.4806E+21  6.5089E+21
3.4421E-15  1.3000E-15  1.8695E-15  2.2000E-15  7.0000E-22  3.0000E-44  3.2000E-45  5.2000E+00  5.3000E+01  1.2238E+22  6.8517E+21  6.5262E+21
3.7263E-15  1.3000E-15  1.8695E-15  2.2000E-15  7.0000E-22  3.0000E-44  3.2000E-45  5.2000E+00  5.3000E+01  1.1859E+22  7.2137E+21  6.5431E+21
4.0105E-15  1.3000E-15  1.8695E-15  2.2000E-15  7.0000E-22  3.0000E-44  3.2000E-45  5.2000E+00  5.3000E+01  1.1514E+22  7.5434E+21  6.5585E+21
4.2947E-15  1.3000E-15  1.8695E-15  2.2000E-15  7.0000E-22  3.0000E-44  3.2000E-45  5.2000E+00  5.3000E+01  1.1188E+22  7.8551E+21  6.5731E+21
4.5789E-15  1.3000E-15  1.8695E-15  2.2000E-15  7.0000E-22  3.0000E-44  3.2000E-45  5.2000E+00  5.3000E+01  1.0868E+22  8.1605E+21  6.5874E+21
4.8632E-15  1.3000E-15  1.8695E-15  2.2000E-15  7.0000E-22  3.0000E-44  3.2000E-45  5.2000E+00  5.3000E+01  1.0576E+22  8.4398E+21  6.6004E+21
5.1474E-15  1.3000E-15  1.8695E-15  2.2000E-15  7.0000E-22  3.0000E-44  3.2000E-45  5.2000E+00  5.3000E+01  1.0289E+22  8.7142E+21  6.6133E+21
5.4316E-15  1.3000E-15  1.8695E-15  2.2000E-15  7.0000E-22  3.0000E-44  3.2000E-45  5.2000E+00  5.3000E+01  1.0025E+22  8.9658E+21  6.6251E+21
5.7158E-15  1.3000E-15  1.8695E-15  2.2000E-15  7.0000E-22  3.0000E-44  3.2000E-45  5.2000E+00  5.3000E+01  9.7661E+21  9.2135E+21  6.6367E+21
6.0000E-15  1.3000E-15  1.8695E-15  2.2000E-15  7.0000E-22  3.0000E-44  3.2000E-45  5.2000E+00  5.3000E+01  9.5278E+21  9.4412E+21  6.6474E+21
6.0000E-16  1.3000E-15  2.3242E-15  2.2000E-15  7.0000E-22  3.0000E-44  3.2000E-45  5.2000E+00  5.3000E+01  1.6816E+22  1.5451E+21  7.2553E+21
8.8421E-16  1.3000E-15  2.3242E-15  2.2000E-15  7.0000E-22  3.0000E-44  3.2000E-45  5.2000E+00  5.3000E+01  1.6168E+22  2.1996E+21  7.2486E+21
1.1684E-15  1.3000E-15  2.3242E-15  2.2000E-15  7.0000E-22  3.0000E-44  3.2000E-45  5.2000E+00  5.3000E+01  1.5559E+22  2.8148E+21  7.2424E+21
1.4526E-15  1.3000E-15  2.3242E-15  2.2000E-15  7.0000E-22  3.0000E-44  3.2000E-45  5.2000E+00  5.3000E+01  1.5002E+22  3.3779E+21  7.2366E+21
1.7368E-15  1.3000E-15  2.3242E-15  2.2000E-15  7.0000E-22  3.0000E-44  3.2000E-45  5.2000E+00  5.3000E+01  1.4461E+22  3.9239E+21  7.2311E+21
2.0211E-15  1.3000E-15  2.3242E-15  2.2000E-15  7.0000E-22  3.0000E-44  3.2000E-45  5.2000E+00  5.3000E+01  1.3972E+22  4.4180E+21  7.2260E+21
2.3053E-15  1.3000E-15  2.3242E-15  2.2000E-15  7.0000E-22  3.0000E-44  3.2000E-45  5.2000E+00  5.3000E+01  1.3497E+22  4.8984E+21  7.2211E+21
2.5895E-15  1.3000E-15  2.3242E-15  2.2000E-15  7.0000E-22  3.0000E-44  3.2000E-45  5.2000E+00  5.3000E+01  1.3065E+22  5.3344E+21  7.2166E+21
2.8737E-15  1.3000E-15  2.3242E-15  2.2000E-15  7.0000E-22  3.0000E-44  3.2000E-45  5.2000E+00  5.3000E+01  1.2659E+22  5.7454E+21  7.2124E+21
3.1579E-15  1.3000E-15  2.3242E-15  2.2000E-15  7.0000E-22  3.0000E-44  3.2000E-45  5.2000E+00  5.3000E+01  1.2262E+22  6.1465E+21  7.2083E+21
3.4421E-15  1.3000E-15  2.3242E-15  2.2000E-15  7.0000E-22  3.0000E-44  3.2000E-45  5.2000E+00  5.3000E+01  1.1900E+22  6.5122E+21  7.2045E+21
3.7263E-15  1.3000E-15  2.3242E-15  2.2000E-15  7.0000E-22  3.0000E-44  3.2000E-45  5.2000E+00  5.3000E+01  1.1545E+22  6.8701E+21  7.2008E+21
4.0105E-15  1.3000E-15  2.3242E-15  2.2000E-15  7.0000E-22  3.0000E-44  3.2000E-45  5.2000E+00  5.3000E+01  1.1222E+22  7.1971E+21  7.1975E+21
4.2947E-15  1.3000E-15  2.3242E-15  2.2000E-15  7.0000E-22  3.0000E-44  3.2000E-45  5.2000E+00  5.3000E+01  1.0915E+22  7.5072E+21  7.1943E+21
4.5789E-15  1.3000E-15  2.3242E-15  2.2000E-15  7.0000E-22  3.0000E-44  3.2000E-45  5.2000E+00  5.3000E+01  1.0613E+22  7.8118E+21  7.1911E+21
4.8632E-15  1.3000E-15  2.3242E-15  2.2000E-15  7.0000E-22  3.0000E-44  3.2000E-45  5.2000E+00  5.3000E+01  1.0337E+22  8.0912E+21  7.1882E+21
5.1474E-15  1.3000E-15  2.3242E-15  2.2000E-15  7.0000E-22  3.0000E-44  3.2000E-45  5.2000E+00  5.3000E+01  1.0065E+22  8.3662E+21  7.1854E+21
5.4316E-15  1.3000E-15  2.3242E-15  2.2000E-15  7.0000E-22  3.0000E-44  3.2000E-45  5.2000E+00  5.3000E+01  9.8145E+21  8.6189E+21  7.1828E+21
5.7158E-15  1.3000E-15  2.3242E-15  2.2000E-15  7.0000E-22  3.0000E-44  3.2000E-45  5.2000E+00  5.3000E+01  9.5677E+21  8.8683E+21  7.1802E+21
6.0000E-15  1.3000E-15  2.3242E-15  2.2000E-15  7.0000E-22  3.0000E-44  3.2000E-45  5.2000E+00  5.3000E+01  9.3405E+21  9.0979E+21  7.1778E+21
6.0000E-16  1.3000E-15  2.7789E-15  2.2000E-15  7.0000E-22  3.0000E-44  3.2000E-45  5.2000E+00  5.3000E+01  1.6032E+22  1.4306E+21  8.1542E+21
8.8421E-16  1.3000E-15  2.7789E-15  2.2000E-15  7.0000E-22  3.0000E-44  3.2000E-45  5.2000E+00  5.3000E+01  1.5456E+22  2.0443E+21  8.1163E+21
1.1684E-15  1.3000E-15  2.7789E-15  2.2000E-15  7.0000E-22  3.0000E-44  3.2000E-45  5.2000E+00  5.3000E+01  1.4911E+22  2.6251E+21  8.0805E+21
1.4526E-15  1.3000E-15  2.7789E-15  2.2000E-15  7.0000E-22  3.0000E-44  3.2000E-45  5.2000E+00  5.3000E+01  1.4409E+22  3.1602E+21  8.0474E+21
1.7368E-15  1.3000E-15  2.7789E-15  2.2000E-15  7.0000E-22  3.0000E-44  3.2000E-45  5.2000E+00  5.3000E+01  1.3919E+22  3.6821E+21  8.0151E+21
2.0211E-15  1.3000E-15  2.7789E-15  2.2000E-15  7.0000E-22  3.0000E-44  3.2000E-45  5.2000E+00  5.3000E+01  1.3474E+22  4.1569E+21  7.9857E+21
2.3053E-15  1.3000E-15  2.7789E-15  2.2000E-15  7.0000E-22  3.0000E-44  3.2000E-45  5.2000E+00  5.3000E+01  1.3039E+22  4.6210E+21  7.9569E+21
2.5895E-15  1.3000E-15  2.7789E-15  2.2000E-15  7.0000E-22  3.0000E-44  3.2000E-45  5.2000E+00  5.3000E+01  1.2642E+22  5.0441E+21  7.9307E+21
2.8737E-15  1.3000E-15  2.7789E-15  2.2000E-15  7.0000E-22  3.0000E-44  3.2000E-45  5.2000E+00  5.3000E+01  1.2266E+22  5.4445E+21  7.9058E+21
3.1579E-15  1.3000E-15  2.7789E-15  2.2000E-15  7.0000E-22  3.0000E-44  3.2000E-45  5.2000E+00  5.3000E+01  1.1898E+22  5.8369E+21  7.8814E+21
3.4421E-15  1.3000E-15  2.7789E-15  2.2000E-15  7.0000E-22  3.0000E-44  3.2000E-45  5.2000E+00  5.3000E+01  1.1561E+22  6.1959E+21  7.8590E+21
3.7263E-15  1.3000E-15  2.7789E-15  2.2000E-15  7.0000E-22  3.0000E-44  3.2000E-45  5.2000E+00  5.3000E+01  1.1231E+22  6.5484E+21  7.8370E+21
4.0105E-15  1.3000E-15  2.7789E-15  2.2000E-15  7.0000E-22  3.0000E-44  3.2000E-45  5.2000E+00  5.3000E+01  1.0928E+22  6.8716E+21  7.8169E+21
4.2947E-15  1.3000E-15  2.7789E-15  2.2000E-15  7.0000E-22  3.0000E-44  3.2000E-45  5.2000E+00  5.3000E+01  1.0640E+22  7.1789E+21  7.7977E+21
4.5789E-15  1.3000E-15  2.7789E-15  2.2000E-15  7.0000E-22  3.0000E-44  3.2000E-45  5.2000E+00  5.3000E+01  1.0356E+22  7.4816E+21  7.7788E+21
4.8632E-15  1.3000E-15  2.7789E-15  2.2000E-15  7.0000E-22  3.0000E-44  3.2000E-45  5.2000E+00  5.3000E+01  1.0095E+22  7.7598E+21  7.7614E+21
5.1474E-15  1.3000E-15  2.7789E-15  2.2000E-15  7.0000E-22  3.0000E-44  3.2000E-45  5.2000E+00  5.3000E+01  9.8375E+21  8.0344E+21  7.7442E+21
5.4316E-15  1.3000E-15  2.7789E-15  2.2000E-15  7.0000E-22  3.0000E-44  3.2000E-45  5.2000E+00  5.3000E+01  9.6004E+21  8.2873E+21  7.7284E+21
5.7158E-15  1.3000E-15  2.7789E-15  2.2000E-15  7.0000E-22  3.0000E-44  3.2000E-45  5.2000E+00  5.3000E+01  9.3660E+21  8.5373E+21  7.7127E+21
6.0000E-15  1.3000E-15  2.7789E-15  2.2000E-15  7.0000E-22  3.0000E-44  3.2000E-45  5.2000E+00  5.3000E+01  9.1498E+21  8.7680E+21  7.6983E+21
6.0000E-16  1.3000E-15  3.2337E-15  2.2000E-15  7.0000E-22  3.0000E-44  3.2000E-45  5.2000E+00  5.3000E+01  1.5327E+22  1.3351E+21  8.9551E+21
8.8421E-16  1.3000E-15  3.2337E-15  2.2000E-15  7.0000E-22  3.0000E-44  3.2000E-45  5.2000E+00  5.3000E+01  1.4811E+22  1.9133E+21  8.8932E+21
1.1684E-15  1.3000E-15  3.2337E-15  2.2000E-15  7.0000E-22  3.0000E-44  3.2000E-45  5.2000E+00  5.3000E+01  1.4319E+22  2.4638E+21  8.8343E+21
1.4526E-15  1.3000E-15  3.2337E-15  2.2000E-15  7.0000E-22  3.0000E-44  3.2000E-45  5.2000E+00  5.3000E+01  1.3864E+22  2.9736E+21  8.7796E+21
1.7368E-15  1.3000E-15  3.2337E-15  2.2000E-15  7.0000E-22  3.0000E-44  3.2000E-45  5.2000E+00  5.3000E+01  1.3418E+22  3.4732E+21  8.7259E+21
2.0211E-15  1.3000E-15  3.2337E-15  2.2000E-15  7.0000E-22  3.0000E-44  3.2000E-45  5.2000E+00  5.3000E+01  1.3010E+22  3.9300E+21  8.6768E+21
2.3053E-15  1.3000E-15  3.2337E-15  2.2000E-15  7.0000E-22  3.0000E-44  3.2000E-45  5.2000E+00  5.3000E+01  1.2610E+22  4.3782E+21  8.6286E+21
2.5895E-15  1.3000E-15  3.2337E-15  2.2000E-15  7.0000E-22  3.0000E-44  3.2000E-45  5.2000E+00  5.3000E+01  1.2243E+22  4.7885E+21  8.5844E+21
2.8737E-15  1.3000E-15  3.2337E-15  2.2000E-15  7.0000E-22  3.0000E-44  3.2000E-45  5.2000E+00  5.3000E+01  1.1896E+22  5.1782E+21  8.5423E+21
3.1579E-15  1.3000E-15  3.2337E-15  2.2000E-15  7.0000E-22  3.0000E-44  3.2000E-45  5.2000E+00  5.3000E+01  1.1554E+22  5.5616E+21  8.5010E+21
3.4421E-15  1.3000E-15  3.2337E-15  2.2000E-15  7.0000E-22  3.0000E-44  3.2000E-45  5.2000E+00  5.3000E+01  1.1240E+22  5.9133E+21  8.4630E+21
3.7263E-15  1.3000E-15  3.2337E-15  2.2000E-15  7.0000E-22  3.0000E-44  3.2000E-45  5.2000E+00  5.3000E+01  1.0931E+22  6.2598E+21  8.4255E+21
4.0105E-15  1.3000E-15  3.2337E-15  2.2000E-15  7.0000E-22  3.0000E-44  3.2000E-45  5.2000E+00  5.3000E+01  1.0647E+22  6.5783E+21  8.3910E+21
4.2947E-15  1.3000E-15  3.2337E-15  2.2000E-15  7.0000E-22  3.0000E-44  3.2000E-45  5.2000E+00  5.3000E+01  1.0376E+22  6.8820E+21  8.3581E+21
4.5789E-15  1.3000E-15  3.2337E-15  2.2000E-15  7.0000E-22  3.0000E-44  3.2000E-45  5.2000E+00  5.3000E+01  1.0108E+22  7.1819E+21  8.3256E+21
4.8632E-15  1.3000E-15  3.2337E-15  2.2000E-15  7.0000E-22  3.0000E-44  3.2000E-45  5.2000E+00  5.3000E+01  9.8620E+21  7.4582E+21  8.2957E+21
5.1474E-15  1.3000E-15  3.2337E-15  2.2000E-15  7.0000E-22  3.0000E-44  3.2000E-45  5.2000E+00  5.3000E+01  9.6183E+21  7.7315E+21  8.2660E+21
5.4316E-15  1.3000E-15  3.2337E-15  2.2000E-15  7.0000E-22  3.0000E-44  3.2000E-45  5.2000E+00  5.3000E+01  9.3935E+21  7.9837E+21  8.2386E+21
5.7158E-15  1.3000E-15  3.2337E-15  2.2000E-15  7.0000E-22  3.0000E-44  3.2000E-45  5.2000E+00  5.3000E+01  9.1708E+21  8.2335E+21  8.2115E+21
6.0000E-15  1.3000E-15  3.2337E-15  2.2000E-15  7.0000E-22  3.0000E-44  3.2000E-45  5.2000E+00  5.3000E+01  8.9650E+21  8.4644E+21  8.1864E+21
6.0000E-16  1.3000E-15  3.6884E-15  2.2000E-15  7.0000E-22  3.0000E-44  3.2000E-45  5.2000E+00  5.3000E+01  1.4664E+22  1.2506E+21  9.7035E+21
8.8421E-16  1.3000E-15  3.6884E-15  2.2000E-15  7.0000E-22  3.0000E-44  3.2000E-45  5.2000E+00  5.3000E+01  1.4199E+22  1.7968E+21  9.6221E+21
1.1684E-15  1.3000E-15  3.6884E-15  2.2000E-15  7.0000E-22  3.0000E-44  3.2000E-45  5.2000E+00  5.3000E+01  1.3754E+22  2.3191E+21  9.5442E+21
1.4526E-15  1.3000E-15  3.6884E-15  2.2000E-15  7.0000E-22  3.0000E-44  3.2000E-45  5.2000E+00  5.3000E+01  1.3340E+22  2.8051E+21  9.4716E+21
1.7368E-15  1.3000E-15  3.6884E-15  2.2000E-15  7.0000E-22  3.0000E-44  3.2000E-45  5.2000E+00  5.3000E+01  1.2933E+22  3.2834E+21  9.4000E+21
2.0211E-15  1.3000E-15  3.6884E-15  2.2000E-15  7.0000E-22  3.0000E-44  3.2000E-45  5.2000E+00  5.3000E+01  1.2560E+22  3.7225E+21  9.3343E+21
2.3053E-15  1.3000E-15  3.6884E-15  2.2000E-15  7.0000E-22  3.0000E-44  3.2000E-45  5.2000E+00  5.3000E+01  1.2192E+22  4.1551E+21  9.2695E+21
2.5895E-15  1.3000E-15  3.6884E-15  2.2000E-15  7.0000E-22  3.0000E-44  3.2000E-45  5.2000E+00  5.3000E+01  1.1854E+22  4.5525E+21  9.2099E+21
2.8737E-15  1.3000E-15  3.6884E-15  2.2000E-15  7.0000E-22  3.0000E-44  3.2000E-45  5.2000E+00  5.3000E+01  1.1532E+22  4.9312E+21  9.1530E+21
3.1579E-15  1.3000E-15  3.6884E-15  2.2000E-15  7.0000E-22  3.0000E-44  3.2000E-45  5.2000E+00  5.3000E+01  1.1214E+22  5.3049E+21  9.0969E+21
3.4421E-15  1.3000E-15  3.6884E-15  2.2000E-15  7.0000E-22  3.0000E-44  3.2000E-45  5.2000E+00  5.3000E+01  1.0922E+22  5.6489E+21  9.0451E+21
3.7263E-15  1.3000E-15  3.6884E-15  2.2000E-15  7.0000E-22  3.0000E-44  3.2000E-45  5.2000E+00  5.3000E+01  1.0633E+22  5.9887E+21  8.9940E+21
4.0105E-15  1.3000E-15  3.6884E-15  2.2000E-15  7.0000E-22  3.0000E-44  3.2000E-45  5.2000E+00  5.3000E+01  1.0367E+22  6.3018E+21  8.9468E+21
4.2947E-15  1.3000E-15  3.6884E-15  2.2000E-15  7.0000E-22  3.0000E-44  3.2000E-45  5.2000E+00  5.3000E+01  1.0113E+22  6.6012E+21  8.9017E+21
4.5789E-15  1.3000E-15  3.6884E-15  2.2000E-15  7.0000E-22  3.0000E-44  3.2000E-45  5.2000E+00  5.3000E+01  9.8611E+21  6.8975E+21  8.8570E+21
4.8632E-15  1.3000E-15  3.6884E-15  2.2000E-15  7.0000E-22  3.0000E-44  3.2000E-45  5.2000E+00  5.3000E+01  9.6287E+21  7.1711E+21  8.8157E+21
5.1474E-15  1.3000E-15  3.6884E-15  2.2000E-15  7.0000E-22  3.0000E-44  3.2000E-45  5.2000E+00  5.3000E+01  9.3984E+21  7.4424E+21  8.7747E+21
5.4316E-15  1.3000E-15  3.6884E-15  2.2000E-15  7.0000E-22  3.0000E-44  3.2000E-45  5.2000E+00  5.3000E+01  9.1855E+21  7.6932E+21  8.7368E+21
5.7158E-15  1.3000E-15  3.6884E-15  2.2000E-15  7.0000E-22  3.0000E-44  3.2000E-45  5.2000E+00  5.3000E+01  8.9742E+21  7.9421E+21  8.6992E+21
6.0000E-15  1.3000E-15  3.6884E-15  2.2000E-15  7.0000E-22  3.0000E-44  3.2000E-45  5.2000E+00  5.3000E+01  8.7786E+21  8.1725E+21  8.6643E+21
6.0000E-16  1.3000E-15  4.1432E-15  2.2000E-15  7.0000E-22  3.0000E-44  3.2000E-45  5.2000E+00  5.3000E+01  1.4064E+22  1.1784E+21  1.0374E+22
8.8421E-16  1.3000E-15  4.1432E-15  2.2000E-15  7.0000E-22  3.0000E-44  3.2000E-45  5.2000E+00  5.3000E+01  1.3643E+22  1.6965E+21  1.0278E+22
1.1684E-15  1.3000E-15  4.1432E-15  2.2000E-15  7.0000E-22  3.0000E-44  3.2000E-45  5.2000E+00  5.3000E+01  1.3238E+22  2.1939E+21  1.0186E+22
1.4526E-15  1.3000E-15  4.1432E-15  2.2000E-15  7.0000E-22  3.0000E-44  3.2000E-45  5.2000E+00  5.3000E+01  1.2860E+22  2.6585E+21  1.0099E+22
1.7368E-15  1.3000E-15  4.1432E-15  2.2000E-15  7.0000E-22  3.0000E-44  3.2000E-45  5.2000E+00  5.3000E+01  1.2487E+22  3.1174E+21  1.0013E+22
2.0211E-15  1.3000E-15  4.1432E-15  2.2000E-15  7.0000E-22  3.0000E-44  3.2000E-45  5.2000E+00  5.3000E+01  1.2143E+22  3.5401E+21  9.9336E+21
2.3053E-15  1.3000E-15  4.1432E-15  2.2000E-15  7.0000E-22  3.0000E-44  3.2000E-45  5.2000E+00  5.3000E+01  1.1803E+22  3.9579E+21  9.8553E+21
2.5895E-15  1.3000E-15  4.1432E-15  2.2000E-15  7.0000E-22  3.0000E-44  3.2000E-45  5.2000E+00  5.3000E+01  1.1490E+22  4.3430E+21  9.7830E+21
2.8737E-15  1.3000E-15  4.1432E-15  2.2000E-15  7.0000E-22  3.0000E-44  3.2000E-45  5.2000E+00  5.3000E+01  1.1191E+22  4.7111E+21  9.7139E+21
3.1579E-15  1.3000E-15  4.1432E-15  2.2000E-15  7.0000E-22  3.0000E-44  3.2000E-45  5.2000E+00  5.3000E+01  1.0895E+22  5.0753E+21  9.6454E+21
3.4421E-15  1.3000E-15  4.1432E-15  2.2000E-15  7.0000E-22  3.0000E-44  3.2000E-45  5.2000E+00  5.3000E+01  1.0622E+22  5.4114E+21  9.5822E+21
3.7263E-15  1.3000E-15  4.1432E-15  2.2000E-15  7.0000E-22  3.0000E-44  3.2000E-45  5.2000E+00  5.3000E+01  1.0352E+22  5.7443E+21  9.5195E+21
4.0105E-15  1.3000E-15  4.1432E-15  2.2000E-15  7.0000E-22  3.0000E-44  3.2000E-45  5.2000E+00  5.3000E+01  1.0102E+22  6.0519E+21  9.4616E+21
4.2947E-15  1.3000E-15  4.1432E-15  2.2000E-15  7.0000E-22  3.0000E-44  3.2000E-45  5.2000E+00  5.3000E+01  9.8627E+21  6.3465E+21  9.4060E+21
4.5789E-15  1.3000E-15  4.1432E-15  2.2000E-15  7.0000E-22  3.0000E-44  3.2000E-45  5.2000E+00  5.3000E+01  9.6254E+21  6.6388E+21  9.3509E+21
4.8632E-15  1.3000E-15  4.1432E-15  2.2000E-15  7.0000E-22  3.0000E-44  3.2000E-45  5.2000E+00  5.3000E+01  9.4059E+21  6.9093E+21  9.2998E+21
5.1474E-15  1.3000E-15  4.1432E-15  2.2000E-15  7.0000E-22  3.0000E-44  3.2000E-45  5.2000E+00  5.3000E+01  9.1880E+21  7.1780E+21  9.2491E+21
5.4316E-15  1.3000E-15  4.1432E-15  2.2000E-15  7.0000E-22  3.0000E-44  3.2000E-45  5.2000E+00  5.3000E+01  8.9861E+21  7.4268E+21  9.2021E+21
5.7158E-15  1.3000E-15  4.1432E-15  2.2000E-15  7.0000E-22  3.0000E-44  3.2000E-45  5.2000E+00  5.3000E+01  8.7854E+21  7.6742E+21  9.1553E+21
6.0000E-15  1.3000E-15  4.1432E-15  2.2000E-15  7.0000E-22  3.0000E-44  3.2000E-45  5.2000E+00  5.3000E+01  8.5993E+21  7.9037E+21  9.1119E+21
6.0000E-16  1.3000E-15  4.5979E-15  2.2000E-15  7.0000E-22  3.0000E-44  3.2000E-45  5.2000E+00  5.3000E+01  1.3497E+22  1.1133E+21  1.1005E+22
8.8421E-16  1.3000E-15  4.5979E-15  2.2000E-15  7.0000E-22  3.0000E-44  3.2000E-45  5.2000E+00  5.3000E+01  1.3114E+22  1.6055E+21  1.0896E+22
1.1684E-15  1.3000E-15  4.5979E-15  2.2000E-15  7.0000E-22  3.0000E-44  3.2000E-45  5.2000E+00  5.3000E+01  1.2746E+22  2.0799E+21  1.0792E+22
1.4526E-15  1.3000E-15  4.5979E-15  2.2000E-15  7.0000E-22  3.0000E-44  3.2000E-45  5.2000E+00  5.3000E+01  1.2400E+22  2.5243E+21  1.0694E+22
1.7368E-15  1.3000E-15  4.5979E-15  2.2000E-15  7.0000E-22  3.0000E-44  3.2000E-45  5.2000E+00  5.3000E+01  1.2057E+22  2.9647E+21  1.0596E+22
2.0211E-15  1.3000E-15  4.5979E-15  2.2000E-15  7.0000E-22  3.0000E-44  3.2000E-45  5.2000E+00  5.3000E+01  1.1740E+22  3.3717E+21  1.0505E+22
2.3053E-15  1.3000E-15  4.5979E-15  2.2000E-15  7.0000E-22  3.0000E-44  3.2000E-45  5.2000E+00  5.3000E+01  1.1426E+22  3.7751E+21  1.0415E+22
2.5895E-15  1.3000E-15  4.5979E-15  2.2000E-15  7.0000E-22  3.0000E-44  3.2000E-45  5.2000E+00  5.3000E+01  1.1136E+22  4.1480E+21  1.0332E+22
2.8737E-15  1.3000E-15  4.5979E-15  2.2000E-15  7.0000E-22  3.0000E-44  3.2000E-45  5.2000E+00  5.3000E+01  1.0858E+22  4.5054E+21  1.0253E+22
3.1579E-15  1.3000E-15  4.5979E-15  2.2000E-15  7.0000E-22  3.0000E-44  3.2000E-45  5.2000E+00  5.3000E+01  1.0582E+22  4.8599E+21  1.0173E+22
3.4421E-15  1.3000E-15  4.5979E-15  2.2000E-15  7.0000E-22  3.0000E-44  3.2000E-45  5.2000E+00  5.3000E+01  1.0327E+22  5.1879E+21  1.0100E+22
3.7263E-15  1.3000E-15  4.5979E-15  2.2000E-15  7.0000E-22  3.0000E-44  3.2000E-45  5.2000E+00  5.3000E+01  1.0074E+22  5.5136E+21  1.0027E+22
4.0105E-15  1.3000E-15  4.5979E-15  2.2000E-15  7.0000E-22  3.0000E-44  3.2000E-45  5.2000E+00  5.3000E+01  9.8397E+21  5.8152E+21  9.9598E+21
4.2947E-15  1.3000E-15  4.5979E-15  2.2000E-15  7.0000E-22  3.0000E-44  3.2000E-45  5.2000E+00  5.3000E+01  9.6149E+21  6.1047E+21  9.8950E+21
4.5789E-15  1.3000E-15  4.5979E-15  2.2000E-15  7.0000E-22  3.0000E-44  3.2000E-45  5.2000E+00  5.3000E+01  9.3914E+21  6.3926E+21  9.8306E+21
4.8632E-15  1.3000E-15  4.5979E-15  2.2000E-15  7.0000E-22  3.0000E-44  3.2000E-45  5.2000E+00  5.3000E+01  9.1842E+21  6.6595E+21  9.7708E+21
5.1474E-15  1.3000E-15  4.5979E-15  2.2000E-15  7.0000E-22  3.0000E-44  3.2000E-45  5.2000E+00  5.3000E+01  8.9781E+21  6.9250E+21  9.7113E+21
5.4316E-15  1.3000E-15  4.5979E-15  2.2000E-15  7.0000E-22  3.0000E-44  3.2000E-45  5.2000E+00  5.3000E+01  8.7869E+21  7.1714E+21  9.6560E+21
5.7158E-15  1.3000E-15  4.5979E-15  2.2000E-15  7.0000E-22  3.0000E-44  3.2000E-45  5.2000E+00  5.3000E+01  8.5965E+21  7.4169E+21  9.6009E+21
6.0000E-15  1.3000E-15  4.5979E-15  2.2000E-15  7.0000E-22  3.0000E-44  3.2000E-45  5.2000E+00  5.3000E+01  8.4196E+21  7.6449E+21  9.5497E+21
6.0000E-16  1.3000E-15  5.0526E-15  2.2000E-15  7.0000E-22  3.0000E-44  3.2000E-45  5.2000E+00  5.3000E+01  1.2984E+22  1.0567E+21  1.1575E+22
8.8421E-16  1.3000E-15  5.0526E-15  2.2000E-15  7.0000E-22  3.0000E-44  3.2000E-45  5.2000E+00  5.3000E+01  1.2633E+22  1.5261E+21  1.1457E+22
1.1684E-15  1.3000E-15  5.0526E-15  2.2000E-15  7.0000E-22  3.0000E-44  3.2000E-45  5.2000E+00  5.3000E+01  1.2295E+22  1.9798E+21  1.1343E+22
1.4526E-15  1.3000E-15  5.0526E-15  2.2000E-15  7.0000E-22  3.0000E-44  3.2000E-45  5.2000E+00  5.3000E+01  1.1977E+22  2.4061E+21  1.1235E+22
1.7368E-15  1.3000E-15  5.0526E-15  2.2000E-15  7.0000E-22  3.0000E-44  3.2000E-45  5.2000E+00  5.3000E+01  1.1660E+22  2.8297E+21  1.1127E+22
2.0211E-15  1.3000E-15  5.0526E-15  2.2000E-15  7.0000E-22  3.0000E-44  3.2000E-45  5.2000E+00  5.3000E+01  1.1367E+22  3.2221E+21  1.1028E+22
2.3053E-15  1.3000E-15  5.0526E-15  2.2000E-15  7.0000E-22  3.0000E-44  3.2000E-45  5.2000E+00  5.3000E+01  1.1075E+22  3.6121E+21  1.0928E+22
2.5895E-15  1.3000E-15  5.0526E-15  2.2000E-15  7.0000E-22  3.0000E-44  3.2000E-45  5.2000E+00  5.3000E+01  1.0806E+22  3.9736E+21  1.0836E+22
2.8737E-15  1.3000E-15  5.0526E-15  2.2000E-15  7.0000E-22  3.0000E-44  3.2000E-45  5.2000E+00  5.3000E+01  1.0546E+22  4.3208E+21  1.0748E+22
3.1579E-15  1.3000E-15  5.0526E-15  2.2000E-15  7.0000E-22  3.0000E-44  3.2000E-45  5.2000E+00  5.3000E+01  1.0289E+22  4.6661E+21  1.0660E+22
3.4421E-15  1.3000E-15  5.0526E-15  2.2000E-15  7.0000E-22  3.0000E-44  3.2000E-45  5.2000E+00  5.3000E+01  1.0050E+22  4.9862E+21  1.0578E+22
3.7263E-15  1.3000E-15  5.0526E-15  2.2000E-15  7.0000E-22  3.0000E-44  3.2000E-45  5.2000E+00  5.3000E+01  9.8125E+21  5.3048E+21  1.0497E+22
4.0105E-15  1.3000E-15  5.0526E-15  2.2000E-15  7.0000E-22  3.0000E-44  3.2000E-45  5.2000E+00  5.3000E+01  9.5922E+21  5.6004E+21  1.0422E+22
4.2947E-15  1.3000E-15  5.0526E-15  2.2000E-15  7.0000E-22  3.0000E-44  3.2000E-45  5.2000E+00  5.3000E+01  9.3804E+21  5.8847E+21  1.0349E+22
4.5789E-15  1.3000E-15  5.0526E-15  2.2000E-15  7.0000E-22  3.0000E-44  3.2000E-45  5.2000E+00  5.3000E+01  9.1694E+21  6.1679E+21  1.0276E+22
4.8632E-15  1.3000E-15  5.0526E-15  2.2000E-15  7.0000E-22  3.0000E-44  3.2000E-45  5.2000E+00  5.3000E+01  8.9735E+21  6.4310E+21  1.0209E+22
5.1474E-15  1.3000E-15  5.0526E-15  2.2000E-15  7.0000E-22  3.0000E-44  3.2000E-45  5.2000E+00  5.3000E+01  8.7783E+21  6.6931E+21  1.0142E+22
5.4316E-15  1.3000E-15  5.0526E-15  2.2000E-15  7.0000E-22  3.0000E-44  3.2000E-45  5.2000E+00  5.3000E+01  8.5969E+21  6.9369E+21  1.0080E+22
5.7158E-15  1.3000E-15  5.0526E-15  2.2000E-15  7.0000E-22  3.0000E-44  3.2000E-45  5.2000E+00  5.3000E+01  8.4160E+21  7.1800E+21  1.0017E+22
6.0000E-15  1.3000E-15  5.0526E-15  2.2000E-15  7.0000E-22  3.0000E-44  3.2000E-45  5.2000E+00  5.3000E+01  8.2477E+21  7.4062E+21  9.9595E+21
6.0000E-16  1.3000E-15  5.5074E-15  2.2000E-15  7.0000E-22  3.0000E-44  3.2000E-45  5.2000E+00  5.3000E+01  1.2496E+22  1.0049E+21  1.2115E+22
8.8421E-16  1.3000E-15  5.5074E-15  2.2000E-15  7.0000E-22  3.0000E-44  3.2000E-45  5.2000E+00  5.3000E+01  1.2175E+22  1.4531E+21  1.1988E+22
1.1684E-15  1.3000E-15  5.5074E-15  2.2000E-15  7.0000E-22  3.0000E-44  3.2000E-45  5.2000E+00  5.3000E+01  1.1863E+22  1.8874E+21  1.1866E+22
1.4526E-15  1.3000E-15  5.5074E-15  2.2000E-15  7.0000E-22  3.0000E-44  3.2000E-45  5.2000E+00  5.3000E+01  1.1571E+22  2.2966E+21  1.1751E+22
1.7368E-15  1.3000E-15  5.5074E-15  2.2000E-15  7.0000E-22  3.0000E-44  3.2000E-45  5.2000E+00  5.3000E+01  1.1278E+22  2.7042E+21  1.1635E+22
2.0211E-15  1.3000E-15  5.5074E-15  2.2000E-15  7.0000E-22  3.0000E-44  3.2000E-45  5.2000E+00  5.3000E+01  1.1006E+22  3.0827E+21  1.1528E+22
2.3053E-15  1.3000E-15  5.5074E-15  2.2000E-15  7.0000E-22  3.0000E-44  3.2000E-45  5.2000E+00  5.3000E+01  1.0736E+22  3.4598E+21  1.1420E+22
2.5895E-15  1.3000E-15  5.5074E-15  2.2000E-15  7.0000E-22  3.0000E-44  3.2000E-45  5.2000E+00  5.3000E+01  1.0485E+22  3.8100E+21  1.1321E+22
2.8737E-15  1.3000E-15  5.5074E-15  2.2000E-15  7.0000E-22  3.0000E-44  3.2000E-45  5.2000E+00  5.3000E+01  1.0243E+22  4.1472E+21  1.1225E+22
3.1579E-15  1.3000E-15  5.5074E-15  2.2000E-15  7.0000E-22  3.0000E-44  3.2000E-45  5.2000E+00  5.3000E+01  1.0002E+22  4.4832E+21  1.1129E+22
3.4421E-15  1.3000E-15  5.5074E-15  2.2000E-15  7.0000E-22  3.0000E-44  3.2000E-45  5.2000E+00  5.3000E+01  9.7784E+21  4.7955E+21  1.1040E+22
3.7263E-15  1.3000E-15  5.5074E-15  2.2000E-15  7.0000E-22  3.0000E-44  3.2000E-45  5.2000E+00  5.3000E+01  9.5556E+21  5.1068E+21  1.0951E+22
4.0105E-15  1.3000E-15  5.5074E-15  2.2000E-15  7.0000E-22  3.0000E-44  3.2000E-45  5.2000E+00  5.3000E+01  9.3495E+21  5.3965E+21  1.0870E+22
4.2947E-15  1.3000E-15  5.5074E-15  2.2000E-15  7.0000E-22  3.0000E-44  3.2000E-45  5.2000E+00  5.3000E+01  9.1501E+21  5.6755E+21  1.0790E+22
4.5789E-15  1.3000E-15  5.5074E-15  2.2000E-15  7.0000E-22  3.0000E-44  3.2000E-45  5.2000E+00  5.3000E+01  8.9511E+21  5.9538E+21  1.0711E+22
4.8632E-15  1.3000E-15  5.5074E-15  2.2000E-15  7.0000E-22  3.0000E-44  3.2000E-45  5.2000E+00  5.3000E+01  8.7660E+21  6.2128E+21  1.0637E+22
5.1474E-15  1.3000E-15  5.5074E-15  2.2000E-15  7.0000E-22  3.0000E-44  3.2000E-45  5.2000E+00  5.3000E+01  8.5813E+21  6.4714E+21  1.0563E+22
5.4316E-15  1.3000E-15  5.5074E-15  2.2000E-15  7.0000E-22  3.0000E-44  3.2000E-45  5.2000E+00  5.3000E+01  8.4093E+21  6.7121E+21  1.0495E+22
5.7158E-15  1.3000E-15  5.5074E-15  2.2000E-15  7.0000E-22  3.0000E-44  3.2000E-45  5.2000E+00  5.3000E+01  8.2375E+21  6.9526E+21  1.0426E+22
6.0000E-15  1.3000E-15  5.5074E-15  2.2000E-15  7.0000E-22  3.0000E-44  3.2000E-45  5.2000E+00  5.3000E+01  8.0775E+21  7.1767E+21  1.0362E+22
6.0000E-16  1.3000E-15  5.9621E-15  2.2000E-15  7.0000E-22  3.0000E-44  3.2000E-45  5.2000E+00  5.3000E+01  1.2053E+22  9.5919E+20  1.2604E+22
8.8421E-16  1.3000E-15  5.9621E-15  2.2000E-15  7.0000E-22  3.0000E-44  3.2000E-45  5.2000E+00  5.3000E+01  1.1756E+22  1.3885E+21  1.2472E+22
1.1684E-15  1.3000E-15  5.9621E-15  2.2000E-15  7.0000E-22  3.0000E-44  3.2000E-45  5.2000E+00  5.3000E+01  1.1468E+22  1.8054E+21  1.2343E+22
1.4526E-15  1.3000E-15  5.9621E-15  2.2000E-15  7.0000E-22  3.0000E-44  3.2000E-45  5.2000E+00  5.3000E+01  1.1197E+22  2.1991E+21  1.2222E+22
1.7368E-15  1.3000E-15  5.9621E-15  2.2000E-15  7.0000E-22  3.0000E-44  3.2000E-45  5.2000E+00  5.3000E+01  1.0925E+22  2.5921E+21  1.2100E+22
2.0211E-15  1.3000E-15  5.9621E-15  2.2000E-15  7.0000E-22  3.0000E-44  3.2000E-45  5.2000E+00  5.3000E+01  1.0673E+22  2.9578E+21  1.1986E+22
2.3053E-15  1.3000E-15  5.9621E-15  2.2000E-15  7.0000E-22  3.0000E-44  3.2000E-45  5.2000E+00  5.3000E+01  1.0420E+22  3.3229E+21  1.1872E+22
2.5895E-15  1.3000E-15  5.9621E-15  2.2000E-15  7.0000E-22  3.0000E-44  3.2000E-45  5.2000E+00  5.3000E+01  1.0186E+22  3.6627E+21  1.1766E+22
2.8737E-15  1.3000E-15  5.9621E-15  2.2000E-15  7.0000E-22  3.0000E-44  3.2000E-45  5.2000E+00  5.3000E+01  9.9596E+21  3.9905E+21  1.1664E+22
3.1579E-15  1.3000E-15  5.9621E-15  2.2000E-15  7.0000E-22  3.0000E-44  3.2000E-45  5.2000E+00  5.3000E+01  9.7338E+21  4.3177E+21  1.1562E+22
3.4421E-15  1.3000E-15  5.9621E-15  2.2000E-15  7.0000E-22  3.0000E-44  3.2000E-45  5.2000E+00  5.3000E+01  9.5249E+21  4.6227E+21  1.1468E+22
3.7263E-15  1.3000E-15  5.9621E-15  2.2000E-15  7.0000E-22  3.0000E-44  3.2000E-45  5.2000E+00  5.3000E+01  9.3154E+21  4.9271E+21  1.1373E+22
4.0105E-15  1.3000E-15  5.9621E-15  2.2000E-15  7.0000E-22  3.0000E-44  3.2000E-45  5.2000E+00  5.3000E+01  9.1203E+21  5.2105E+21  1.1285E+22
4.2947E-15  1.3000E-15  5.9621E-15  2.2000E-15  7.0000E-22  3.0000E-44  3.2000E-45  5.2000E+00  5.3000E+01  8.9320E+21  5.4841E+21  1.1200E+22
4.5789E-15  1.3000E-15  5.9621E-15  2.2000E-15  7.0000E-22  3.0000E-44  3.2000E-45  5.2000E+00  5.3000E+01  8.7439E+21  5.7576E+21  1.1114E+22
4.8632E-15  1.3000E-15  5.9621E-15  2.2000E-15  7.0000E-22  3.0000E-44  3.2000E-45  5.2000E+00  5.3000E+01  8.5686E+21  6.0124E+21  1.1035E+22
5.1474E-15  1.3000E-15  5.9621E-15  2.2000E-15  7.0000E-22  3.0000E-44  3.2000E-45  5.2000E+00  5.3000E+01  8.3934E+21  6.2672E+21  1.0955E+22
5.4316E-15  1.3000E-15  5.9621E-15  2.2000E-15  7.0000E-22  3.0000E-44  3.2000E-45  5.2000E+00  5.3000E+01  8.2301E+21  6.5048E+21  1.0881E+22
5.7158E-15  1.3000E-15  5.9621E-15  2.2000E-15  7.0000E-22  3.0000E-44  3.2000E-45  5.2000E+00  5.3000E+01  8.0668E+21  6.7425E+21  1.0807E+22
6.0000E-15  1.3000E-15  5.9621E-15  2.2000E-15  7.0000E-22  3.0000E-44  3.2000E-45  5.2000E+00  5.3000E+01  7.9144E+21  6.9642E+21  1.0737E+22
6.0000E-16  1.3000E-15  6.4168E-15  2.2000E-15  7.0000E-22  3.0000E-44  3.2000E-45  5.2000E+00  5.3000E+01  1.1629E+22  9.1681E+20  1.3070E+22
8.8421E-16  1.3000E-15  6.4168E-15  2.2000E-15  7.0000E-22  3.0000E-44  3.2000E-45  5.2000E+00  5.3000E+01  1.1355E+22  1.3285E+21  1.2932E+22
1.1684E-15  1.3000E-15  6.4168E-15  2.2000E-15  7.0000E-22  3.0000E-44  3.2000E-45  5.2000E+00  5.3000E+01  1.1089E+22  1.7290E+21  1.2798E+22
1.4526E-15  1.3000E-15  6.4168E-15  2.2000E-15  7.0000E-22  3.0000E-44  3.2000E-45  5.2000E+00  5.3000E+01  1.0837E+22  2.1079E+21  1.2671E+22
1.7368E-15  1.3000E-15  6.4168E-15  2.2000E-15  7.0000E-22  3.0000E-44  3.2000E-45  5.2000E+00  5.3000E+01  1.0585E+22  2.4871E+21  1.2545E+22
2.0211E-15  1.3000E-15  6.4168E-15  2.2000E-15  7.0000E-22  3.0000E-44  3.2000E-45  5.2000E+00  5.3000E+01  1.0350E+22  2.8406E+21  1.2426E+22
2.3053E-15  1.3000E-15  6.4168E-15  2.2000E-15  7.0000E-22  3.0000E-44  3.2000E-45  5.2000E+00  5.3000E+01  1.0115E+22  3.1941E+21  1.2307E+22
2.5895E-15  1.3000E-15  6.4168E-15  2.2000E-15  7.0000E-22  3.0000E-44  3.2000E-45  5.2000E+00  5.3000E+01  9.8953E+21  3.5237E+21  1.2195E+22
2.8737E-15  1.3000E-15  6.4168E-15  2.2000E-15  7.0000E-22  3.0000E-44  3.2000E-45  5.2000E+00  5.3000E+01  9.6835E+21  3.8422E+21  1.2088E+22
3.1579E-15  1.3000E-15  6.4168E-15  2.2000E-15  7.0000E-22  3.0000E-44  3.2000E-45  5.2000E+00  5.3000E+01  9.4731E+21  4.1611E+21  1.1982E+22
3.4421E-15  1.3000E-15  6.4168E-15  2.2000E-15  7.0000E-22  3.0000E-44  3.2000E-45  5.2000E+00  5.3000E+01  9.2759E+21  4.4583E+21  1.1882E+22
3.7263E-15  1.3000E-15  6.4168E-15  2.2000E-15  7.0000E-22  3.0000E-44  3.2000E-45  5.2000E+00  5.3000E+01  9.0788E+21  4.7556E+21  1.1781E+22
4.0105E-15  1.3000E-15  6.4168E-15  2.2000E-15  7.0000E-22  3.0000E-44  3.2000E-45  5.2000E+00  5.3000E+01  8.8950E+21  5.0329E+21  1.1688E+22
4.2947E-15  1.3000E-15  6.4168E-15  2.2000E-15  7.0000E-22  3.0000E-44  3.2000E-45  5.2000E+00  5.3000E+01  8.7173E+21  5.3011E+21  1.1598E+22
4.5789E-15  1.3000E-15  6.4168E-15  2.2000E-15  7.0000E-22  3.0000E-44  3.2000E-45  5.2000E+00  5.3000E+01  8.5395E+21  5.5695E+21  1.1507E+22
4.8632E-15  1.3000E-15  6.4168E-15  2.2000E-15  7.0000E-22  3.0000E-44  3.2000E-45  5.2000E+00  5.3000E+01  8.3736E+21  5.8200E+21  1.1422E+22
5.1474E-15  1.3000E-15  6.4168E-15  2.2000E-15  7.0000E-22  3.0000E-44  3.2000E-45  5.2000E+00  5.3000E+01  8.2075E+21  6.0708E+21  1.1338E+22
5.4316E-15  1.3000E-15  6.4168E-15  2.2000E-15  7.0000E-22  3.0000E-44  3.2000E-45  5.2000E+00  5.3000E+01  8.0525E+21  6.3051E+21  1.1258E+22
5.7158E-15  1.3000E-15  6.4168E-15  2.2000E-15  7.0000E-22  3.0000E-44  3.2000E-45  5.2000E+00  5.3000E+01  7.8972E+21  6.5397E+21  1.1179E+22
6.0000E-15  1.3000E-15  6.4168E-15  2.2000E-15  7.0000E-22  3.0000E-44  3.2000E-45  5.2000E+00  5.3000E+01  7.7522E+21  6.7589E+21  1.1105E+22
6.0000E-16  1.3000E-15  6.8716E-15  2.2000E-15  7.0000E-22  3.0000E-44  3.2000E-45  5.2000E+00  5.3000E+01  1.1242E+22  8.7904E+20  1.3495E+22
8.8421E-16  1.3000E-15  6.8716E-15  2.2000E-15  7.0000E-22  3.0000E-44  3.2000E-45  5.2000E+00  5.3000E+01  1.0988E+22  1.2748E+21  1.3353E+22
1.1684E-15  1.3000E-15  6.8716E-15  2.2000E-15  7.0000E-22  3.0000E-44  3.2000E-45  5.2000E+00  5.3000E+01  1.0740E+22  1.6606E+21  1.3215E+22
1.4526E-15  1.3000E-15  6.8716E-15  2.2000E-15  7.0000E-22  3.0000E-44  3.2000E-45  5.2000E+00  5.3000E+01  1.0505E+22  2.0262E+21  1.3084E+22
1.7368E-15  1.3000E-15  6.8716E-15  2.2000E-15  7.0000E-22  3.0000E-44  3.2000E-45  5.2000E+00  5.3000E+01  1.0271E+22  2.3926E+21  1.2954E+22
2.0211E-15  1.3000E-15  6.8716E-15  2.2000E-15  7.0000E-22  3.0000E-44  3.2000E-45  5.2000E+00  5.3000E+01  1.0051E+22  2.7348E+21  1.2830E+22
2.3053E-15  1.3000E-15  6.8716E-15  2.2000E-15  7.0000E-22  3.0000E-44  3.2000E-45  5.2000E+00  5.3000E+01  9.8305E+21  3.0776E+21  1.2707E+22
2.5895E-15  1.3000E-15  6.8716E-15  2.2000E-15  7.0000E-22  3.0000E-44  3.2000E-45  5.2000E+00  5.3000E+01  9.6249E+21  3.3977E+21  1.2591E+22
2.8737E-15  1.3000E-15  6.8716E-15  2.2000E-15  7.0000E-22  3.0000E-44  3.2000E-45  5.2000E+00  5.3000E+01  9.4272E+21  3.7078E+21  1.2481E+22
3.1579E-15  1.3000E-15  6.8716E-15  2.2000E-15  7.0000E-22  3.0000E-44  3.2000E-45  5.2000E+00  5.3000E+01  9.2284E+21  4.0183E+21  1.2369E+22
3.4421E-15  1.3000E-15  6.8716E-15  2.2000E-15  7.0000E-22  3.0000E-44  3.2000E-45  5.2000E+00  5.3000E+01  9.0427E+21  4.3084E+21  1.2265E+22
3.7263E-15  1.3000E-15  6.8716E-15  2.2000E-15  7.0000E-22  3.0000E-44  3.2000E-45  5.2000E+00  5.3000E+01  8.8568E+21  4.5990E+21  1.2160E+22
4.0105E-15  1.3000E-15  6.8716E-15  2.2000E-15  7.0000E-22  3.0000E-44  3.2000E-45  5.2000E+00  5.3000E+01  8.6831E+21  4.8705E+21  1.2062E+22
4.2947E-15  1.3000E-15  6.8716E-15  2.2000E-15  7.0000E-22  3.0000E-44  3.2000E-45  5.2000E+00  5.3000E+01  8.5151E+21  5.1333E+21  1.1968E+22
4.5789E-15  1.3000E-15  6.8716E-15  2.2000E-15  7.0000E-22  3.0000E-44  3.2000E-45  5.2000E+00  5.3000E+01  8.3466E+21  5.3968E+21  1.1872E+22
4.8632E-15  1.3000E-15  6.8716E-15  2.2000E-15  7.0000E-22  3.0000E-44  3.2000E-45  5.2000E+00  5.3000E+01  8.1893E+21  5.6430E+21  1.1784E+22
5.1474E-15  1.3000E-15  6.8716E-15  2.2000E-15  7.0000E-22  3.0000E-44  3.2000E-45  5.2000E+00  5.3000E+01  8.0315E+21  5.8899E+21  1.1694E+22
5.4316E-15  1.3000E-15  6.8716E-15  2.2000E-15  7.0000E-22  3.0000E-44  3.2000E-45  5.2000E+00  5.3000E+01  7.8841E+21  6.1207E+21  1.1611E+22
5.7158E-15  1.3000E-15  6.8716E-15  2.2000E-15  7.0000E-22  3.0000E-44  3.2000E-45  5.2000E+00  5.3000E+01  7.7362E+21  6.3523E+21  1.1527E+22
6.0000E-15  1.3000E-15  6.8716E-15  2.2000E-15  7.0000E-22  3.0000E-44  3.2000E-45  5.2000E+00  5.3000E+01  7.5980E+21  6.5688E+21  1.1449E+22
6.0000E-16  1.3000E-15  7.3263E-15  2.2000E-15  7.0000E-22  3.0000E-44  3.2000E-45  5.2000E+00  5.3000E+01  1.0871E+22  8.4368E+20  1.3901E+22
8.8421E-16  1.3000E-15  7.3263E-15  2.2000E-15  7.0000E-22  3.0000E-44  3.2000E-45  5.2000E+00  5.3000E+01  1.0635E+22  1.2245E+21  1.3756E+22
1.1684E-15  1.3000E-15  7.3263E-15  2.2000E-15  7.0000E-22  3.0000E-44  3.2000E-45  5.2000E+00  5.3000E+01  1.0405E+22  1.5963E+21  1.3615E+22
1.4526E-15  1.3000E-15  7.3263E-15  2.2000E-15  7.0000E-22  3.0000E-44  3.2000E-45  5.2000E+00  5.3000E+01  1.0186E+22  1.9491E+21  1.3481E+22
1.7368E-15  1.3000E-15  7.3263E-15  2.2000E-15  7.0000E-22  3.0000E-44  3.2000E-45  5.2000E+00  5.3000E+01  9.9669E+21  2.3034E+21  1.3347E+22
2.0211E-15  1.3000E-15  7.3263E-15  2.2000E-15  7.0000E-22  3.0000E-44  3.2000E-45  5.2000E+00  5.3000E+01  9.7611E+21  2.6347E+21  1.3220E+22
2.3053E-15  1.3000E-15  7.3263E-15  2.2000E-15  7.0000E-22  3.0000E-44  3.2000E-45  5.2000E+00  5.3000E+01  9.5547E+21  2.9671E+21  1.3093E+22
2.5895E-15  1.3000E-15  7.3263E-15  2.2000E-15  7.0000E-22  3.0000E-44  3.2000E-45  5.2000E+00  5.3000E+01  9.3629E+21  3.2783E+21  1.2975E+22
2.8737E-15  1.3000E-15  7.3263E-15  2.2000E-15  7.0000E-22  3.0000E-44  3.2000E-45  5.2000E+00  5.3000E+01  9.1764E+21  3.5798E+21  1.2860E+22
3.1579E-15  1.3000E-15  7.3263E-15  2.2000E-15  7.0000E-22  3.0000E-44  3.2000E-45  5.2000E+00  5.3000E+01  8.9894E+21  3.8823E+21  1.2744E+22
3.4421E-15  1.3000E-15  7.3263E-15  2.2000E-15  7.0000E-22  3.0000E-44  3.2000E-45  5.2000E+00  5.3000E+01  8.8145E+21  4.1653E+21  1.2636E+22
3.7263E-15  1.3000E-15  7.3263E-15  2.2000E-15  7.0000E-22  3.0000E-44  3.2000E-45  5.2000E+00  5.3000E+01  8.6391E+21  4.4492E+21  1.2528E+22
4.0105E-15  1.3000E-15  7.3263E-15  2.2000E-15  7.0000E-22  3.0000E-44  3.2000E-45  5.2000E+00  5.3000E+01  8.4751E+21  4.7148E+21  1.2426E+22
4.2947E-15  1.3000E-15  7.3263E-15  2.2000E-15  7.0000E-22  3.0000E-44  3.2000E-45  5.2000E+00  5.3000E+01  8.3161E+21  4.9723E+21  1.2327E+22
4.5789E-15  1.3000E-15  7.3263E-15  2.2000E-15  7.0000E-22  3.0000E-44  3.2000E-45  5.2000E+00  5.3000E+01  8.1566E+21  5.2308E+21  1.2229E+22
4.8632E-15  1.3000E-15  7.3263E-15  2.2000E-15  7.0000E-22  3.0000E-44  3.2000E-45  5.2000E+00  5.3000E+01  8.0074E+21  5.4726E+21  1.2136E+22
5.1474E-15  1.3000E-15  7.3263E-15  2.2000E-15  7.0000E-22  3.0000E-44  3.2000E-45  5.2000E+00  5.3000E+01  7.8576E+21  5.7155E+21  1.2043E+22
5.4316E-15  1.3000E-15  7.3263E-15  2.2000E-15  7.0000E-22  3.0000E-44  3.2000E-45  5.2000E+00  5.3000E+01  7.7174E+21  5.9428E+21  1.1956E+22
5.7158E-15  1.3000E-15  7.3263E-15  2.2000E-15  7.0000E-22  3.0000E-44  3.2000E-45  5.2000E+00  5.3000E+01  7.5767E+21  6.1710E+21  1.1868E+22
6.0000E-15  1.3000E-15  7.3263E-15  2.2000E-15  7.0000E-22  3.0000E-44  3.2000E-45  5.2000E+00  5.3000E+01  7.4449E+21  6.3848E+21  1.1786E+22
6.0000E-16  1.3000E-15  7.7811E-15  2.2000E-15  7.0000E-22  3.0000E-44  3.2000E-45  5.2000E+00  5.3000E+01  1.0531E+22  8.1188E+20  1.4273E+22
8.8421E-16  1.3000E-15  7.7811E-15  2.2000E-15  7.0000E-22  3.0000E-44  3.2000E-45  5.2000E+00  5.3000E+01  1.0311E+22  1.1791E+21  1.4126E+22
1.1684E-15  1.3000E-15  7.7811E-15  2.2000E-15  7.0000E-22  3.0000E-44  3.2000E-45  5.2000E+00  5.3000E+01  1.0095E+22  1.5382E+21  1.3983E+22
1.4526E-15  1.3000E-15  7.7811E-15  2.2000E-15  7.0000E-22  3.0000E-44  3.2000E-45  5.2000E+00  5.3000E+01  9.8906E+21  1.8795E+21  1.3846E+22
1.7368E-15  1.3000E-15  7.7811E-15  2.2000E-15  7.0000E-22  3.0000E-44  3.2000E-45  5.2000E+00  5.3000E+01  9.6855E+21  2.2226E+21  1.3709E+22
2.0211E-15  1.3000E-15  7.7811E-15  2.2000E-15  7.0000E-22  3.0000E-44  3.2000E-45  5.2000E+00  5.3000E+01  9.4923E+21  2.5439E+21  1.3579E+22
2.3053E-15  1.3000E-15  7.7811E-15  2.2000E-15  7.0000E-22  3.0000E-44  3.2000E-45  5.2000E+00  5.3000E+01  9.2983E+21  2.8667E+21  1.3449E+22
2.5895E-15  1.3000E-15  7.7811E-15  2.2000E-15  7.0000E-22  3.0000E-44  3.2000E-45  5.2000E+00  5.3000E+01  9.1180E+21  3.1693E+21  1.3329E+22
2.8737E-15  1.3000E-15  7.7811E-15  2.2000E-15  7.0000E-22  3.0000E-44  3.2000E-45  5.2000E+00  5.3000E+01  8.9424E+21  3.4630E+21  1.3211E+22
3.1579E-15  1.3000E-15  7.7811E-15  2.2000E-15  7.0000E-22  3.0000E-44  3.2000E-45  5.2000E+00  5.3000E+01  8.7660E+21  3.7579E+21  1.3092E+22
3.4421E-15  1.3000E-15  7.7811E-15  2.2000E-15  7.0000E-22  3.0000E-44  3.2000E-45  5.2000E+00  5.3000E+01  8.6008E+21  4.0342E+21  1.2981E+22
3.7263E-15  1.3000E-15  7.7811E-15  2.2000E-15  7.0000E-22  3.0000E-44  3.2000E-45  5.2000E+00  5.3000E+01  8.4349E+21  4.3118E+21  1.2869E+22
4.0105E-15  1.3000E-15  7.7811E-15  2.2000E-15  7.0000E-22  3.0000E-44  3.2000E-45  5.2000E+00  5.3000E+01  8.2796E+21  4.5718E+21  1.2765E+22
4.2947E-15  1.3000E-15  7.7811E-15  2.2000E-15  7.0000E-22  3.0000E-44  3.2000E-45  5.2000E+00  5.3000E+01  8.1288E+21  4.8242E+21  1.2663E+22
4.5789E-15  1.3000E-15  7.7811E-15  2.2000E-15  7.0000E-22  3.0000E-44  3.2000E-45  5.2000E+00  5.3000E+01  7.9774E+21  5.0778E+21  1.2561E+22
4.8632E-15  1.3000E-15  7.7811E-15  2.2000E-15  7.0000E-22  3.0000E-44  3.2000E-45  5.2000E+00  5.3000E+01  7.8356E+21  5.3154E+21  1.2465E+22
5.1474E-15  1.3000E-15  7.7811E-15  2.2000E-15  7.0000E-22  3.0000E-44  3.2000E-45  5.2000E+00  5.3000E+01  7.6931E+21  5.5543E+21  1.2368E+22
5.4316E-15  1.3000E-15  7.7811E-15  2.2000E-15  7.0000E-22  3.0000E-44  3.2000E-45  5.2000E+00  5.3000E+01  7.5596E+21  5.7781E+21  1.2278E+22
5.7158E-15  1.3000E-15  7.7811E-15  2.2000E-15  7.0000E-22  3.0000E-44  3.2000E-45  5.2000E+00  5.3000E+01  7.4254E+21  6.0031E+21  1.2187E+22
6.0000E-15  1.3000E-15  7.7811E-15  2.2000E-15  7.0000E-22  3.0000E-44  3.2000E-45  5.2000E+00  5.3000E+01  7.2997E+21  6.2141E+21  1.2102E+22
6.0000E-16  1.3000E-15  8.2358E-15  2.2000E-15  7.0000E-22  3.0000E-44  3.2000E-45  5.2000E+00  5.3000E+01  1.0204E+22  7.8188E+20  1.4630E+22
8.8421E-16  1.3000E-15  8.2358E-15  2.2000E-15  7.0000E-22  3.0000E-44  3.2000E-45  5.2000E+00  5.3000E+01  9.9982E+21  1.1363E+21  1.4481E+22
1.1684E-15  1.3000E-15  8.2358E-15  2.2000E-15  7.0000E-22  3.0000E-44  3.2000E-45  5.2000E+00  5.3000E+01  9.7967E+21  1.4832E+21  1.4336E+22
1.4526E-15  1.3000E-15  8.2358E-15  2.2000E-15  7.0000E-22  3.0000E-44  3.2000E-45  5.2000E+00  5.3000E+01  9.6051E+21  1.8134E+21  1.4197E+22
1.7368E-15  1.3000E-15  8.2358E-15  2.2000E-15  7.0000E-22  3.0000E-44  3.2000E-45  5.2000E+00  5.3000E+01  9.4129E+21  2.1458E+21  1.4058E+22
2.0211E-15  1.3000E-15  8.2358E-15  2.2000E-15  7.0000E-22  3.0000E-44  3.2000E-45  5.2000E+00  5.3000E+01  9.2314E+21  2.4575E+21  1.3926E+22
2.3053E-15  1.3000E-15  8.2358E-15  2.2000E-15  7.0000E-22  3.0000E-44  3.2000E-45  5.2000E+00  5.3000E+01  9.0490E+21  2.7710E+21  1.3793E+22
2.5895E-15  1.3000E-15  8.2358E-15  2.2000E-15  7.0000E-22  3.0000E-44  3.2000E-45  5.2000E+00  5.3000E+01  8.8795E+21  3.0654E+21  1.3671E+22
2.8737E-15  1.3000E-15  8.2358E-15  2.2000E-15  7.0000E-22  3.0000E-44  3.2000E-45  5.2000E+00  5.3000E+01  8.7140E+21  3.3513E+21  1.3551E+22
3.1579E-15  1.3000E-15  8.2358E-15  2.2000E-15  7.0000E-22  3.0000E-44  3.2000E-45  5.2000E+00  5.3000E+01  8.5476E+21  3.6389E+21  1.3429E+22
3.4421E-15  1.3000E-15  8.2358E-15  2.2000E-15  7.0000E-22  3.0000E-44  3.2000E-45  5.2000E+00  5.3000E+01  8.3916E+21  3.9086E+21  1.3316E+22
3.7263E-15  1.3000E-15  8.2358E-15  2.2000E-15  7.0000E-22  3.0000E-44  3.2000E-45  5.2000E+00  5.3000E+01  8.2347E+21  4.1799E+21  1.3201E+22
4.0105E-15  1.3000E-15  8.2358E-15  2.2000E-15  7.0000E-22  3.0000E-44  3.2000E-45  5.2000E+00  5.3000E+01  8.0876E+21  4.4343E+21  1.3094E+22
4.2947E-15  1.3000E-15  8.2358E-15  2.2000E-15  7.0000E-22  3.0000E-44  3.2000E-45  5.2000E+00  5.3000E+01  7.9447E+21  4.6816E+21  1.2990E+22
4.5789E-15  1.3000E-15  8.2358E-15  2.2000E-15  7.0000E-22  3.0000E-44  3.2000E-45  5.2000E+00  5.3000E+01  7.8010E+21  4.9304E+21  1.2885E+22
4.8632E-15  1.3000E-15  8.2358E-15  2.2000E-15  7.0000E-22  3.0000E-44  3.2000E-45  5.2000E+00  5.3000E+01  7.6663E+21  5.1637E+21  1.2786E+22
5.1474E-15  1.3000E-15  8.2358E-15  2.2000E-15  7.0000E-22  3.0000E-44  3.2000E-45  5.2000E+00  5.3000E+01  7.5307E+21  5.3985E+21  1.2687E+22
5.4316E-15  1.3000E-15  8.2358E-15  2.2000E-15  7.0000E-22  3.0000E-44  3.2000E-45  5.2000E+00  5.3000E+01  7.4036E+21  5.6187E+21  1.2594E+22
5.7158E-15  1.3000E-15  8.2358E-15  2.2000E-15  7.0000E-22  3.0000E-44  3.2000E-45  5.2000E+00  5.3000E+01  7.2757E+21  5.8404E+21  1.2500E+22
6.0000E-15  1.3000E-15  8.2358E-15  2.2000E-15  7.0000E-22  3.0000E-44  3.2000E-45  5.2000E+00  5.3000E+01  7.1557E+21  6.0484E+21  1.2412E+22
6.0000E-16  1.3000E-15  8.6905E-15  2.2000E-15  7.0000E-22  3.0000E-44  3.2000E-45  5.2000E+00  5.3000E+01  9.9027E+21  7.5471E+20  1.4958E+22
8.8421E-16  1.3000E-15  8.6905E-15  2.2000E-15  7.0000E-22  3.0000E-44  3.2000E-45  5.2000E+00  5.3000E+01  9.7098E+21  1.0974E+21  1.4809E+22
1.1684E-15  1.3000E-15  8.6905E-15  2.2000E-15  7.0000E-22  3.0000E-44  3.2000E-45  5.2000E+00  5.3000E+01  9.5208E+21  1.4333E+21  1.4662E+22
1.4526E-15  1.3000E-15  8.6905E-15  2.2000E-15  7.0000E-22  3.0000E-44  3.2000E-45  5.2000E+00  5.3000E+01  9.3408E+21  1.7533E+21  1.4522E+22
1.7368E-15  1.3000E-15  8.6905E-15  2.2000E-15  7.0000E-22  3.0000E-44  3.2000E-45  5.2000E+00  5.3000E+01  9.1599E+21  2.0758E+21  1.4381E+22
2.0211E-15  1.3000E-15  8.6905E-15  2.2000E-15  7.0000E-22  3.0000E-44  3.2000E-45  5.2000E+00  5.3000E+01  8.9890E+21  2.3786E+21  1.4247E+22
2.3053E-15  1.3000E-15  8.6905E-15  2.2000E-15  7.0000E-22  3.0000E-44  3.2000E-45  5.2000E+00  5.3000E+01  8.8179E+21  2.6837E+21  1.4114E+22
2.5895E-15  1.3000E-15  8.6905E-15  2.2000E-15  7.0000E-22  3.0000E-44  3.2000E-45  5.2000E+00  5.3000E+01  8.6571E+21  2.9702E+21  1.3989E+22
2.8737E-15  1.3000E-15  8.6905E-15  2.2000E-15  7.0000E-22  3.0000E-44  3.2000E-45  5.2000E+00  5.3000E+01  8.5007E+21  3.2489E+21  1.3866E+22
3.1579E-15  1.3000E-15  8.6905E-15  2.2000E-15  7.0000E-22  3.0000E-44  3.2000E-45  5.2000E+00  5.3000E+01  8.3433E+21  3.5296E+21  1.3743E+22
3.4421E-15  1.3000E-15  8.6905E-15  2.2000E-15  7.0000E-22  3.0000E-44  3.2000E-45  5.2000E+00  5.3000E+01  8.1955E+21  3.7931E+21  1.3627E+22
3.7263E-15  1.3000E-15  8.6905E-15  2.2000E-15  7.0000E-22  3.0000E-44  3.2000E-45  5.2000E+00  5.3000E+01  8.0467E+21  4.0585E+21  1.3511E+22
4.0105E-15  1.3000E-15  8.6905E-15  2.2000E-15  7.0000E-22  3.0000E-44  3.2000E-45  5.2000E+00  5.3000E+01  7.9071E+21  4.3076E+21  1.3401E+22
4.2947E-15  1.3000E-15  8.6905E-15  2.2000E-15  7.0000E-22  3.0000E-44  3.2000E-45  5.2000E+00  5.3000E+01  7.7714E+21  4.5500E+21  1.3294E+22
4.5789E-15  1.3000E-15  8.6905E-15  2.2000E-15  7.0000E-22  3.0000E-44  3.2000E-45  5.2000E+00  5.3000E+01  7.6347E+21  4.7941E+21  1.3187E+22
4.8632E-15  1.3000E-15  8.6905E-15  2.2000E-15  7.0000E-22  3.0000E-44  3.2000E-45  5.2000E+00  5.3000E+01  7.5064E+21  5.0233E+21  1.3086E+22
5.1474E-15  1.3000E-15  8.6905E-15  2.2000E-15  7.0000E-22  3.0000E-44  3.2000E-45  5.2000E+00  5.3000E+01  7.3772E+21  5.2541E+21  1.2985E+22
5.4316E-15  1.3000E-15  8.6905E-15  2.2000E-15  7.0000E-22  3.0000E-44  3.2000E-45  5.2000E+00  5.3000E+01  7.2560E+21  5.4709E+21  1.2889E+22
5.7158E-15  1.3000E-15  8.6905E-15  2.2000E-15  7.0000E-22  3.0000E-44  3.2000E-45  5.2000E+00  5.3000E+01  7.1338E+21  5.6893E+21  1.2793E+22
6.0000E-15  1.3000E-15  8.6905E-15  2.2000E-15  7.0000E-22  3.0000E-44  3.2000E-45  5.2000E+00  5.3000E+01  7.0191E+21  5.8944E+21  1.2702E+22
6.0000E-16  1.3000E-15  9.1453E-15  2.2000E-15  7.0000E-22  3.0000E-44  3.2000E-45  5.2000E+00  5.3000E+01  9.6123E+21  7.2890E+20  1.5275E+22
8.8421E-16  1.3000E-15  9.1453E-15  2.2000E-15  7.0000E-22  3.0000E-44  3.2000E-45  5.2000E+00  5.3000E+01  9.4313E+21  1.0604E+21  1.5124E+22
1.1684E-15  1.3000E-15  9.1453E-15  2.2000E-15  7.0000E-22  3.0000E-44  3.2000E-45  5.2000E+00  5.3000E+01  9.2538E+21  1.3857E+21  1.4976E+22
1.4526E-15  1.3000E-15  9.1453E-15  2.2000E-15  7.0000E-22  3.0000E-44  3.2000E-45  5.2000E+00  5.3000E+01  9.0846E+21  1.6960E+21  1.4835E+22
1.7368E-15  1.3000E-15  9.1453E-15  2.2000E-15  7.0000E-22  3.0000E-44  3.2000E-45  5.2000E+00  5.3000E+01  8.9144E+21  2.0090E+21  1.4694E+22
2.0211E-15  1.3000E-15  9.1453E-15  2.2000E-15  7.0000E-22  3.0000E-44  3.2000E-45  5.2000E+00  5.3000E+01  8.7532E+21  2.3032E+21  1.4558E+22
2.3053E-15  1.3000E-15  9.1453E-15  2.2000E-15  7.0000E-22  3.0000E-44  3.2000E-45  5.2000E+00  5.3000E+01  8.5920E+21  2.6000E+21  1.4424E+22
2.5895E-15  1.3000E-15  9.1453E-15  2.2000E-15  7.0000E-22  3.0000E-44  3.2000E-45  5.2000E+00  5.3000E+01  8.4402E+21  2.8790E+21  1.4297E+22
2.8737E-15  1.3000E-15  9.1453E-15  2.2000E-15  7.0000E-22  3.0000E-44  3.2000E-45  5.2000E+00  5.3000E+01  8.2924E+21  3.1507E+21  1.4173E+22
3.1579E-15  1.3000E-15  9.1453E-15  2.2000E-15  7.0000E-22  3.0000E-44  3.2000E-45  5.2000E+00  5.3000E+01  8.1434E+21  3.4246E+21  1.4048E+22
3.4421E-15  1.3000E-15  9.1453E-15  2.2000E-15  7.0000E-22  3.0000E-44  3.2000E-45  5.2000E+00  5.3000E+01  8.0034E+21  3.6820E+21  1.3930E+22
3.7263E-15  1.3000E-15  9.1453E-15  2.2000E-15  7.0000E-22  3.0000E-44  3.2000E-45  5.2000E+00  5.3000E+01  7.8624E+21  3.9415E+21  1.3812E+22
4.0105E-15  1.3000E-15  9.1453E-15  2.2000E-15  7.0000E-22  3.0000E-44  3.2000E-45  5.2000E+00  5.3000E+01  7.7299E+21  4.1854E+21  1.3701E+22
4.2947E-15  1.3000E-15  9.1453E-15  2.2000E-15  7.0000E-22  3.0000E-44  3.2000E-45  5.2000E+00  5.3000E+01  7.6009E+21  4.4229E+21  1.3592E+22
4.5789E-15  1.3000E-15  9.1453E-15  2.2000E-15  7.0000E-22  3.0000E-44  3.2000E-45  5.2000E+00  5.3000E+01  7.4710E+21  4.6623E+21  1.3483E+22
4.8632E-15  1.3000E-15  9.1453E-15  2.2000E-15  7.0000E-22  3.0000E-44  3.2000E-45  5.2000E+00  5.3000E+01  7.3488E+21  4.8873E+21  1.3380E+22
5.1474E-15  1.3000E-15  9.1453E-15  2.2000E-15  7.0000E-22  3.0000E-44  3.2000E-45  5.2000E+00  5.3000E+01  7.2257E+21  5.1142E+21  1.3276E+22
5.4316E-15  1.3000E-15  9.1453E-15  2.2000E-15  7.0000E-22  3.0000E-44  3.2000E-45  5.2000E+00  5.3000E+01  7.1101E+21  5.3275E+21  1.3178E+22
5.7158E-15  1.3000E-15  9.1453E-15  2.2000E-15  7.0000E-22  3.0000E-44  3.2000E-45  5.2000E+00  5.3000E+01  6.9935E+21  5.5425E+21  1.3080E+22
6.0000E-15  1.3000E-15  9.1453E-15  2.2000E-15  7.0000E-22  3.0000E-44  3.2000E-45  5.2000E+00  5.3000E+01  6.8839E+21  5.7447E+21  1.2987E+22
6.0000E-16  1.3000E-15  9.6000E-15  2.2000E-15  7.0000E-22  3.0000E-44  3.2000E-45  5.2000E+00  5.3000E+01  9.3439E+21  7.0538E+20  1.5567E+22
8.8421E-16  1.3000E-15  9.6000E-15  2.2000E-15  7.0000E-22  3.0000E-44  3.2000E-45  5.2000E+00  5.3000E+01  9.1735E+21  1.0267E+21  1.5416E+22
1.1684E-15  1.3000E-15  9.6000E-15  2.2000E-15  7.0000E-22  3.0000E-44  3.2000E-45  5.2000E+00  5.3000E+01  9.0063E+21  1.3423E+21  1.5267E+22
1.4526E-15  1.3000E-15  9.6000E-15  2.2000E-15  7.0000E-22  3.0000E-44  3.2000E-45  5.2000E+00  5.3000E+01  8.8467E+21  1.6436E+21  1.5126E+22
1.7368E-15  1.3000E-15  9.6000E-15  2.2000E-15  7.0000E-22  3.0000E-44  3.2000E-45  5.2000E+00  5.3000E+01  8.6860E+21  1.9478E+21  1.4983E+22
2.0211E-15  1.3000E-15  9.6000E-15  2.2000E-15  7.0000E-22  3.0000E-44  3.2000E-45  5.2000E+00  5.3000E+01  8.5336E+21  2.2341E+21  1.4847E+22
2.3053E-15  1.3000E-15  9.6000E-15  2.2000E-15  7.0000E-22  3.0000E-44  3.2000E-45  5.2000E+00  5.3000E+01  8.3814E+21  2.5232E+21  1.4711E+22
2.5895E-15  1.3000E-15  9.6000E-15  2.2000E-15  7.0000E-22  3.0000E-44  3.2000E-45  5.2000E+00  5.3000E+01  8.2376E+21  2.7951E+21  1.4583E+22
2.8737E-15  1.3000E-15  9.6000E-15  2.2000E-15  7.0000E-22  3.0000E-44  3.2000E-45  5.2000E+00  5.3000E+01  8.0975E+21  3.0603E+21  1.4458E+22
3.1579E-15  1.3000E-15  9.6000E-15  2.2000E-15  7.0000E-22  3.0000E-44  3.2000E-45  5.2000E+00  5.3000E+01  7.9562E+21  3.3278E+21  1.4332E+22
3.4421E-15  1.3000E-15  9.6000E-15  2.2000E-15  7.0000E-22  3.0000E-44  3.2000E-45  5.2000E+00  5.3000E+01  7.8233E+21  3.5795E+21  1.4213E+22
3.7263E-15  1.3000E-15  9.6000E-15  2.2000E-15  7.0000E-22  3.0000E-44  3.2000E-45  5.2000E+00  5.3000E+01  7.6893E+21  3.8335E+21  1.4093E+22
4.0105E-15  1.3000E-15  9.6000E-15  2.2000E-15  7.0000E-22  3.0000E-44  3.2000E-45  5.2000E+00  5.3000E+01  7.5633E+21  4.0724E+21  1.3980E+22
4.2947E-15  1.3000E-15  9.6000E-15  2.2000E-15  7.0000E-22  3.0000E-44  3.2000E-45  5.2000E+00  5.3000E+01  7.4405E+21  4.3052E+21  1.3870E+22
4.5789E-15  1.3000E-15  9.6000E-15  2.2000E-15  7.0000E-22  3.0000E-44  3.2000E-45  5.2000E+00  5.3000E+01  7.3166E+21  4.5402E+21  1.3759E+22
4.8632E-15  1.3000E-15  9.6000E-15  2.2000E-15  7.0000E-22  3.0000E-44  3.2000E-45  5.2000E+00  5.3000E+01  7.2001E+21  4.7612E+21  1.3655E+22
5.1474E-15  1.3000E-15  9.6000E-15  2.2000E-15  7.0000E-22  3.0000E-44  3.2000E-45  5.2000E+00  5.3000E+01  7.0826E+21  4.9843E+21  1.3549E+22
5.4316E-15  1.3000E-15  9.6000E-15  2.2000E-15  7.0000E-22  3.0000E-44  3.2000E-45  5.2000E+00  5.3000E+01  6.9721E+21  5.1941E+21  1.3450E+22
5.7158E-15  1.3000E-15  9.6000E-15  2.2000E-15  7.0000E-22  3.0000E-44  3.2000E-45  5.2000E+00  5.3000E+01  6.8606E+21  5.4059E+21  1.3349E+22
6.0000E-15  1.3000E-15  9.6000E-15  2.2000E-15  7.0000E-22  3.0000E-44  3.2000E-45  5.2000E+00  5.3000E+01  6.7557E+21  5.6052E+21  1.3255E+22
