5.9907E-15  2.5954E-15  9.6000E-16  2.2000E-15  7.0000E-22  3.0000E-44  3.2000E-45  5.2000E+00  5.3000E+01  1.1014E+22  9.2658E+21  5.3361E+21
1.6580E-15  8.7537E-15  9.6000E-16  2.2000E-15  7.0000E-22  3.0000E-44  3.2000E-45  5.2000E+00  5.3000E+01  1.9144E+22  2.4025E+21  4.0694E+21
3.1730E-15  5.5643E-15  9.6000E-16  2.2000E-15  7.0000E-22  3.0000E-44  3.2000E-45  5.2000E+00  5.3000E+01  1.6012E+22  5.0483E+21  4.5560E+21
3.6296E-15  3.5782E-15  9.6000E-16  2.2000E-15  7.0000E-22  3.0000E-44  3.2000E-45  5.2000E+00  5.3000E+01  1.4361E+22  6.4418E+21  4.8130E+21
2.7657E-15  8.5173E-15  9.6000E-16  2.2000E-15  7.0000E-22  3.0000E-44  3.2000E-45  5.2000E+00  5.3000E+01  1.7564E+22  3.7371E+21  4.3146E+21
3.3544E-15  1.0165E-14  9.6000E-16  2.2000E-15  7.0000E-22  3.0000E-44  3.2000E-45  5.2000E+00  5.3000E+01  1.7299E+22  3.9611E+21  4.3558E+21
4.2266E-15  3.2526E-15  9.6000E-16  2.2000E-15  7.0000E-22  3.0000E-44  3.2000E-45  5.2000E+00  5.3000E+01  1.3375E+22  7.2738E+21  4.9668E+21
1.3117E-15  1.0979E-14  9.6000E-16  2.2000E-15  7.0000E-22  3.0000E-44  3.2000E-45  5.2000E+00  5.3000E+01  1.9977E+22  1.6990E+21  3.9403E+21
5.2515E-15  2.7641E-15  9.6000E-16  2.2000E-15  7.0000E-22  3.0000E-44  3.2000E-45  5.2000E+00  5.3000E+01  1.1865E+22  8.5484E+21  5.2029E+21
2.7987E-15  9.9736E-15  9.6000E-16  2.2000E-15  7.0000E-22  3.0000E-44  3.2000E-45  5.2000E+00  5.3000E+01  1.7887E+22  3.4643E+21  4.2644E+21
4.5731E-15  8.1914E-15  9.6000E-16  2.2000E-15  7.0000E-22  3.0000E-44  3.2000E-45  5.2000E+00  5.3000E+01  1.5415E+22  5.5522E+21  4.6489E+21
2.6837E-15  1.5610E-15  9.6000E-16  2.2000E-15  7.0000E-22  3.0000E-44  3.2000E-45  5.2000E+00  5.3000E+01  1.4436E+22  6.3784E+21  4.8013E+21
5.4555E-15  1.2889E-14  9.6000E-16  2.2000E-15  7.0000E-22  3.0000E-44  3.2000E-45  5.2000E+00  5.3000E+01  1.6033E+22  5.0303E+21  4.5527E+21
3.7638E-15  9.0077E-15  9.6000E-16  2.2000E-15  7.0000E-22  3.0000E-44  3.2000E-45  5.2000E+00  5.3000E+01  1.6532E+22  4.6087E+21  4.4750E+21
5.6622E-16  7.1392E-15  9.6000E-16  2.2000E-15  7.0000E-22  3.0000E-44  3.2000E-45  5.2000E+00  5.3000E+01  2.0783E+22  1.0173E+21  3.8153E+21
4.5871E-15  8.0674E-15  9.6000E-16  2.2000E-15  7.0000E-22  3.0000E-44  3.2000E-45  5.2000E+00  5.3000E+01  1.5356E+22  5.6023E+21  4.6581E+21
2.8857E-15  1.0949E-14  9.6000E-16  2.2000E-15  7.0000E-22  3.0000E-44  3.2000E-45  5.2000E+00  5.3000E+01  1.8001E+22  3.3679E+21  4.2467E+21
4.3513E-15  8.1901E-15  9.6000E-16  2.2000E-15  7.0000E-22  3.0000E-44  3.2000E-45  5.2000E+00  5.3000E+01  1.5641E+22  5.3617E+21  4.6137E+21
4.0137E-15  1.1090E-15  9.6000E-16  2.2000E-15  7.0000E-22  3.0000E-44  3.2000E-45  5.2000E+00  5.3000E+01  1.1926E+22  8.4967E+21  5.1933E+21
1.2837E-15  1.1227E-14  9.6000E-16  2.2000E-15  7.0000E-22  3.0000E-44  3.2000E-45  5.2000E+00  5.3000E+01  2.0044E+22  1.6421E+21  3.9299E+21
5.9329E-15  4.6269E-15  9.6000E-16  2.2000E-15  7.0000E-22  3.0000E-44  3.2000E-45  5.2000E+00  5.3000E+01  1.2438E+22  8.0647E+21  5.1133E+21
4.7624E-15  5.8483E-15  9.6000E-16  2.2000E-15  7.0000E-22  3.0000E-44  3.2000E-45  5.2000E+00  5.3000E+01  1.4240E+22  6.5442E+21  4.8320E+21
4.3168E-15  3.4967E-15  9.6000E-16  2.2000E-15  7.0000E-22  3.0000E-44  3.2000E-45  5.2000E+00  5.3000E+01  1.3427E+22  7.2306E+21  4.9588E+21
1.0088E-15  4.2871E-15  9.6000E-16  2.2000E-15  7.0000E-22  3.0000E-44  3.2000E-45  5.2000E+00  5.3000E+01  1.9345E+22  2.2325E+21  4.0382E+21
1.5513E-15  2.1317E-15  9.6000E-16  2.2000E-15  7.0000E-22  3.0000E-44  3.2000E-45  5.2000E+00  5.3000E+01  1.7212E+22  4.0349E+21  4.3694E+21
2.5173E-15  5.8686E-15  9.6000E-16  2.2000E-15  7.0000E-22  3.0000E-44  3.2000E-45  5.2000E+00  5.3000E+01  1.7075E+22  4.1505E+21  4.3906E+21
2.1931E-15  4.4326E-15  9.6000E-16  2.2000E-15  7.0000E-22  3.0000E-44  3.2000E-45  5.2000E+00  5.3000E+01  1.7032E+22  4.1871E+21  4.3974E+21
5.3430E-15  1.2942E-14  9.6000E-16  2.2000E-15  7.0000E-22  3.0000E-44  3.2000E-45  5.2000E+00  5.3000E+01  1.6136E+22  4.9434E+21  4.5366E+21
4.1038E-15  1.2003E-15  9.6000E-16  2.2000E-15  7.0000E-22  3.0000E-44  3.2000E-45  5.2000E+00  5.3000E+01  1.1893E+22  8.5249E+21  5.1986E+21
9.2656E-16  6.1802E-15  9.6000E-16  2.2000E-15  7.0000E-22  3.0000E-44  3.2000E-45  5.2000E+00  5.3000E+01  1.9930E+22  1.7381E+21  3.9475E+21
1.7366E-15  5.7170E-15  9.6000E-16  2.2000E-15  7.0000E-22  3.0000E-44  3.2000E-45  5.2000E+00  5.3000E+01  1.8296E+22  3.1187E+21  4.2009E+21
2.6980E-16  3.9857E-15  9.6000E-16  2.2000E-15  7.0000E-22  3.0000E-44  3.2000E-45  5.2000E+00  5.3000E+01  2.1183E+22  6.7989E+20  3.7535E+21
4.7888E-15  4.8860E-16  9.6000E-16  2.2000E-15  7.0000E-22  3.0000E-44  3.2000E-45  5.2000E+00  5.3000E+01  1.0317E+22  9.8537E+21  5.4453E+21
2.2980E-15  2.9559E-15  9.6000E-16  2.2000E-15  7.0000E-22  3.0000E-44  3.2000E-45  5.2000E+00  5.3000E+01  1.6109E+22  4.9661E+21  4.5408E+21
3.2956E-15  1.1370E-14  9.6000E-16  2.2000E-15  7.0000E-22  3.0000E-44  3.2000E-45  5.2000E+00  5.3000E+01  1.7645E+22  3.6688E+21  4.3020E+21
4.0841E-15  7.0690E-15  9.6000E-16  2.2000E-15  7.0000E-22  3.0000E-44  3.2000E-45  5.2000E+00  5.3000E+01  1.5509E+22  5.4729E+21  4.6342E+21
3.0902E-17  1.1039E-14  9.6000E-16  2.2000E-15  7.0000E-22  3.0000E-44  3.2000E-45  5.2000E+00  5.3000E+01  2.1935E+22  4.3892E+19  3.6370E+21
4.6582E-15  1.1645E-14  9.6000E-16  2.2000E-15  7.0000E-22  3.0000E-44  3.2000E-45  5.2000E+00  5.3000E+01  1.6389E+22  4.7299E+21  4.4973E+21
5.2250E-15  3.9715E-15  9.6000E-16  2.2000E-15  7.0000E-22  3.0000E-44  3.2000E-45  5.2000E+00  5.3000E+01  1.2722E+22  7.8256E+21  5.0690E+21
1.6721E-15  1.3533E-15  9.6000E-16  2.2000E-15  7.0000E-22  3.0000E-44  3.2000E-45  5.2000E+00  5.3000E+01  1.6428E+22  4.6969E+21  4.4912E+21
4.8414E-15  6.9930E-16  9.6000E-16  2.2000E-15  7.0000E-22  3.0000E-44  3.2000E-45  5.2000E+00  5.3000E+01  1.0483E+22  9.7137E+21  5.4193E+21
3.2802E-16  7.9507E-15  9.6000E-16  2.2000E-15  7.0000E-22  3.0000E-44  3.2000E-45  5.2000E+00  5.3000E+01  2.1318E+22  5.6539E+20  3.7325E+21
5.5010E-15  6.3943E-15  9.6000E-16  2.2000E-15  7.0000E-22  3.0000E-44  3.2000E-45  5.2000E+00  5.3000E+01  1.3769E+22  6.9415E+21  4.9054E+21
2.6050E-15  1.2543E-14  9.6000E-16  2.2000E-15  7.0000E-22  3.0000E-44  3.2000E-45  5.2000E+00  5.3000E+01  1.8614E+22  2.8507E+21  4.1517E+21
1.3929E-16  2.0178E-15  9.6000E-16  2.2000E-15  7.0000E-22  3.0000E-44  3.2000E-45  5.2000E+00  5.3000E+01  2.1438E+22  4.6420E+20  3.7140E+21
3.7295E-15  1.2862E-14  9.6000E-16  2.2000E-15  7.0000E-22  3.0000E-44  3.2000E-45  5.2000E+00  5.3000E+01  1.7527E+22  3.7688E+21  4.3204E+21
4.4092E-16  2.1469E-15  9.6000E-16  2.2000E-15  7.0000E-22  3.0000E-44  3.2000E-45  5.2000E+00  5.3000E+01  2.0372E+22  1.3645E+21  3.8790E+21
2.1810E-15  3.1164E-15  9.6000E-16  2.2000E-15  7.0000E-22  3.0000E-44  3.2000E-45  5.2000E+00  5.3000E+01  1.6419E+22  4.7046E+21  4.4927E+21
4.8556E-15  1.1074E-14  9.6000E-16  2.2000E-15  7.0000E-22  3.0000E-44  3.2000E-45  5.2000E+00  5.3000E+01  1.6060E+22  5.0075E+21  4.5484E+21
3.5819E-15  3.6128E-15  9.6000E-16  2.2000E-15  7.0000E-22  3.0000E-44  3.2000E-45  5.2000E+00  5.3000E+01  1.4448E+22  6.3687E+21  4.7995E+21
2.8526E-16  1.0093E-14  9.6000E-16  2.2000E-15  7.0000E-22  3.0000E-44  3.2000E-45  5.2000E+00  5.3000E+01  2.1487E+22  4.2252E+20  3.7063E+21
4.1628E-15  2.7333E-15  9.6000E-16  2.2000E-15  7.0000E-22  3.0000E-44  3.2000E-45  5.2000E+00  5.3000E+01  1.3092E+22  7.5129E+21  5.0111E+21
2.7040E-16  2.5018E-15  9.6000E-16  2.2000E-15  7.0000E-22  3.0000E-44  3.2000E-45  5.2000E+00  5.3000E+01  2.1016E+22  8.2057E+20  3.7793E+21
8.0152E-16  3.7305E-15  9.6000E-16  2.2000E-15  7.0000E-22  3.0000E-44  3.2000E-45  5.2000E+00  5.3000E+01  1.9702E+22  1.9308E+21  3.9828E+21
3.0025E-15  6.4117E-15  9.6000E-16  2.2000E-15  7.0000E-22  3.0000E-44  3.2000E-45  5.2000E+00  5.3000E+01  1.6583E+22  4.5658E+21  4.4671E+21
1.0073E-15  7.3213E-15  9.6000E-16  2.2000E-15  7.0000E-22  3.0000E-44  3.2000E-45  5.2000E+00  5.3000E+01  1.9964E+22  1.7093E+21  3.9422E+21
6.0110E-16  9.1540E-16  9.6000E-16  2.2000E-15  7.0000E-22  3.0000E-44  3.2000E-45  5.2000E+00  5.3000E+01  1.9415E+22  2.1738E+21  4.0274E+21
1.0122E-15  5.2358E-15  9.6000E-16  2.2000E-15  7.0000E-22  3.0000E-44  3.2000E-45  5.2000E+00  5.3000E+01  1.9567E+22  2.0447E+21  4.0037E+21
1.3974E-16  5.9482E-15  9.6000E-16  2.2000E-15  7.0000E-22  3.0000E-44  3.2000E-45  5.2000E+00  5.3000E+01  2.1642E+22  2.9195E+20  3.6824E+21
7.7672E-16  6.7333E-15  9.6000E-16  2.2000E-15  7.0000E-22  3.0000E-44  3.2000E-45  5.2000E+00  5.3000E+01  2.0316E+22  1.4126E+21  3.8878E+21
1.2934E-15  1.1781E-14  9.6000E-16  2.2000E-15  7.0000E-22  3.0000E-44  3.2000E-45  5.2000E+00  5.3000E+01  2.0092E+22  1.6019E+21  3.9225E+21
4.3696E-15  2.2217E-15  9.6000E-16  2.2000E-15  7.0000E-22  3.0000E-44  3.2000E-45  5.2000E+00  5.3000E+01  1.2443E+22  8.0608E+21  5.1125E+21
4.4666E-15  4.6407E-15  9.6000E-16  2.2000E-15  7.0000E-22  3.0000E-44  3.2000E-45  5.2000E+00  5.3000E+01  1.3938E+22  6.7988E+21  4.8790E+21
9.5432E-16  3.7084E-15  9.6000E-16  2.2000E-15  7.0000E-22  3.0000E-44  3.2000E-45  5.2000E+00  5.3000E+01  1.9315E+22  2.2580E+21  4.0429E+21
1.9301E-15  2.6663E-15  9.6000E-16  2.2000E-15  7.0000E-22  3.0000E-44  3.2000E-45  5.2000E+00  5.3000E+01  1.6668E+22  4.4940E+21  4.4539E+21
5.6041E-15  1.0319E-14  9.6000E-16  2.2000E-15  7.0000E-22  3.0000E-44  3.2000E-45  5.2000E+00  5.3000E+01  1.5190E+22  5.7418E+21  4.6838E+21
4.6006E-15  1.1287E-14  9.6000E-16  2.2000E-15  7.0000E-22  3.0000E-44  3.2000E-45  5.2000E+00  5.3000E+01  1.6347E+22  4.7651E+21  4.5038E+21
3.0851E-15  1.0644E-14  9.6000E-16  2.2000E-15  7.0000E-22  3.0000E-44  3.2000E-45  5.2000E+00  5.3000E+01  1.7711E+22  3.6130E+21  4.2918E+21
1.9325E-15  1.1831E-14  9.6000E-16  2.2000E-15  7.0000E-22  3.0000E-44  3.2000E-45  5.2000E+00  5.3000E+01  1.9280E+22  2.2877E+21  4.0483E+21
4.3231E-15  4.2320E-15  9.6000E-16  2.2000E-15  7.0000E-22  3.0000E-44  3.2000E-45  5.2000E+00  5.3000E+01  1.3872E+22  6.8547E+21  4.8893E+21
1.8903E-15  1.0665E-14  9.6000E-16  2.2000E-15  7.0000E-22  3.0000E-44  3.2000E-45  5.2000E+00  5.3000E+01  1.9154E+22  2.3942E+21  4.0679E+21
3.9069E-15  1.2955E-14  9.6000E-16  2.2000E-15  7.0000E-22  3.0000E-44  3.2000E-45  5.2000E+00  5.3000E+01  1.7379E+22  3.8935E+21  4.3434E+21
2.6789E-15  2.1918E-15  9.6000E-16  2.2000E-15  7.0000E-22  3.0000E-44  3.2000E-45  5.2000E+00  5.3000E+01  1.4925E+22  5.9663E+21  4.7253E+21
1.6295E-15  1.4150E-15  9.6000E-16  2.2000E-15  7.0000E-22  3.0000E-44  3.2000E-45  5.2000E+00  5.3000E+01  1.6576E+22  4.5716E+21  4.4682E+21
4.2012E-15  2.7387E-16  9.6000E-16  2.2000E-15  7.0000E-22  3.0000E-44  3.2000E-45  5.2000E+00  5.3000E+01  1.0796E+22  9.4499E+21  5.3703E+21
5.3338E-15  7.8045E-15  9.6000E-16  2.2000E-15  7.0000E-22  3.0000E-44  3.2000E-45  5.2000E+00  5.3000E+01  1.4536E+22  6.2946E+21  4.7859E+21
4.6355E-15  6.0181E-15  9.6000E-16  2.2000E-15  7.0000E-22  3.0000E-44  3.2000E-45  5.2000E+00  5.3000E+01  1.4455E+22  6.3627E+21  4.7984E+21
5.6340E-15  1.2704E-14  9.6000E-16  2.2000E-15  7.0000E-22  3.0000E-44  3.2000E-45  5.2000E+00  5.3000E+01  1.5845E+22  5.1887E+21  4.5818E+21
3.2037E-15  8.1579E-15  9.6000E-16  2.2000E-15  7.0000E-22  3.0000E-44  3.2000E-45  5.2000E+00  5.3000E+01  1.6916E+22  4.2849E+21  4.4154E+21
3.5088E-15  1.1333E-14  9.6000E-16  2.2000E-15  7.0000E-22  3.0000E-44  3.2000E-45  5.2000E+00  5.3000E+01  1.7415E+22  3.8634E+21  4.3378E+21
2.4498E-15  4.2090E-15  9.6000E-16  2.2000E-15  7.0000E-22  3.0000E-44  3.2000E-45  5.2000E+00  5.3000E+01  1.6493E+22  4.6423E+21  4.4812E+21
5.3311E-15  2.2551E-15  9.6000E-16  2.2000E-15  7.0000E-22  3.0000E-44  3.2000E-45  5.2000E+00  5.3000E+01  1.1386E+22  8.9521E+21  5.2778E+21
7.3652E-17  7.0197E-15  9.6000E-16  2.2000E-15  7.0000E-22  3.0000E-44  3.2000E-45  5.2000E+00  5.3000E+01  2.1821E+22  1.4065E+20  3.6547E+21
1.6339E-15  7.4767E-16  9.6000E-16  2.2000E-15  7.0000E-22  3.0000E-44  3.2000E-45  5.2000E+00  5.3000E+01  1.6065E+22  5.0031E+21  4.5476E+21
5.8601E-15  6.1231E-15  9.6000E-16  2.2000E-15  7.0000E-22  3.0000E-44  3.2000E-45  5.2000E+00  5.3000E+01  1.3310E+22  7.3288E+21  4.9770E+21
7.7476E-16  2.6770E-16  9.6000E-16  2.2000E-15  7.0000E-22  3.0000E-44  3.2000E-45  5.2000E+00  5.3000E+01  1.8421E+22  3.0130E+21  4.1815E+21
2.2746E-15  1.1672E-15  9.6000E-16  2.2000E-15  7.0000E-22  3.0000E-44  3.2000E-45  5.2000E+00  5.3000E+01  1.4913E+22  5.9757E+21  4.7270E+21
1.6496E-15  5.6758E-15  9.6000E-16  2.2000E-15  7.0000E-22  3.0000E-44  3.2000E-45  5.2000E+00  5.3000E+01  1.8439E+22  2.9983E+21  4.1788E+21
2.2014E-15  8.4535E-15  9.6000E-16  2.2000E-15  7.0000E-22  3.0000E-44  3.2000E-45  5.2000E+00  5.3000E+01  1.8299E+22  3.1168E+21  4.2006E+21
4.7880E-15  8.8678E-15  9.6000E-16  2.2000E-15  7.0000E-22  3.0000E-44  3.2000E-45  5.2000E+00  5.3000E+01  1.5442E+22  5.5290E+21  4.6446E+21
4.8598E-16  7.2245E-15  9.6000E-16  2.2000E-15  7.0000E-22  3.0000E-44  3.2000E-45  5.2000E+00  5.3000E+01  2.0953E+22  8.7410E+20  3.7891E+21
4.7831E-15  3.1138E-17  9.6000E-16  2.2000E-15  7.0000E-22  3.0000E-44  3.2000E-45  5.2000E+00  5.3000E+01  9.8004E+21  1.0289E+22  5.5264E+21
4.1657E-15  1.1172E-14  9.6000E-16  2.2000E-15  7.0000E-22  3.0000E-44  3.2000E-45  5.2000E+00  5.3000E+01  1.6723E+22  4.4475E+21  4.4453E+21
2.7764E-15  1.2196E-15  9.6000E-16  2.2000E-15  7.0000E-22  3.0000E-44  3.2000E-45  5.2000E+00  5.3000E+01  1.3977E+22  6.7658E+21  4.8729E+21
1.1674E-16  3.7305E-15  9.6000E-16  2.2000E-15  7.0000E-22  3.0000E-44  3.2000E-45  5.2000E+00  5.3000E+01  2.1620E+22  3.1001E+20  3.6857E+21
3.7386E-15  1.0684E-14  9.6000E-16  2.2000E-15  7.0000E-22  3.0000E-44  3.2000E-45  5.2000E+00  5.3000E+01  1.7023E+22  4.1946E+21  4.3988E+21
4.1846E-15  8.8953E-15  9.6000E-16  2.2000E-15  7.0000E-22  3.0000E-44  3.2000E-45  5.2000E+00  5.3000E+01  1.6052E+22  5.0147E+21  4.5498E+21
9.7578E-16  9.5899E-15  9.6000E-16  2.2000E-15  7.0000E-22  3.0000E-44  3.2000E-45  5.2000E+00  5.3000E+01  2.0315E+22  1.4132E+21  3.8879E+21
3.7813E-16  4.0539E-16  9.6000E-16  2.2000E-15  7.0000E-22  3.0000E-44  3.2000E-45  5.2000E+00  5.3000E+01  2.0129E+22  1.5706E+21  3.9168E+21
2.2818E-15  1.1626E-14  9.6000E-16  2.2000E-15  7.0000E-22  3.0000E-44  3.2000E-45  5.2000E+00  5.3000E+01  1.8827E+22  2.6702E+21  4.1185E+21
