3.4461E-15  1.3000E-15  8.7170E-15  2.2000E-15  7.0000E-22  3.0000E-44  3.2000E-45  5.2000E+00  5.3000E+01  8.1808E+21  3.7921E+21  1.3643E+22
2.6886E-15  1.3000E-15  1.7218E-15  2.2000E-15  7.0000E-22  3.0000E-44  3.2000E-45  5.2000E+00  5.3000E+01  1.3476E+22  5.9159E+21  6.2240E+21
5.9784E-15  1.3000E-15  8.9940E-15  2.2000E-15  7.0000E-22  3.0000E-44  3.2000E-45  5.2000E+00  5.3000E+01  6.9377E+21  5.7791E+21  1.2899E+22
6.8657E-16  1.3000E-15  7.6261E-15  2.2000E-15  7.0000E-22  3.0000E-44  3.2000E-45  5.2000E+00  5.3000E+01  1.0576E+22  9.3696E+20  1.4103E+22
3.4136E-15  1.3000E-15  8.4053E-15  2.2000E-15  7.0000E-22  3.0000E-44  3.2000E-45  5.2000E+00  5.3000E+01  8.3328E+21  3.8405E+21  1.3443E+22
1.7255E-15  1.3000E-15  9.4095E-15  2.2000E-15  7.0000E-22  3.0000E-44  3.2000E-45  5.2000E+00  5.3000E+01  8.7895E+21  1.9581E+21  1.4869E+22
3.2621E-15  1.3000E-15  2.8646E-15  2.2000E-15  7.0000E-22  3.0000E-44  3.2000E-45  5.2000E+00  5.3000E+01  1.1709E+22  5.9158E+21  7.9913E+21
5.8593E-15  1.3000E-15  9.5481E-15  2.2000E-15  7.0000E-22  3.0000E-44  3.2000E-45  5.2000E+00  5.3000E+01  6.8229E+21  5.5213E+21  1.3272E+22
1.1627E-15  1.3000E-15  8.0244E-15  2.2000E-15  7.0000E-22  3.0000E-44  3.2000E-45  5.2000E+00  5.3000E+01  9.9397E+21  1.4996E+21  1.4177E+22
1.2277E-15  1.3000E-15  3.8169E-15  2.2000E-15  7.0000E-22  3.0000E-44  3.2000E-45  5.2000E+00  5.3000E+01  1.3520E+22  2.3831E+21  9.7139E+21
3.2080E-15  1.3000E-15  3.0031E-15  2.2000E-15  7.0000E-22  3.0000E-44  3.2000E-45  5.2000E+00  5.3000E+01  1.1669E+22  5.7595E+21  8.1879E+21
9.6794E-16  1.3000E-15  4.5268E-15  2.2000E-15  7.0000E-22  3.0000E-44  3.2000E-45  5.2000E+00  5.3000E+01  1.3085E+22  1.7618E+21  1.0772E+22
3.4569E-15  1.3000E-15  8.2841E-15  2.2000E-15  7.0000E-22  3.0000E-44  3.2000E-45  5.2000E+00  5.3000E+01  8.3627E+21  3.9130E+21  1.3340E+22
5.9351E-15  1.3000E-15  1.8604E-15  2.2000E-15  7.0000E-22  3.0000E-44  3.2000E-45  5.2000E+00  5.3000E+01  9.5860E+21  9.3969E+21  6.6333E+21
4.2253E-15  1.3000E-15  2.5876E-15  2.2000E-15  7.0000E-22  3.0000E-44  3.2000E-45  5.2000E+00  5.3000E+01  1.0821E+22  7.2431E+21  7.5520E+21
2.2124E-15  1.3000E-15  4.0247E-15  2.2000E-15  7.0000E-22  3.0000E-44  3.2000E-45  5.2000E+00  5.3000E+01  1.2016E+22  3.8670E+21  9.7338E+21
4.4741E-15  1.3000E-15  4.9077E-15  2.2000E-15  7.0000E-22  3.0000E-44  3.2000E-45  5.2000E+00  5.3000E+01  9.3163E+21  6.1347E+21  1.0163E+22
1.6172E-15  1.3000E-15  5.9120E-15  2.2000E-15  7.0000E-22  3.0000E-44  3.2000E-45  5.2000E+00  5.3000E+01  1.1077E+22  2.4384E+21  1.2103E+22
4.8313E-15  1.3000E-15  5.4964E-15  2.2000E-15  7.0000E-22  3.0000E-44  3.2000E-45  5.2000E+00  5.3000E+01  8.7908E+21  6.1929E+21  1.0632E+22
1.4549E-15  1.3000E-15  1.1505E-15  2.2000E-15  7.0000E-22  3.0000E-44  3.2000E-45  5.2000E+00  5.3000E+01  1.6656E+22  4.1108E+21  4.8490E+21
5.8377E-15  1.3000E-15  4.5961E-15  2.2000E-15  7.0000E-22  3.0000E-44  3.2000E-45  5.2000E+00  5.3000E+01  8.5229E+21  7.5159E+21  9.5755E+21
3.1756E-15  1.3000E-15  6.5180E-15  2.2000E-15  7.0000E-22  3.0000E-44  3.2000E-45  5.2000E+00  5.3000E+01  9.4078E+21  4.1459E+21  1.2062E+22
1.9852E-15  1.3000E-15  1.8084E-15  2.2000E-15  7.0000E-22  3.0000E-44  3.2000E-45  5.2000E+00  5.3000E+01  1.4620E+22  4.6872E+21  6.3091E+21
4.5283E-15  1.3000E-15  7.9551E-15  2.2000E-15  7.0000E-22  3.0000E-44  3.2000E-45  5.2000E+00  5.3000E+01  7.9356E+21  4.9764E+21  1.2704E+22
2.3098E-15  1.3000E-15  4.7173E-15  2.2000E-15  7.0000E-22  3.0000E-44  3.2000E-45  5.2000E+00  5.3000E+01  1.1333E+22  3.7309E+21  1.0552E+22
9.1383E-16  1.3000E-15  6.6392E-15  2.2000E-15  7.0000E-22  3.0000E-44  3.2000E-45  5.2000E+00  5.3000E+01  1.1146E+22  1.3434E+21  1.3127E+22
8.8136E-16  1.3000E-15  1.4968E-15  2.2000E-15  7.0000E-22  3.0000E-44  3.2000E-45  5.2000E+00  5.3000E+01  1.7592E+22  2.5448E+21  5.4789E+21
4.5824E-15  1.3000E-15  5.2540E-15  2.2000E-15  7.0000E-22  3.0000E-44  3.2000E-45  5.2000E+00  5.3000E+01  9.0695E+21  6.0732E+21  1.0471E+22
4.6257E-15  1.3000E-15  4.5788E-15  2.2000E-15  7.0000E-22  3.0000E-44  3.2000E-45  5.2000E+00  5.3000E+01  9.3675E+21  6.4479E+21  9.7991E+21
4.1170E-15  1.3000E-15  6.8643E-15  2.2000E-15  7.0000E-22  3.0000E-44  3.2000E-45  5.2000E+00  5.3000E+01  8.6208E+21  4.9739E+21  1.2021E+22
6.0000E-16  1.3000E-15  7.9032E-15  2.2000E-15  7.0000E-22  3.0000E-44  3.2000E-45  5.2000E+00  5.3000E+01  1.0441E+22  8.0361E+20  1.4371E+22
3.2297E-15  1.3000E-15  2.8992E-15  2.2000E-15  7.0000E-22  3.0000E-44  3.2000E-45  5.2000E+00  5.3000E+01  1.1722E+22  5.8521E+21  8.0424E+21
2.7860E-15  1.3000E-15  3.2975E-15  2.2000E-15  7.0000E-22  3.0000E-44  3.2000E-45  5.2000E+00  5.3000E+01  1.1943E+22  5.0261E+21  8.6475E+21
1.2926E-15  1.3000E-15  5.5137E-15  2.2000E-15  7.0000E-22  3.0000E-44  3.2000E-45  5.2000E+00  5.3000E+01  1.1730E+22  2.0677E+21  1.1818E+22
1.2818E-15  1.3000E-15  7.6608E-15  2.2000E-15  7.0000E-22  3.0000E-44  3.2000E-45  5.2000E+00  5.3000E+01  1.0092E+22  1.6918E+21  1.3833E+22
4.4850E-15  1.3000E-15  2.7261E-15  2.2000E-15  7.0000E-22  3.0000E-44  3.2000E-45  5.2000E+00  5.3000E+01  1.0478E+22  7.4214E+21  7.7170E+21
7.1904E-16  1.3000E-15  7.7820E-15  2.2000E-15  7.0000E-22  3.0000E-44  3.2000E-45  5.2000E+00  5.3000E+01  1.0436E+22  9.6696E+20  1.4213E+22
1.5956E-15  1.3000E-15  8.6996E-15  2.2000E-15  7.0000E-22  3.0000E-44  3.2000E-45  5.2000E+00  5.3000E+01  9.2447E+21  1.9151E+21  1.4459E+22
8.9218E-16  1.3000E-15  8.8901E-15  2.2000E-15  7.0000E-22  3.0000E-44  3.2000E-45  5.2000E+00  5.3000E+01  9.5814E+21  1.0906E+21  1.4944E+22
2.3423E-15  1.3000E-15  3.0897E-15  2.2000E-15  7.0000E-22  3.0000E-44  3.2000E-45  5.2000E+00  5.3000E+01  1.2697E+22  4.5000E+21  8.4195E+21
4.6689E-15  1.3000E-15  2.2413E-15  2.2000E-15  7.0000E-22  3.0000E-44  3.2000E-45  5.2000E+00  5.3000E+01  1.0568E+22  7.9612E+21  7.0875E+21
4.2685E-15  1.3000E-15  7.6434E-15  2.2000E-15  7.0000E-22  3.0000E-44  3.2000E-45  5.2000E+00  5.3000E+01  8.1965E+21  4.8490E+21  1.2570E+22
5.0152E-15  1.3000E-15  5.6869E-15  2.2000E-15  7.0000E-22  3.0000E-44  3.2000E-45  5.2000E+00  5.3000E+01  8.5900E+21  6.2713E+21  1.0755E+22
2.8076E-15  1.3000E-15  4.1978E-15  2.2000E-15  7.0000E-22  3.0000E-44  3.2000E-45  5.2000E+00  5.3000E+01  1.1213E+22  4.6039E+21  9.7989E+21
4.1711E-15  1.3000E-15  1.6872E-15  2.2000E-15  7.0000E-22  3.0000E-44  3.2000E-45  5.2000E+00  5.3000E+01  1.1440E+22  7.8742E+21  6.3025E+21
3.4353E-15  1.3000E-15  1.1331E-15  2.2000E-15  7.0000E-22  3.0000E-44  3.2000E-45  5.2000E+00  5.3000E+01  1.2810E+22  7.4754E+21  5.3305E+21
4.4092E-15  1.3000E-15  5.9293E-15  2.2000E-15  7.0000E-22  3.0000E-44  3.2000E-45  5.2000E+00  5.3000E+01  8.8682E+21  5.6105E+21  1.1137E+22
4.0846E-15  1.3000E-15  8.3533E-15  2.2000E-15  7.0000E-22  3.0000E-44  3.2000E-45  5.2000E+00  5.3000E+01  8.0035E+21  4.4680E+21  1.3144E+22
4.3876E-15  1.3000E-15  7.5396E-15  2.2000E-15  7.0000E-22  3.0000E-44  3.2000E-45  5.2000E+00  5.3000E+01  8.1751E+21  4.9893E+21  1.2451E+22
4.4525E-15  1.3000E-15  9.2883E-15  2.2000E-15  7.0000E-22  3.0000E-44  3.2000E-45  5.2000E+00  5.3000E+01  7.4788E+21  4.5202E+21  1.3617E+22
2.8725E-15  1.3000E-15  5.6696E-15  2.2000E-15  7.0000E-22  3.0000E-44  3.2000E-45  5.2000E+00  5.3000E+01  1.0139E+22  4.0931E+21  1.1383E+22
3.6733E-15  1.3000E-15  5.4445E-15  2.2000E-15  7.0000E-22  3.0000E-44  3.2000E-45  5.2000E+00  5.3000E+01  9.6348E+21  5.0740E+21  1.0905E+22
4.3551E-15  1.3000E-15  2.1893E-15  2.2000E-15  7.0000E-22  3.0000E-44  3.2000E-45  5.2000E+00  5.3000E+01  1.0924E+22  7.6753E+21  7.0174E+21
4.1603E-15  1.3000E-15  3.9381E-15  2.2000E-15  7.0000E-22  3.0000E-44  3.2000E-45  5.2000E+00  5.3000E+01  1.0087E+22  6.3226E+21  9.2064E+21
5.1126E-15  1.3000E-15  4.7519E-15  2.2000E-15  7.0000E-22  3.0000E-44  3.2000E-45  5.2000E+00  5.3000E+01  8.9357E+21  6.8116E+21  9.8669E+21
4.3443E-15  1.3000E-15  7.0028E-15  2.2000E-15  7.0000E-22  3.0000E-44  3.2000E-45  5.2000E+00  5.3000E+01  8.4254E+21  5.1355E+21  1.2055E+22
4.4309E-15  1.3000E-15  9.0286E-15  2.2000E-15  7.0000E-22  3.0000E-44  3.2000E-45  5.2000E+00  5.3000E+01  7.5808E+21  4.5735E+21  1.3462E+22
1.8770E-15  1.3000E-15  6.2929E-15  2.2000E-15  7.0000E-22  3.0000E-44  3.2000E-45  5.2000E+00  5.3000E+01  1.0559E+22  2.6913E+21  1.2367E+22
5.9026E-15  1.3000E-15  5.1501E-15  2.2000E-15  7.0000E-22  3.0000E-44  3.2000E-45  5.2000E+00  5.3000E+01  8.2682E+21  7.2779E+21  1.0070E+22
4.4200E-15  1.3000E-15  3.8515E-15  2.2000E-15  7.0000E-22  3.0000E-44  3.2000E-45  5.2000E+00  5.3000E+01  9.9104E+21  6.6415E+21  9.0637E+21
1.8012E-15  1.3000E-15  3.4360E-15  2.2000E-15  7.0000E-22  3.0000E-44  3.2000E-45  5.2000E+00  5.3000E+01  1.3110E+22  3.4856E+21  9.0214E+21
7.5150E-16  1.3000E-15  6.7085E-15  2.2000E-15  7.0000E-22  3.0000E-44  3.2000E-45  5.2000E+00  5.3000E+01  1.1238E+22  1.1079E+21  1.3270E+22
5.4914E-15  1.3000E-15  6.7604E-15  2.2000E-15  7.0000E-22  3.0000E-44  3.2000E-45  5.2000E+00  5.3000E+01  7.8925E+21  6.2145E+21  1.1509E+22
2.4830E-15  1.3000E-15  8.8382E-15  2.2000E-15  7.0000E-22  3.0000E-44  3.2000E-45  5.2000E+00  5.3000E+01  8.6459E+21  2.8326E+21  1.4137E+22
5.0369E-15  1.3000E-15  4.4749E-15  2.2000E-15  7.0000E-22  3.0000E-44  3.2000E-45  5.2000E+00  5.3000E+01  9.1152E+21  6.8895E+21  9.6098E+21
4.2036E-15  1.3000E-15  7.1933E-15  2.2000E-15  7.0000E-22  3.0000E-44  3.2000E-45  5.2000E+00  5.3000E+01  8.4237E+21  4.9400E+21  1.2252E+22
4.8637E-15  1.3000E-15  7.7473E-15  2.2000E-15  7.0000E-22  3.0000E-44  3.2000E-45  5.2000E+00  5.3000E+01  7.8460E+21  5.3297E+21  1.2440E+22
9.3547E-16  1.3000E-15  4.8038E-15  2.2000E-15  7.0000E-22  3.0000E-44  3.2000E-45  5.2000E+00  5.3000E+01  1.2827E+22  1.6536E+21  1.1135E+22
1.2493E-15  1.3000E-15  7.0374E-15  2.2000E-15  7.0000E-22  3.0000E-44  3.2000E-45  5.2000E+00  5.3000E+01  1.0550E+22  1.7399E+21  1.3326E+22
1.3142E-15  1.3000E-15  4.3017E-15  2.2000E-15  7.0000E-22  3.0000E-44  3.2000E-45  5.2000E+00  5.3000E+01  1.2870E+22  2.3905E+21  1.0357E+22
1.6389E-15  1.3000E-15  7.7300E-15  2.2000E-15  7.0000E-22  3.0000E-44  3.2000E-45  5.2000E+00  5.3000E+01  9.7878E+21  2.1125E+21  1.3718E+22
5.2317E-15  1.3000E-15  8.4226E-15  2.2000E-15  7.0000E-22  3.0000E-44  3.2000E-45  5.2000E+00  5.3000E+01  7.4310E+21  5.4034E+21  1.2781E+22
5.4265E-15  1.3000E-15  8.6823E-15  2.2000E-15  7.0000E-22  3.0000E-44  3.2000E-45  5.2000E+00  5.3000E+01  7.2600E+21  5.4707E+21  1.2885E+22
2.9158E-15  1.3000E-15  3.2455E-15  2.2000E-15  7.0000E-22  3.0000E-44  3.2000E-45  5.2000E+00  5.3000E+01  1.1828E+22  5.2314E+21  8.5568E+21
2.1259E-15  1.3000E-15  3.2628E-15  2.2000E-15  7.0000E-22  3.0000E-44  3.2000E-45  5.2000E+00  5.3000E+01  1.2829E+22  4.0805E+21  8.7069E+21
3.6842E-15  1.3000E-15  5.2194E-15  2.2000E-15  7.0000E-22  3.0000E-44  3.2000E-45  5.2000E+00  5.3000E+01  9.7527E+21  5.1811E+21  1.0680E+22
2.6561E-15  1.3000E-15  6.5699E-15  2.2000E-15  7.0000E-22  3.0000E-44  3.2000E-45  5.2000E+00  5.3000E+01  9.7541E+21  3.5561E+21  1.2304E+22
2.3206E-15  1.3000E-15  9.1498E-15  2.2000E-15  7.0000E-22  3.0000E-44  3.2000E-45  5.2000E+00  5.3000E+01  8.5863E+21  2.6108E+21  1.4419E+22
2.5804E-15  1.3000E-15  3.1936E-15  2.2000E-15  7.0000E-22  3.0000E-44  3.2000E-45  5.2000E+00  5.3000E+01  1.2287E+22  4.7945E+21  8.5345E+21
3.5218E-15  1.3000E-15  1.3063E-15  2.2000E-15  7.0000E-22  3.0000E-44  3.2000E-45  5.2000E+00  5.3000E+01  1.2551E+22  7.4299E+21  5.6353E+21
4.7555E-15  1.3000E-15  6.4141E-15  2.2000E-15  7.0000E-22  3.0000E-44  3.2000E-45  5.2000E+00  5.3000E+01  8.4374E+21  5.7298E+21  1.1449E+22
3.0565E-15  1.3000E-15  3.1243E-15  2.2000E-15  7.0000E-22  3.0000E-44  3.2000E-45  5.2000E+00  5.3000E+01  1.1756E+22  5.4887E+21  8.3720E+21
1.3034E-15  1.3000E-15  7.5915E-15  2.2000E-15  7.0000E-22  3.0000E-44  3.2000E-45  5.2000E+00  5.3000E+01  1.0122E+22  1.7281E+21  1.3766E+22
8.0561E-16  1.3000E-15  9.0459E-15  2.2000E-15  7.0000E-22  3.0000E-44  3.2000E-45  5.2000E+00  5.3000E+01  9.5431E+21  9.7724E+20  1.5096E+22
1.1735E-15  1.3000E-15  7.4357E-15  2.2000E-15  7.0000E-22  3.0000E-44  3.2000E-45  5.2000E+00  5.3000E+01  1.0328E+22  1.5866E+21  1.3702E+22
3.5327E-15  1.3000E-15  3.2109E-15  2.2000E-15  7.0000E-22  3.0000E-44  3.2000E-45  5.2000E+00  5.3000E+01  1.1152E+22  6.0376E+21  8.4261E+21
3.4244E-15  1.3000E-15  1.8430E-15  2.2000E-15  7.0000E-22  3.0000E-44  3.2000E-45  5.2000E+00  5.3000E+01  1.2280E+22  6.8530E+21  6.4833E+21
1.7796E-15  1.3000E-15  2.1720E-15  2.2000E-15  7.0000E-22  3.0000E-44  3.2000E-45  5.2000E+00  5.3000E+01  1.4569E+22  4.0814E+21  6.9661E+21
2.5479E-15  1.3000E-15  6.8297E-15  2.2000E-15  7.0000E-22  3.0000E-44  3.2000E-45  5.2000E+00  5.3000E+01  9.6792E+21  3.3610E+21  1.2574E+22
2.7643E-15  1.3000E-15  3.9035E-15  2.2000E-15  7.0000E-22  3.0000E-44  3.2000E-45  5.2000E+00  5.3000E+01  1.1484E+22  4.6853E+21  9.4469E+21
3.5110E-15  1.3000E-15  4.0074E-15  2.2000E-15  7.0000E-22  3.0000E-44  3.2000E-45  5.2000E+00  5.3000E+01  1.0641E+22  5.5628E+21  9.4123E+21
3.3920E-15  1.3000E-15  8.1456E-15  2.2000E-15  7.0000E-22  3.0000E-44  3.2000E-45  5.2000E+00  5.3000E+01  8.4605E+21  3.8878E+21  1.3268E+22
3.2188E-15  1.3000E-15  7.0547E-15  2.2000E-15  7.0000E-22  3.0000E-44  3.2000E-45  5.2000E+00  5.3000E+01  9.0926E+21  4.0236E+21  1.2500E+22
8.1643E-16  1.3000E-15  5.6349E-15  2.2000E-15  7.0000E-22  3.0000E-44  3.2000E-45  5.2000E+00  5.3000E+01  1.2129E+22  1.3307E+21  1.2156E+22
1.2709E-15  1.3000E-15  3.4706E-15  2.2000E-15  7.0000E-22  3.0000E-44  3.2000E-45  5.2000E+00  5.3000E+01  1.3860E+22  2.5679E+21  9.1892E+21
4.0088E-15  1.3000E-15  3.8342E-15  2.2000E-15  7.0000E-22  3.0000E-44  3.2000E-45  5.2000E+00  5.3000E+01  1.0282E+22  6.2183E+21  9.1150E+21
4.9936E-15  1.3000E-15  7.6954E-15  2.2000E-15  7.0000E-22  3.0000E-44  3.2000E-45  5.2000E+00  5.3000E+01  7.8006E+21  5.4556E+21  1.2360E+22
4.7014E-15  1.3000E-15  7.7993E-15  2.2000E-15  7.0000E-22  3.0000E-44  3.2000E-45  5.2000E+00  5.3000E+01  7.9080E+21  5.1753E+21  1.2533E+22
5.0044E-15  1.3000E-15  2.8300E-15  2.2000E-15  7.0000E-22  3.0000E-44  3.2000E-45  5.2000E+00  5.3000E+01  9.9399E+21  7.8636E+21  7.8127E+21
4.9503E-15  1.3000E-15  6.3795E-15  2.2000E-15  7.0000E-22  3.0000E-44  3.2000E-45  5.2000E+00  5.3000E+01  8.3379E+21  5.9156E+21  1.1362E+22
5.0261E-15  1.3000E-15  8.3014E-15  2.2000E-15  7.0000E-22  3.0000E-44  3.2000E-45  5.2000E+00  5.3000E+01  7.5665E+21  5.2791E+21  1.2770E+22
5.1451E-15  1.3000E-15  2.7434E-15  2.2000E-15  7.0000E-22  3.0000E-44  3.2000E-45  5.2000E+00  5.3000E+01  9.8597E+21  8.0554E+21  7.7010E+21
6.5411E-16  1.3000E-15  2.9166E-15  2.2000E-15  7.0000E-22  3.0000E-44  3.2000E-45  5.2000E+00  5.3000E+01  1.5703E+22  1.5177E+21  8.3961E+21
5.7944E-15  1.3000E-15  4.9770E-15  2.2000E-15  7.0000E-22  3.0000E-44  3.2000E-45  5.2000E+00  5.3000E+01  8.3993E+21  7.2785E+21  9.9358E+21
3.8790E-15  1.3000E-15  6.3102E-15  2.2000E-15  7.0000E-22  3.0000E-44  3.2000E-45  5.2000E+00  5.3000E+01  9.0344E+21  4.9450E+21  1.1637E+22
2.1475E-15  1.3000E-15  1.9123E-15  2.2000E-15  7.0000E-22  3.0000E-44  3.2000E-45  5.2000E+00  5.3000E+01  1.4203E+22  4.8999E+21  6.5132E+21
3.8140E-15  1.3000E-15  7.1586E-15  2.2000E-15  7.0000E-22  3.0000E-44  3.2000E-45  5.2000E+00  5.3000E+01  8.6683E+21  4.5851E+21  1.2362E+22
4.6473E-15  1.3000E-15  1.6006E-15  2.2000E-15  7.0000E-22  3.0000E-44  3.2000E-45  5.2000E+00  5.3000E+01  1.0948E+22  8.4507E+21  6.2178E+21
2.4397E-15  1.3000E-15  3.2802E-15  2.2000E-15  7.0000E-22  3.0000E-44  3.2000E-45  5.2000E+00  5.3000E+01  1.2393E+22  4.5447E+21  8.6791E+21
5.6970E-15  1.3000E-15  6.2410E-15  2.2000E-15  7.0000E-22  3.0000E-44  3.2000E-45  5.2000E+00  5.3000E+01  7.9749E+21  6.5988E+21  1.1042E+22
1.4008E-15  1.3000E-15  6.1544E-15  2.2000E-15  7.0000E-22  3.0000E-44  3.2000E-45  5.2000E+00  5.3000E+01  1.1087E+22  2.0925E+21  1.2436E+22
4.4417E-15  1.3000E-15  3.6957E-15  2.2000E-15  7.0000E-22  3.0000E-44  3.2000E-45  5.2000E+00  5.3000E+01  9.9766E+21  6.7545E+21  8.8845E+21
3.4028E-15  1.3000E-15  2.0162E-15  2.2000E-15  7.0000E-22  3.0000E-44  3.2000E-45  5.2000E+00  5.3000E+01  1.2177E+22  6.6901E+21  6.7495E+21
2.3531E-15  1.3000E-15  3.5918E-15  2.2000E-15  7.0000E-22  3.0000E-44  3.2000E-45  5.2000E+00  5.3000E+01  1.2225E+22  4.2636E+21  9.1275E+21
4.9719E-15  1.3000E-15  2.8127E-15  2.2000E-15  7.0000E-22  3.0000E-44  3.2000E-45  5.2000E+00  5.3000E+01  9.9774E+21  7.8447E+21  7.7940E+21
2.0609E-15  1.3000E-15  7.4010E-15  2.2000E-15  7.0000E-22  3.0000E-44  3.2000E-45  5.2000E+00  5.3000E+01  9.6885E+21  2.6672E+21  1.3260E+22
4.1279E-15  1.3000E-15  6.1717E-15  2.2000E-15  7.0000E-22  3.0000E-44  3.2000E-45  5.2000E+00  5.3000E+01  8.9375E+21  5.2426E+21  1.1436E+22
6.6493E-16  1.3000E-15  1.4621E-15  2.2000E-15  7.0000E-22  3.0000E-44  3.2000E-45  5.2000E+00  5.3000E+01  1.8278E+22  1.9991E+21  5.3393E+21
3.7275E-15  1.3000E-15  7.1413E-15  2.2000E-15  7.0000E-22  3.0000E-44  3.2000E-45  5.2000E+00  5.3000E+01  8.7288E+21  4.5070E+21  1.2380E+22
4.0737E-15  1.3000E-15  7.2798E-15  2.2000E-15  7.0000E-22  3.0000E-44  3.2000E-45  5.2000E+00  5.3000E+01  8.4606E+21  4.7907E+21  1.2365E+22
1.0978E-15  1.3000E-15  6.3622E-15  2.2000E-15  7.0000E-22  3.0000E-44  3.2000E-45  5.2000E+00  5.3000E+01  1.1202E+22  1.6379E+21  1.2776E+22
4.2794E-15  1.3000E-15  7.0721E-15  2.2000E-15  7.0000E-22  3.0000E-44  3.2000E-45  5.2000E+00  5.3000E+01  8.4328E+21  5.0516E+21  1.2131E+22
4.0305E-15  1.3000E-15  1.6699E-15  2.2000E-15  7.0000E-22  3.0000E-44  3.2000E-45  5.2000E+00  5.3000E+01  1.1620E+22  7.7304E+21  6.2655E+21
1.8553E-15  1.3000E-15  4.8558E-15  2.2000E-15  7.0000E-22  3.0000E-44  3.2000E-45  5.2000E+00  5.3000E+01  1.1702E+22  3.0525E+21  1.0862E+22
4.6040E-15  1.3000E-15  3.0724E-15  2.2000E-15  7.0000E-22  3.0000E-44  3.2000E-45  5.2000E+00  5.3000E+01  1.0172E+22  7.3086E+21  8.1350E+21
6.0000E-15  1.3000E-15  4.3364E-15  2.2000E-15  7.0000E-22  3.0000E-44  3.2000E-45  5.2000E+00  5.3000E+01  8.5221E+21  7.7913E+21  9.3012E+21
5.3399E-15  1.3000E-15  5.6003E-15  2.2000E-15  7.0000E-22  3.0000E-44  3.2000E-45  5.2000E+00  5.3000E+01  8.4270E+21  6.5932E+21  1.0596E+22
5.5347E-15  1.3000E-15  5.0116E-15  2.2000E-15  7.0000E-22  3.0000E-44  3.2000E-45  5.2000E+00  5.3000E+01  8.5465E+21  7.0453E+21  1.0022E+22
5.0693E-15  1.3000E-15  7.8685E-15  2.2000E-15  7.0000E-22  3.0000E-44  3.2000E-45  5.2000E+00  5.3000E+01  7.7003E+21  5.4581E+21  1.2458E+22
7.0822E-16  1.3000E-15  1.8257E-15  2.2000E-15  7.0000E-22  3.0000E-44  3.2000E-45  5.2000E+00  5.3000E+01  1.7448E+22  1.9679E+21  6.2001E+21
1.0220E-15  1.3000E-15  1.4102E-15  2.2000E-15  7.0000E-22  3.0000E-44  3.2000E-45  5.2000E+00  5.3000E+01  1.7365E+22  2.9379E+21  5.3134E+21
1.7904E-15  1.3000E-15  5.3752E-15  2.2000E-15  7.0000E-22  3.0000E-44  3.2000E-45  5.2000E+00  5.3000E+01  1.1337E+22  2.8097E+21  1.1471E+22
5.4806E-15  1.3000E-15  4.4402E-15  2.2000E-15  7.0000E-22  3.0000E-44  3.2000E-45  5.2000E+00  5.3000E+01  8.8211E+21  7.3020E+21  9.4915E+21
3.1431E-15  1.3000E-15  2.1028E-15  2.2000E-15  7.0000E-22  3.0000E-44  3.2000E-45  5.2000E+00  5.3000E+01  1.2460E+22  6.2808E+21  6.8755E+21
3.7707E-15  1.3000E-15  3.1590E-15  2.2000E-15  7.0000E-22  3.0000E-44  3.2000E-45  5.2000E+00  5.3000E+01  1.0935E+22  6.3512E+21  8.3300E+21
1.8661E-15  1.3000E-15  5.8427E-15  2.2000E-15  7.0000E-22  3.0000E-44  3.2000E-45  5.2000E+00  5.3000E+01  1.0898E+22  2.7882E+21  1.1930E+22
2.0176E-15  1.3000E-15  8.4745E-15  2.2000E-15  7.0000E-22  3.0000E-44  3.2000E-45  5.2000E+00  5.3000E+01  9.1051E+21  2.4131E+21  1.4097E+22
3.5868E-15  1.3000E-15  1.9989E-15  2.2000E-15  7.0000E-22  3.0000E-44  3.2000E-45  5.2000E+00  5.3000E+01  1.1950E+22  6.9366E+21  6.7300E+21
5.1667E-15  1.3000E-15  2.7780E-15  2.2000E-15  7.0000E-22  3.0000E-44  3.2000E-45  5.2000E+00  5.3000E+01  9.8240E+21  8.0512E+21  7.7409E+21
4.7339E-15  1.3000E-15  5.4272E-15  2.2000E-15  7.0000E-22  3.0000E-44  3.2000E-45  5.2000E+00  5.3000E+01  8.8864E+21  6.1353E+21  1.0594E+22
1.0762E-15  1.3000E-15  5.5830E-15  2.2000E-15  7.0000E-22  3.0000E-44  3.2000E-45  5.2000E+00  5.3000E+01  1.1897E+22  1.7339E+21  1.1985E+22
4.9287E-15  1.3000E-15  8.0071E-15  2.2000E-15  7.0000E-22  3.0000E-44  3.2000E-45  5.2000E+00  5.3000E+01  7.7179E+21  5.2962E+21  1.2602E+22
1.8445E-15  1.3000E-15  1.7738E-15  2.2000E-15  7.0000E-22  3.0000E-44  3.2000E-45  5.2000E+00  5.3000E+01  1.4934E+22  4.4536E+21  6.2290E+21
5.4373E-15  1.3000E-15  9.0979E-15  2.2000E-15  7.0000E-22  3.0000E-44  3.2000E-45  5.2000E+00  5.3000E+01  7.1234E+21  5.3488E+21  1.3144E+22
3.1864E-15  1.3000E-15  2.6049E-15  2.2000E-15  7.0000E-22  3.0000E-44  3.2000E-45  5.2000E+00  5.3000E+01  1.2002E+22  5.9862E+21  7.6285E+21
1.0004E-15  1.3000E-15  4.3710E-15  2.2000E-15  7.0000E-22  3.0000E-44  3.2000E-45  5.2000E+00  5.3000E+01  1.3214E+22  1.8498E+21  1.0555E+22
7.6232E-16  1.3000E-15  1.3236E-15  2.2000E-15  7.0000E-22  3.0000E-44  3.2000E-45  5.2000E+00  5.3000E+01  1.8265E+22  2.3228E+21  5.0279E+21
5.2100E-15  1.3000E-15  4.8385E-15  2.2000E-15  7.0000E-22  3.0000E-44  3.2000E-45  5.2000E+00  5.3000E+01  8.8311E+21  6.8536E+21  9.9293E+21
4.2469E-15  1.3000E-15  4.7000E-15  2.2000E-15  7.0000E-22  3.0000E-44  3.2000E-45  5.2000E+00  5.3000E+01  9.5957E+21  6.0109E+21  1.0008E+22
2.5695E-15  1.3000E-15  7.0894E-15  2.2000E-15  7.0000E-22  3.0000E-44  3.2000E-45  5.2000E+00  5.3000E+01  9.5122E+21  3.3168E+21  1.2785E+22
2.3747E-15  1.3000E-15  7.9378E-15  2.2000E-15  7.0000E-22  3.0000E-44  3.2000E-45  5.2000E+00  5.3000E+01  9.1698E+21  2.9031E+21  1.3541E+22
4.6365E-15  1.3000E-15  6.9509E-15  2.2000E-15  7.0000E-22  3.0000E-44  3.2000E-45  5.2000E+00  5.3000E+01  8.2808E+21  5.4170E+21  1.1918E+22
4.3768E-15  1.3000E-15  1.2370E-15  2.2000E-15  7.0000E-22  3.0000E-44  3.2000E-45  5.2000E+00  5.3000E+01  1.1470E+22  8.4870E+21  5.6595E+21
3.3812E-15  1.3000E-15  1.0466E-15  2.2000E-15  7.0000E-22  3.0000E-44  3.2000E-45  5.2000E+00  5.3000E+01  1.2960E+22  7.4850E+21  5.1711E+21
2.0826E-15  1.3000E-15  2.8819E-15  2.2000E-15  7.0000E-22  3.0000E-44  3.2000E-45  5.2000E+00  5.3000E+01  1.3272E+22  4.2049E+21  8.1392E+21
5.9459E-15  1.3000E-15  5.7215E-15  2.2000E-15  7.0000E-22  3.0000E-44  3.2000E-45  5.2000E+00  5.3000E+01  8.0301E+21  7.0329E+21  1.0553E+22
1.0545E-15  1.3000E-15  2.0508E-15  2.2000E-15  7.0000E-22  3.0000E-44  3.2000E-45  5.2000E+00  5.3000E+01  1.6217E+22  2.6881E+21  6.7114E+21
1.5523E-15  1.3000E-15  8.8555E-15  2.2000E-15  7.0000E-22  3.0000E-44  3.2000E-45  5.2000E+00  5.3000E+01  9.1839E+21  1.8458E+21  1.4586E+22
2.7319E-15  1.3000E-15  6.6565E-15  2.2000E-15  7.0000E-22  3.0000E-44  3.2000E-45  5.2000E+00  5.3000E+01  9.6468E+21  3.6167E+21  1.2350E+22
9.2465E-16  1.3000E-15  4.5095E-15  2.2000E-15  7.0000E-22  3.0000E-44  3.2000E-45  5.2000E+00  5.3000E+01  1.3162E+22  1.6920E+21  1.0765E+22
3.6517E-15  1.3000E-15  4.1286E-15  2.2000E-15  7.0000E-22  3.0000E-44  3.2000E-45  5.2000E+00  5.3000E+01  1.0431E+22  5.6618E+21  9.5231E+21
4.5174E-15  1.3000E-15  7.8166E-15  2.2000E-15  7.0000E-22  3.0000E-44  3.2000E-45  5.2000E+00  5.3000E+01  7.9953E+21  5.0118E+21  1.2609E+22
2.2557E-15  1.3000E-15  8.6477E-15  2.2000E-15  7.0000E-22  3.0000E-44  3.2000E-45  5.2000E+00  5.3000E+01  8.8702E+21  2.6350E+21  1.4108E+22
2.4613E-15  1.3000E-15  2.9512E-15  2.2000E-15  7.0000E-22  3.0000E-44  3.2000E-45  5.2000E+00  5.3000E+01  1.2662E+22  4.7543E+21  8.1996E+21
2.7752E-15  1.3000E-15  4.9943E-15  2.2000E-15  7.0000E-22  3.0000E-44  3.2000E-45  5.2000E+00  5.3000E+01  1.0671E+22  4.2264E+21  1.0717E+22
4.5499E-15  1.3000E-15  2.7954E-15  2.2000E-15  7.0000E-22  3.0000E-44  3.2000E-45  5.2000E+00  5.3000E+01  1.0376E+22  7.4402E+21  7.7999E+21
2.4721E-15  1.3000E-15  4.4576E-15  2.2000E-15  7.0000E-22  3.0000E-44  3.2000E-45  5.2000E+00  5.3000E+01  1.1367E+22  4.0499E+21  1.0199E+22
6.9739E-16  1.3000E-15  8.0590E-15  2.2000E-15  7.0000E-22  3.0000E-44  3.2000E-45  5.2000E+00  5.3000E+01  1.0257E+22  9.1778E+20  1.4441E+22
2.4505E-15  1.3000E-15  9.2364E-15  2.2000E-15  7.0000E-22  3.0000E-44  3.2000E-45  5.2000E+00  5.3000E+01  8.4749E+21  2.7251E+21  1.4416E+22
3.8032E-15  1.3000E-15  4.6826E-15  2.2000E-15  7.0000E-22  3.0000E-44  3.2000E-45  5.2000E+00  5.3000E+01  9.9638E+21  5.5538E+21  1.0097E+22
3.9764E-15  1.3000E-15  4.4229E-15  2.2000E-15  7.0000E-22  3.0000E-44  3.2000E-45  5.2000E+00  5.3000E+01  9.9679E+21  5.8684E+21  9.7788E+21
3.8898E-15  1.3000E-15  1.7911E-15  2.2000E-15  7.0000E-22  3.0000E-44  3.2000E-45  5.2000E+00  5.3000E+01  1.1713E+22  7.4678E+21  6.4351E+21
2.8293E-15  1.3000E-15  6.5353E-15  2.2000E-15  7.0000E-22  3.0000E-44  3.2000E-45  5.2000E+00  5.3000E+01  9.6462E+21  3.7615E+21  1.2206E+22
2.9050E-15  1.3000E-15  1.5141E-15  2.2000E-15  7.0000E-22  3.0000E-44  3.2000E-45  5.2000E+00  5.3000E+01  1.3318E+22  6.4069E+21  5.8912E+21
2.0393E-15  1.3000E-15  6.8123E-15  2.2000E-15  7.0000E-22  3.0000E-44  3.2000E-45  5.2000E+00  5.3000E+01  1.0073E+22  2.7711E+21  1.2772E+22
1.1194E-15  1.3000E-15  4.4922E-15  2.2000E-15  7.0000E-22  3.0000E-44  3.2000E-45  5.2000E+00  5.3000E+01  1.2924E+22  2.0222E+21  1.0672E+22
2.1908E-15  1.3000E-15  9.2537E-15  2.2000E-15  7.0000E-22  3.0000E-44  3.2000E-45  5.2000E+00  5.3000E+01  8.6077E+21  2.4616E+21  1.4547E+22
1.5307E-15  1.3000E-15  6.4487E-15  2.2000E-15  7.0000E-22  3.0000E-44  3.2000E-45  5.2000E+00  5.3000E+01  1.0745E+22  2.2092E+21  1.2664E+22
1.1519E-15  1.3000E-15  7.0201E-15  2.2000E-15  7.0000E-22  3.0000E-44  3.2000E-45  5.2000E+00  5.3000E+01  1.0643E+22  1.6152E+21  1.3357E+22
3.9006E-15  1.3000E-15  2.6915E-15  2.2000E-15  7.0000E-22  3.0000E-44  3.2000E-45  5.2000E+00  5.3000E+01  1.1102E+22  6.8075E+21  7.7069E+21
2.8509E-15  1.3000E-15  3.7650E-15  2.2000E-15  7.0000E-22  3.0000E-44  3.2000E-45  5.2000E+00  5.3000E+01  1.1495E+22  4.8680E+21  9.2529E+21
4.5607E-15  1.3000E-15  4.1632E-15  2.2000E-15  7.0000E-22  3.0000E-44  3.2000E-45  5.2000E+00  5.3000E+01  9.6289E+21  6.6069E+21  9.3793E+21
1.8120E-15  1.3000E-15  3.8689E-15  2.2000E-15  7.0000E-22  3.0000E-44  3.2000E-45  5.2000E+00  5.3000E+01  1.2658E+22  3.3285E+21  9.6303E+21
3.7491E-15  1.3000E-15  2.6395E-15  2.2000E-15  7.0000E-22  3.0000E-44  3.2000E-45  5.2000E+00  5.3000E+01  1.1304E+22  6.6664E+21  7.6454E+21
2.6345E-15  1.3000E-15  6.4834E-15  2.2000E-15  7.0000E-22  3.0000E-44  3.2000E-45  5.2000E+00  5.3000E+01  9.8225E+21  3.5565E+21  1.2235E+22
3.3271E-15  1.3000E-15  8.8208E-15  2.2000E-15  7.0000E-22  3.0000E-44  3.2000E-45  5.2000E+00  5.3000E+01  8.1982E+21  3.6562E+21  1.3762E+22
4.3010E-15  1.3000E-15  9.5307E-15  2.2000E-15  7.0000E-22  3.0000E-44  3.2000E-45  5.2000E+00  5.3000E+01  7.4600E+21  4.3320E+21  1.3824E+22
5.3182E-15  1.3000E-15  8.1629E-15  2.2000E-15  7.0000E-22  3.0000E-44  3.2000E-45  5.2000E+00  5.3000E+01  7.4801E+21  5.5574E+21  1.2578E+22
5.6645E-15  1.3000E-15  8.3360E-15  2.2000E-15  7.0000E-22  3.0000E-44  3.2000E-45  5.2000E+00  5.3000E+01  7.2690E+21  5.7657E+21  1.2581E+22
1.2060E-15  1.3000E-15  3.3321E-15  2.2000E-15  7.0000E-22  3.0000E-44  3.2000E-45  5.2000E+00  5.3000E+01  1.4131E+22  2.4964E+21  8.9891E+21
7.4068E-16  1.3000E-15  4.9424E-15  2.2000E-15  7.0000E-22  3.0000E-44  3.2000E-45  5.2000E+00  5.3000E+01  1.2924E+22  1.3073E+21  1.1385E+22
5.8810E-15  1.3000E-15  5.8081E-15  2.2000E-15  7.0000E-22  3.0000E-44  3.2000E-45  5.2000E+00  5.3000E+01  8.0341E+21  6.9410E+21  1.0641E+22
8.5972E-16  1.3000E-15  2.1547E-15  2.2000E-15  7.0000E-22  3.0000E-44  3.2000E-45  5.2000E+00  5.3000E+01  1.6494E+22  2.2063E+21  6.9163E+21
3.4677E-15  1.3000E-15  1.0812E-15  2.2000E-15  7.0000E-22  3.0000E-44  3.2000E-45  5.2000E+00  5.3000E+01  1.2801E+22  7.5657E+21  5.2492E+21
4.1062E-15  1.3000E-15  3.4879E-15  2.2000E-15  7.0000E-22  3.0000E-44  3.2000E-45  5.2000E+00  5.3000E+01  1.0398E+22  6.5257E+21  8.6925E+21
4.8204E-15  1.3000E-15  1.5314E-15  2.2000E-15  7.0000E-22  3.0000E-44  3.2000E-45  5.2000E+00  5.3000E+01  1.0799E+22  8.6809E+21  6.1366E+21
4.1387E-15  1.3000E-15  6.7950E-15  2.2000E-15  7.0000E-22  3.0000E-44  3.2000E-45  5.2000E+00  5.3000E+01  8.6392E+21  5.0191E+21  1.1958E+22
5.4048E-15  1.3000E-15  5.3925E-15  2.2000E-15  7.0000E-22  3.0000E-44  3.2000E-45  5.2000E+00  5.3000E+01  8.4724E+21  6.7469E+21  1.0397E+22
3.2946E-15  1.3000E-15  4.1113E-15  2.2000E-15  7.0000E-22  3.0000E-44  3.2000E-45  5.2000E+00  5.3000E+01  1.0782E+22  5.2530E+21  9.5810E+21
1.6281E-15  1.3000E-15  8.7343E-15  2.2000E-15  7.0000E-22  3.0000E-44  3.2000E-45  5.2000E+00  5.3000E+01  9.2050E+21  1.9462E+21  1.4467E+22
2.2882E-15  1.3000E-15  8.1109E-15  2.2000E-15  7.0000E-22  3.0000E-44  3.2000E-45  5.2000E+00  5.3000E+01  9.1315E+21  2.7738E+21  1.3709E+22
1.6930E-15  1.3000E-15  8.5438E-15  2.2000E-15  7.0000E-22  3.0000E-44  3.2000E-45  5.2000E+00  5.3000E+01  9.2705E+21  2.0459E+21  1.4301E+22
2.6453E-15  1.3000E-15  2.2067E-15  2.2000E-15  7.0000E-22  3.0000E-44  3.2000E-45  5.2000E+00  5.3000E+01  1.3088E+22  5.4946E+21  7.0336E+21
5.2749E-15  1.3000E-15  5.3233E-15  2.2000E-15  7.0000E-22  3.0000E-44  3.2000E-45  5.2000E+00  5.3000E+01  8.5817E+21  6.6689E+21  1.0365E+22
5.8485E-15  1.3000E-15  6.3968E-15  2.2000E-15  7.0000E-22  3.0000E-44  3.2000E-45  5.2000E+00  5.3000E+01  7.8383E+21  6.6512E+21  1.1126E+22
5.2533E-15  1.3000E-15  9.0632E-15  2.2000E-15  7.0000E-22  3.0000E-44  3.2000E-45  5.2000E+00  5.3000E+01  7.2105E+21  5.2196E+21  1.3186E+22
5.0585E-15  1.3000E-15  2.3105E-15  2.2000E-15  7.0000E-22  3.0000E-44  3.2000E-45  5.2000E+00  5.3000E+01  1.0154E+22  8.2880E+21  7.1744E+21
4.5066E-15  1.3000E-15  3.7823E-15  2.2000E-15  7.0000E-22  3.0000E-44  3.2000E-45  5.2000E+00  5.3000E+01  9.8741E+21  6.7694E+21  8.9720E+21
6.4329E-16  1.3000E-15  1.1851E-15  2.2000E-15  7.0000E-22  3.0000E-44  3.2000E-45  5.2000E+00  5.3000E+01  1.8924E+22  2.0610E+21  4.6310E+21
3.9439E-15  1.3000E-15  2.3452E-15  2.2000E-15  7.0000E-22  3.0000E-44  3.2000E-45  5.2000E+00  5.3000E+01  1.1280E+22  7.1029E+21  7.2333E+21
5.3832E-15  1.3000E-15  8.2495E-15  2.2000E-15  7.0000E-22  3.0000E-44  3.2000E-45  5.2000E+00  5.3000E+01  7.4214E+21  5.5791E+21  1.2615E+22
2.2449E-15  1.3000E-15  2.5529E-15  2.2000E-15  7.0000E-22  3.0000E-44  3.2000E-45  5.2000E+00  5.3000E+01  1.3362E+22  4.6505E+21  7.6040E+21
3.9114E-15  1.3000E-15  4.2498E-15  2.2000E-15  7.0000E-22  3.0000E-44  3.2000E-45  5.2000E+00  5.3000E+01  1.0124E+22  5.8874E+21  9.6040E+21
2.1583E-15  1.3000E-15  6.9682E-15  2.2000E-15  7.0000E-22  3.0000E-44  3.2000E-45  5.2000E+00  5.3000E+01  9.8831E+21  2.8766E+21  1.2856E+22
2.9808E-15  1.3000E-15  8.5958E-15  2.2000E-15  7.0000E-22  3.0000E-44  3.2000E-45  5.2000E+00  5.3000E+01  8.4832E+21  3.3786E+21  1.3754E+22
3.5435E-15  1.3000E-15  2.4837E-15  2.2000E-15  7.0000E-22  3.0000E-44  3.2000E-45  5.2000E+00  5.3000E+01  1.1653E+22  6.5256E+21  7.4380E+21
4.7880E-15  1.3000E-15  5.6523E-15  2.2000E-15  7.0000E-22  3.0000E-44  3.2000E-45  5.2000E+00  5.3000E+01  8.7490E+21  6.0827E+21  1.0784E+22
1.0653E-15  1.3000E-15  1.7045E-15  2.2000E-15  7.0000E-22  3.0000E-44  3.2000E-45  5.2000E+00  5.3000E+01  1.6751E+22  2.8807E+21  5.9840E+21
2.7968E-15  1.3000E-15  7.5569E-15  2.2000E-15  7.0000E-22  3.0000E-44  3.2000E-45  5.2000E+00  5.3000E+01  9.1038E+21  3.4430E+21  1.3069E+22
5.2966E-15  1.3000E-15  7.2452E-15  2.2000E-15  7.0000E-22  3.0000E-44  3.2000E-45  5.2000E+00  5.3000E+01  7.8146E+21  5.8671E+21  1.1934E+22
4.0521E-15  1.3000E-15  5.0809E-15  2.2000E-15  7.0000E-22  3.0000E-44  3.2000E-45  5.2000E+00  5.3000E+01  9.5433E+21  5.6296E+21  1.0441E+22
4.7663E-15  1.3000E-15  3.8862E-15  2.2000E-15  7.0000E-22  3.0000E-44  3.2000E-45  5.2000E+00  5.3000E+01  9.6057E+21  6.9649E+21  9.0448E+21
3.6625E-15  1.3000E-15  5.7735E-15  2.2000E-15  7.0000E-22  3.0000E-44  3.2000E-45  5.2000E+00  5.3000E+01  9.4634E+21  4.9296E+21  1.1223E+22
4.0413E-15  1.3000E-15  2.3971E-15  2.2000E-15  7.0000E-22  3.0000E-44  3.2000E-45  5.2000E+00  5.3000E+01  1.1137E+22  7.1760E+21  7.3029E+21
2.0934E-15  1.3000E-15  1.1678E-15  2.2000E-15  7.0000E-22  3.0000E-44  3.2000E-45  5.2000E+00  5.3000E+01  1.5162E+22  5.3748E+21  5.0789E+21
2.5046E-15  1.3000E-15  1.1158E-15  2.2000E-15  7.0000E-22  3.0000E-44  3.2000E-45  5.2000E+00  5.3000E+01  1.4399E+22  6.1314E+21  5.0855E+21
8.2725E-16  1.3000E-15  6.8816E-15  2.2000E-15  7.0000E-22  3.0000E-44  3.2000E-45  5.2000E+00  5.3000E+01  1.1029E+22  1.1955E+21  1.3392E+22
5.9134E-15  1.3000E-15  8.1975E-15  2.2000E-15  7.0000E-22  3.0000E-44  3.2000E-45  5.2000E+00  5.3000E+01  7.2057E+21  5.9996E+21  1.2411E+22
2.2232E-15  1.3000E-15  7.2279E-15  2.2000E-15  7.0000E-22  3.0000E-44  3.2000E-45  5.2000E+00  5.3000E+01  9.6767E+21  2.8919E+21  1.3046E+22
5.1992E-15  1.3000E-15  4.6307E-15  2.2000E-15  7.0000E-22  3.0000E-44  3.2000E-45  5.2000E+00  5.3000E+01  8.9303E+21  6.9527E+21  9.7314E+21
3.6301E-15  1.3000E-15  6.0851E-15  2.2000E-15  7.0000E-22  3.0000E-44  3.2000E-45  5.2000E+00  5.3000E+01  9.3202E+21  4.7763E+21  1.1519E+22
4.6798E-15  1.3000E-15  4.0593E-15  2.2000E-15  7.0000E-22  3.0000E-44  3.2000E-45  5.2000E+00  5.3000E+01  9.5871E+21  6.7818E+21  9.2463E+21
3.0998E-15  1.3000E-15  7.9897E-15  2.2000E-15  7.0000E-22  3.0000E-44  3.2000E-45  5.2000E+00  5.3000E+01  8.7004E+21  3.6429E+21  1.3273E+22
4.4958E-15  1.3000E-15  4.6480E-15  2.2000E-15  7.0000E-22  3.0000E-44  3.2000E-45  5.2000E+00  5.3000E+01  9.4309E+21  6.2857E+21  9.8979E+21
1.3575E-15  1.3000E-15  7.4703E-15  2.2000E-15  7.0000E-22  3.0000E-44  3.2000E-45  5.2000E+00  5.3000E+01  1.0162E+22  1.8127E+21  1.3641E+22
5.5671E-15  1.3000E-15  1.2543E-15  2.2000E-15  7.0000E-22  3.0000E-44  3.2000E-45  5.2000E+00  5.3000E+01  1.0181E+22  9.5958E+21  5.8393E+21
4.7447E-15  1.3000E-15  8.4399E-15  2.2000E-15  7.0000E-22  3.0000E-44  3.2000E-45  5.2000E+00  5.3000E+01  7.6484E+21  5.0058E+21  1.2962E+22
1.5415E-15  1.3000E-15  1.9642E-15  2.2000E-15  7.0000E-22  3.0000E-44  3.2000E-45  5.2000E+00  5.3000E+01  1.5296E+22  3.7516E+21  6.5684E+21
4.6148E-15  1.3000E-15  3.0204E-15  2.2000E-15  7.0000E-22  3.0000E-44  3.2000E-45  5.2000E+00  5.3000E+01  1.0191E+22  7.3539E+21  8.0712E+21
1.8228E-15  1.3000E-15  8.0936E-15  2.2000E-15  7.0000E-22  3.0000E-44  3.2000E-45  5.2000E+00  5.3000E+01  9.4428E+21  2.2636E+21  1.3910E+22
1.7146E-15  1.3000E-15  3.3494E-15  2.2000E-15  7.0000E-22  3.0000E-44  3.2000E-45  5.2000E+00  5.3000E+01  1.3326E+22  3.3796E+21  8.9108E+21
1.3251E-15  1.3000E-15  3.4187E-15  2.2000E-15  7.0000E-22  3.0000E-44  3.2000E-45  5.2000E+00  5.3000E+01  1.3837E+22  2.6823E+21  9.0975E+21
4.0954E-15  1.3000E-15  1.0119E-15  2.2000E-15  7.0000E-22  3.0000E-44  3.2000E-45  5.2000E+00  5.3000E+01  1.1965E+22  8.3871E+21  5.2645E+21
3.8681E-15  1.3000E-15  2.6741E-15  2.2000E-15  7.0000E-22  3.0000E-44  3.2000E-45  5.2000E+00  5.3000E+01  1.1149E+22  6.7819E+21  7.6855E+21
5.7836E-15  1.3000E-15  5.0289E-15  2.2000E-15  7.0000E-22  3.0000E-44  3.2000E-45  5.2000E+00  5.3000E+01  8.3855E+21  7.2429E+21  9.9851E+21
1.9960E-15  1.3000E-15  5.5311E-15  2.2000E-15  7.0000E-22  3.0000E-44  3.2000E-45  5.2000E+00  5.3000E+01  1.1013E+22  3.0448E+21  1.1559E+22
1.4116E-15  1.3000E-15  6.6046E-15  2.2000E-15  7.0000E-22  3.0000E-44  3.2000E-45  5.2000E+00  5.3000E+01  1.0731E+22  2.0231E+21  1.2861E+22
4.7122E-15  1.3000E-15  6.3275E-15  2.2000E-15  7.0000E-22  3.0000E-44  3.2000E-45  5.2000E+00  5.3000E+01  8.5001E+21  5.7261E+21  1.1390E+22
1.8878E-15  1.3000E-15  8.6131E-15  2.2000E-15  7.0000E-22  3.0000E-44  3.2000E-45  5.2000E+00  5.3000E+01  9.1105E+21  2.2491E+21  1.4256E+22
3.7166E-15  1.3000E-15  7.3145E-15  2.2000E-15  7.0000E-22  3.0000E-44  3.2000E-45  5.2000E+00  5.3000E+01  8.6543E+21  4.4412E+21  1.2520E+22
5.0477E-15  1.3000E-15  3.6611E-15  2.2000E-15  7.0000E-22  3.0000E-44  3.2000E-45  5.2000E+00  5.3000E+01  9.4925E+21  7.3656E+21  8.7575E+21
5.3507E-15  1.3000E-15  3.6438E-15  2.2000E-15  7.0000E-22  3.0000E-44  3.2000E-45  5.2000E+00  5.3000E+01  9.2659E+21  7.6515E+21  8.6981E+21
4.6581E-15  1.3000E-15  7.7646E-15  2.2000E-15  7.0000E-22  3.0000E-44  3.2000E-45  5.2000E+00  5.3000E+01  7.9434E+21  5.1499E+21  1.2523E+22
2.6994E-15  1.3000E-15  5.0636E-15  2.2000E-15  7.0000E-22  3.0000E-44  3.2000E-45  5.2000E+00  5.3000E+01  1.0694E+22  4.1057E+21  1.0816E+22
1.7687E-15  1.3000E-15  6.9335E-15  2.2000E-15  7.0000E-22  3.0000E-44  3.2000E-45  5.2000E+00  5.3000E+01  1.0205E+22  2.4153E+21  1.2997E+22
4.7988E-15  1.3000E-15  4.2152E-15  2.2000E-15  7.0000E-22  3.0000E-44  3.2000E-45  5.2000E+00  5.3000E+01  9.4160E+21  6.8092E+21  9.3898E+21
3.7058E-15  1.3000E-15  6.5873E-15  2.2000E-15  7.0000E-22  3.0000E-44  3.2000E-45  5.2000E+00  5.3000E+01  9.0110E+21  4.6719E+21  1.1933E+22
2.0068E-15  1.3000E-15  8.1283E-15  2.2000E-15  7.0000E-22  3.0000E-44  3.2000E-45  5.2000E+00  5.3000E+01  9.3021E+21  2.4633E+21  1.3850E+22
4.3118E-15  1.3000E-15  8.8728E-15  2.2000E-15  7.0000E-22  3.0000E-44  3.2000E-45  5.2000E+00  5.3000E+01  7.6927E+21  4.5171E+21  1.3406E+22
9.0301E-16  1.3000E-15  7.6088E-15  2.2000E-15  7.0000E-22  3.0000E-44  3.2000E-45  5.2000E+00  5.3000E+01  1.0417E+22  1.2205E+21  1.3979E+22
5.9567E-15  1.3000E-15  8.3880E-15  2.2000E-15  7.0000E-22  3.0000E-44  3.2000E-45  5.2000E+00  5.3000E+01  7.1284E+21  5.9653E+21  1.2522E+22
4.1820E-15  1.3000E-15  4.6653E-15  2.2000E-15  7.0000E-22  3.0000E-44  3.2000E-45  5.2000E+00  5.3000E+01  9.6653E+21  5.9618E+21  9.9875E+21
9.7876E-16  1.3000E-15  2.9685E-15  2.2000E-15  7.0000E-22  3.0000E-44  3.2000E-45  5.2000E+00  5.3000E+01  1.5004E+22  2.1790E+21  8.4344E+21
1.7038E-15  1.3000E-15  1.3409E-15  2.2000E-15  7.0000E-22  3.0000E-44  3.2000E-45  5.2000E+00  5.3000E+01  1.5790E+22  4.4900E+21  5.3358E+21
5.6862E-15  1.3000E-15  9.1325E-15  2.2000E-15  7.0000E-22  3.0000E-44  3.2000E-45  5.2000E+00  5.3000E+01  7.0122E+21  5.5232E+21  1.3080E+22
2.8617E-15  1.3000E-15  2.4664E-15  2.2000E-15  7.0000E-22  3.0000E-44  3.2000E-45  5.2000E+00  5.3000E+01  1.2544E+22  5.6345E+21  7.4382E+21
2.9483E-15  1.3000E-15  1.9296E-15  2.2000E-15  7.0000E-22  3.0000E-44  3.2000E-45  5.2000E+00  5.3000E+01  1.2885E+22  6.1393E+21  6.5925E+21
1.7579E-15  1.3000E-15  1.2890E-15  2.2000E-15  7.0000E-22  3.0000E-44  3.2000E-45  5.2000E+00  5.3000E+01  1.5738E+22  4.6375E+21  5.2403E+21
6.3246E-16  1.3000E-15  4.7346E-15  2.2000E-15  7.0000E-22  3.0000E-44  3.2000E-45  5.2000E+00  5.3000E+01  1.3296E+22  1.1523E+21  1.1167E+22
3.8465E-15  1.3000E-15  5.6176E-15  2.2000E-15  7.0000E-22  3.0000E-44  3.2000E-45  5.2000E+00  5.3000E+01  9.4122E+21  5.1840E+21  1.1020E+22
2.6128E-15  1.3000E-15  8.9074E-15  2.2000E-15  7.0000E-22  3.0000E-44  3.2000E-45  5.2000E+00  5.3000E+01  8.5408E+21  2.9491E+21  1.4126E+22
4.8096E-15  1.3000E-15  1.6526E-15  2.2000E-15  7.0000E-22  3.0000E-44  3.2000E-45  5.2000E+00  5.3000E+01  1.0745E+22  8.5684E+21  6.3030E+21
3.6192E-15  1.3000E-15  1.5487E-15  2.2000E-15  7.0000E-22  3.0000E-44  3.2000E-45  5.2000E+00  5.3000E+01  1.2235E+22  7.3419E+21  6.0391E+21
4.5715E-15  1.3000E-15  9.4788E-15  2.2000E-15  7.0000E-22  3.0000E-44  3.2000E-45  5.2000E+00  5.3000E+01  7.3612E+21  4.5656E+21  1.3689E+22
3.9872E-15  1.3000E-15  1.3582E-15  2.2000E-15  7.0000E-22  3.0000E-44  3.2000E-45  5.2000E+00  5.3000E+01  1.1880E+22  7.9481E+21  5.7881E+21
5.1343E-15  1.3000E-15  7.1760E-15  2.2000E-15  7.0000E-22  3.0000E-44  3.2000E-45  5.2000E+00  5.3000E+01  7.9233E+21  5.7597E+21  1.1933E+22
3.1647E-15  1.3000E-15  8.1802E-15  2.2000E-15  7.0000E-22  3.0000E-44  3.2000E-45  5.2000E+00  5.3000E+01  8.5727E+21  3.6585E+21  1.3385E+22
2.2990E-15  1.3000E-15  7.2972E-15  2.2000E-15  7.0000E-22  3.0000E-44  3.2000E-45  5.2000E+00  5.3000E+01  9.5817E+21  2.9623E+21  1.3071E+22
4.9828E-15  1.3000E-15  3.5399E-15  2.2000E-15  7.0000E-22  3.0000E-44  3.2000E-45  5.2000E+00  5.3000E+01  9.6036E+21  7.3792E+21  8.6328E+21
1.7471E-15  1.3000E-15  8.3187E-15  2.2000E-15  7.0000E-22  3.0000E-44  3.2000E-45  5.2000E+00  5.3000E+01  9.3631E+21  2.1412E+21  1.4113E+22
2.9591E-15  1.3000E-15  5.3406E-15  2.2000E-15  7.0000E-22  3.0000E-44  3.2000E-45  5.2000E+00  5.3000E+01  1.0276E+22  4.3152E+21  1.1024E+22
5.4156E-15  1.3000E-15  7.9724E-15  2.2000E-15  7.0000E-22  3.0000E-44  3.2000E-45  5.2000E+00  5.3000E+01  7.5003E+21  5.6991E+21  1.2416E+22
4.5932E-15  1.3000E-15  3.6265E-15  2.2000E-15  7.0000E-22  3.0000E-44  3.2000E-45  5.2000E+00  5.3000E+01  9.8836E+21  6.9487E+21  8.7833E+21
1.6064E-15  1.3000E-15  1.6353E-15  2.2000E-15  7.0000E-22  3.0000E-44  3.2000E-45  5.2000E+00  5.3000E+01  1.5606E+22  4.0863E+21  5.9242E+21
4.1495E-15  1.3000E-15  5.1328E-15  2.2000E-15  7.0000E-22  3.0000E-44  3.2000E-45  5.2000E+00  5.3000E+01  9.4422E+21  5.7050E+21  1.0467E+22
1.6605E-15  1.3000E-15  2.0681E-15  2.2000E-15  7.0000E-22  3.0000E-44  3.2000E-45  5.2000E+00  5.3000E+01  1.4923E+22  3.9209E+21  6.7721E+21
4.8854E-15  1.3000E-15  1.7392E-15  2.2000E-15  7.0000E-22  3.0000E-44  3.2000E-45  5.2000E+00  5.3000E+01  1.0620E+22  8.5706E+21  6.4261E+21
5.7619E-15  1.3000E-15  4.3537E-15  2.2000E-15  7.0000E-22  3.0000E-44  3.2000E-45  5.2000E+00  5.3000E+01  8.6694E+21  7.5875E+21  9.3577E+21
1.3792E-15  1.3000E-15  7.4876E-15  2.2000E-15  7.0000E-22  3.0000E-44  3.2000E-45  5.2000E+00  5.3000E+01  1.0134E+22  1.8369E+21  1.3645E+22
3.2405E-15  1.3000E-15  5.5484E-15  2.2000E-15  7.0000E-22  3.0000E-44  3.2000E-45  5.2000E+00  5.3000E+01  9.9139E+21  4.5594E+21  1.1141E+22
1.4982E-15  1.3000E-15  2.3279E-15  2.2000E-15  7.0000E-22  3.0000E-44  3.2000E-45  5.2000E+00  5.3000E+01  1.4899E+22  3.4671E+21  7.2501E+21
2.1800E-15  1.3000E-15  8.9247E-15  2.2000E-15  7.0000E-22  3.0000E-44  3.2000E-45  5.2000E+00  5.3000E+01  8.7744E+21  2.5064E+21  1.4333E+22
1.1844E-15  1.3000E-15  1.2024E-15  2.2000E-15  7.0000E-22  3.0000E-44  3.2000E-45  5.2000E+00  5.3000E+01  1.7282E+22  3.4563E+21  4.8774E+21
5.3291E-15  1.3000E-15  4.0420E-15  2.2000E-15  7.0000E-22  3.0000E-44  3.2000E-45  5.2000E+00  5.3000E+01  9.1018E+21  7.3947E+21  9.1186E+21
8.4890E-16  1.3000E-15  8.2668E-15  2.2000E-15  7.0000E-22  3.0000E-44  3.2000E-45  5.2000E+00  5.3000E+01  1.0006E+22  1.0907E+21  1.4520E+22
1.0870E-15  1.3000E-15  7.5222E-15  2.2000E-15  7.0000E-22  3.0000E-44  3.2000E-45  5.2000E+00  5.3000E+01  1.0334E+22  1.4658E+21  1.3816E+22
2.2016E-15  1.3000E-15  9.0806E-15  2.2000E-15  7.0000E-22  3.0000E-44  3.2000E-45  5.2000E+00  5.3000E+01  8.6858E+21  2.5019E+21  1.4428E+22
1.9635E-15  1.3000E-15  2.8473E-15  2.2000E-15  7.0000E-22  3.0000E-44  3.2000E-45  5.2000E+00  5.3000E+01  1.3490E+22  4.0282E+21  8.0987E+21
4.6906E-15  1.3000E-15  9.4269E-15  2.2000E-15  7.0000E-22  3.0000E-44  3.2000E-45  5.2000E+00  5.3000E+01  7.3281E+21  4.6750E+21  1.3613E+22
2.2341E-15  1.3000E-15  4.2325E-15  2.2000E-15  7.0000E-22  3.0000E-44  3.2000E-45  5.2000E+00  5.3000E+01  1.1812E+22  3.8130E+21  9.9917E+21
1.2385E-15  1.3000E-15  4.9597E-15  2.2000E-15  7.0000E-22  3.0000E-44  3.2000E-45  5.2000E+00  5.3000E+01  1.2303E+22  2.1058E+21  1.1209E+22
7.2986E-16  1.3000E-15  8.9594E-15  2.2000E-15  7.0000E-22  3.0000E-44  3.2000E-45  5.2000E+00  5.3000E+01  9.6450E+21  8.9412E+20  1.5077E+22
5.7727E-15  1.3000E-15  4.6134E-15  2.2000E-15  7.0000E-22  3.0000E-44  3.2000E-45  5.2000E+00  5.3000E+01  8.5573E+21  7.4532E+21  9.6038E+21
3.7816E-15  1.3000E-15  5.2887E-15  2.2000E-15  7.0000E-22  3.0000E-44  3.2000E-45  5.2000E+00  5.3000E+01  9.6380E+21  5.2549E+21  1.0721E+22
3.8573E-15  1.3000E-15  1.6180E-15  2.2000E-15  7.0000E-22  3.0000E-44  3.2000E-45  5.2000E+00  5.3000E+01  1.1872E+22  7.5725E+21  6.1716E+21
1.6822E-15  1.3000E-15  3.1070E-15  2.2000E-15  7.0000E-22  3.0000E-44  3.2000E-45  5.2000E+00  5.3000E+01  1.3641E+22  3.4294E+21  8.5463E+21
5.6537E-15  1.3000E-15  3.3667E-15  2.2000E-15  7.0000E-22  3.0000E-44  3.2000E-45  5.2000E+00  5.3000E+01  9.1613E+21  8.0889E+21  8.3656E+21
2.3856E-15  1.3000E-15  2.7607E-15  2.2000E-15  7.0000E-22  3.0000E-44  3.2000E-45  5.2000E+00  5.3000E+01  1.2948E+22  4.7487E+21  7.9201E+21
1.9094E-15  1.3000E-15  2.1201E-15  2.2000E-15  7.0000E-22  3.0000E-44  3.2000E-45  5.2000E+00  5.3000E+01  1.4394E+22  4.3473E+21  6.8752E+21
1.4441E-15  1.3000E-15  1.0639E-15  2.2000E-15  7.0000E-22  3.0000E-44  3.2000E-45  5.2000E+00  5.3000E+01  1.6816E+22  4.1529E+21  4.6475E+21
4.8421E-15  1.3000E-15  2.2586E-15  2.2000E-15  7.0000E-22  3.0000E-44  3.2000E-45  5.2000E+00  5.3000E+01  1.0387E+22  8.1198E+21  7.1097E+21
4.4633E-15  1.3000E-15  6.8470E-15  2.2000E-15  7.0000E-22  3.0000E-44  3.2000E-45  5.2000E+00  5.3000E+01  8.4236E+21  5.3003E+21  1.1892E+22
2.4180E-15  1.3000E-15  6.0159E-15  2.2000E-15  7.0000E-22  3.0000E-44  3.2000E-45  5.2000E+00  5.3000E+01  1.0292E+22  3.4387E+21  1.1885E+22
2.9375E-15  1.3000E-15  1.2717E-15  2.2000E-15  7.0000E-22  3.0000E-44  3.2000E-45  5.2000E+00  5.3000E+01  1.3482E+22  6.6625E+21  5.4717E+21
4.0629E-15  1.3000E-15  6.6738E-15  2.2000E-15  7.0000E-22  3.0000E-44  3.2000E-45  5.2000E+00  5.3000E+01  8.7415E+21  4.9908E+21  1.1884E+22
2.0285E-15  1.3000E-15  9.2191E-15  2.2000E-15  7.0000E-22  3.0000E-44  3.2000E-45  5.2000E+00  5.3000E+01  8.7140E+21  2.3011E+21  1.4599E+22
2.4938E-15  1.3000E-15  9.3230E-15  2.2000E-15  7.0000E-22  3.0000E-44  3.2000E-45  5.2000E+00  5.3000E+01  8.4119E+21  2.7521E+21  1.4452E+22
4.9070E-15  1.3000E-15  2.9339E-15  2.2000E-15  7.0000E-22  3.0000E-44  3.2000E-45  5.2000E+00  5.3000E+01  9.9730E+21  7.6996E+21  7.9435E+21
5.2425E-15  1.3000E-15  5.7388E-15  2.2000E-15  7.0000E-22  3.0000E-44  3.2000E-45  5.2000E+00  5.3000E+01  8.4290E+21  6.4459E+21  1.0741E+22
5.3074E-15  1.3000E-15  7.3664E-15  2.2000E-15  7.0000E-22  3.0000E-44  3.2000E-45  5.2000E+00  5.3000E+01  7.7651E+21  5.8306E+21  1.2020E+22
3.1323E-15  1.3000E-15  8.5092E-15  2.2000E-15  7.0000E-22  3.0000E-44  3.2000E-45  5.2000E+00  5.3000E+01  8.4394E+21  3.5460E+21  1.3630E+22
5.7186E-15  1.3000E-15  4.3190E-15  2.2000E-15  7.0000E-22  3.0000E-44  3.2000E-45  5.2000E+00  5.3000E+01  8.7123E+21  7.5710E+21  9.3314E+21
3.2838E-15  1.3000E-15  5.2367E-15  2.2000E-15  7.0000E-22  3.0000E-44  3.2000E-45  5.2000E+00  5.3000E+01  1.0067E+22  4.7317E+21  1.0816E+22
3.1106E-15  1.3000E-15  6.2583E-15  2.2000E-15  7.0000E-22  3.0000E-44  3.2000E-45  5.2000E+00  5.3000E+01  9.6000E+21  4.1609E+21  1.1855E+22
3.9655E-15  1.3000E-15  5.4791E-15  2.2000E-15  7.0000E-22  3.0000E-44  3.2000E-45  5.2000E+00  5.3000E+01  9.3971E+21  5.3641E+21  1.0852E+22
1.1952E-15  1.3000E-15  7.4530E-15  2.2000E-15  7.0000E-22  3.0000E-44  3.2000E-45  5.2000E+00  5.3000E+01  1.0299E+22  1.6118E+21  1.3706E+22
1.4333E-15  1.3000E-15  8.6304E-15  2.2000E-15  7.0000E-22  3.0000E-44  3.2000E-45  5.2000E+00  5.3000E+01  9.3857E+21  1.7421E+21  1.4488E+22
1.1086E-15  1.3000E-15  9.6000E-15  2.2000E-15  7.0000E-22  3.0000E-44  3.2000E-45  5.2000E+00  5.3000E+01  9.0418E+21  1.2752E+21  1.5299E+22
2.5371E-15  1.3000E-15  3.4014E-15  2.2000E-15  7.0000E-22  3.0000E-44  3.2000E-45  5.2000E+00  5.3000E+01  1.2162E+22  4.6227E+21  8.8316E+21
8.7054E-16  1.3000E-15  2.4144E-15  2.2000E-15  7.0000E-22  3.0000E-44  3.2000E-45  5.2000E+00  5.3000E+01  1.6047E+22  2.1361E+21  7.4338E+21
5.2858E-15  1.3000E-15  8.0417E-15  2.2000E-15  7.0000E-22  3.0000E-44  3.2000E-45  5.2000E+00  5.3000E+01  7.5366E+21  5.5729E+21  1.2506E+22
5.3940E-15  1.3000E-15  1.2197E-15  2.2000E-15  7.0000E-22  3.0000E-44  3.2000E-45  5.2000E+00  5.3000E+01  1.0366E+22  9.4781E+21  5.7725E+21
3.0240E-15  1.3000E-15  7.2106E-15  2.2000E-15  7.0000E-22  3.0000E-44  3.2000E-45  5.2000E+00  5.3000E+01  9.1387E+21  3.7751E+21  1.2702E+22
6.1082E-16  1.3000E-15  7.5742E-15  2.2000E-15  7.0000E-22  3.0000E-44  3.2000E-45  5.2000E+00  5.3000E+01  1.0675E+22  8.4053E+20  1.4100E+22
5.1884E-15  1.3000E-15  6.5526E-15  2.2000E-15  7.0000E-22  3.0000E-44  3.2000E-45  5.2000E+00  5.3000E+01  8.1338E+21  6.0489E+21  1.1433E+22
4.9178E-15  1.3000E-15  5.9986E-15  2.2000E-15  7.0000E-22  3.0000E-44  3.2000E-45  5.2000E+00  5.3000E+01  8.5168E+21  6.0472E+21  1.1052E+22
1.1411E-15  1.3000E-15  6.3448E-15  2.2000E-15  7.0000E-22  3.0000E-44  3.2000E-45  5.2000E+00  5.3000E+01  1.1176E+22  1.7009E+21  1.2739E+22
5.5022E-15  1.3000E-15  4.5614E-15  2.2000E-15  7.0000E-22  3.0000E-44  3.2000E-45  5.2000E+00  5.3000E+01  8.7551E+21  7.2543E+21  9.6050E+21
3.6950E-15  1.3000E-15  4.7865E-15  2.2000E-15  7.0000E-22  3.0000E-44  3.2000E-45  5.2000E+00  5.3000E+01  9.9936E+21  5.3869E+21  1.0234E+22
4.7772E-15  1.3000E-15  7.2625E-15  2.2000E-15  7.0000E-22  3.0000E-44  3.2000E-45  5.2000E+00  5.3000E+01  8.0776E+21  5.4261E+21  1.2112E+22
5.5996E-15  1.3000E-15  7.3837E-15  2.2000E-15  7.0000E-22  3.0000E-44  3.2000E-45  5.2000E+00  5.3000E+01  7.6159E+21  6.0568E+21  1.1943E+22
2.7427E-15  1.3000E-15  6.7258E-15  2.2000E-15  7.0000E-22  3.0000E-44  3.2000E-45  5.2000E+00  5.3000E+01  9.5986E+21  3.6088E+21  1.2406E+22
3.5760E-15  1.3000E-15  8.7516E-15  2.2000E-15  7.0000E-22  3.0000E-44  3.2000E-45  5.2000E+00  5.3000E+01  8.0995E+21  3.9029E+21  1.3614E+22
4.9395E-15  1.3000E-15  4.2844E-15  2.2000E-15  7.0000E-22  3.0000E-44  3.2000E-45  5.2000E+00  5.3000E+01  9.2760E+21  6.9035E+21  9.4353E+21
5.2641E-15  1.3000E-15  2.2240E-15  2.2000E-15  7.0000E-22  3.0000E-44  3.2000E-45  5.2000E+00  5.3000E+01  1.0008E+22  8.5429E+21  7.0656E+21
3.5976E-15  1.3000E-15  7.4184E-15  2.2000E-15  7.0000E-22  3.0000E-44  3.2000E-45  5.2000E+00  5.3000E+01  8.6768E+21  4.2936E+21  1.2645E+22
5.6754E-15  1.3000E-15  4.4056E-15  2.2000E-15  7.0000E-22  3.0000E-44  3.2000E-45  5.2000E+00  5.3000E+01  8.7052E+21  7.4865E+21  9.4229E+21
1.3467E-15  1.3000E-15  1.3756E-15  2.2000E-15  7.0000E-22  3.0000E-44  3.2000E-45  5.2000E+00  5.3000E+01  1.6583E+22  3.7124E+21  5.3208E+21
2.8184E-15  1.3000E-15  3.6091E-15  2.2000E-15  7.0000E-22  3.0000E-44  3.2000E-45  5.2000E+00  5.3000E+01  1.1654E+22  4.9042E+21  9.0583E+21
5.9242E-15  1.3000E-15  6.0678E-15  2.2000E-15  7.0000E-22  3.0000E-44  3.2000E-45  5.2000E+00  5.3000E+01  7.9162E+21  6.8559E+21  1.0844E+22
5.6429E-15  1.3000E-15  3.7130E-15  2.2000E-15  7.0000E-22  3.0000E-44  3.2000E-45  5.2000E+00  5.3000E+01  9.0196E+21  7.8628E+21  8.7330E+21
5.8160E-15  1.3000E-15  6.5007E-15  2.2000E-15  7.0000E-22  3.0000E-44  3.2000E-45  5.2000E+00  5.3000E+01  7.8182E+21  6.5811E+21  1.1217E+22
4.9611E-15  1.3000E-15  5.3579E-15  2.2000E-15  7.0000E-22  3.0000E-44  3.2000E-45  5.2000E+00  5.3000E+01  8.7678E+21  6.3752E+21  1.0473E+22
9.4629E-16  1.3000E-15  8.9767E-15  2.2000E-15  7.0000E-22  3.0000E-44  3.2000E-45  5.2000E+00  5.3000E+01  9.4944E+21  1.1465E+21  1.4975E+22
3.3595E-15  1.3000E-15  1.8777E-15  2.2000E-15  7.0000E-22  3.0000E-44  3.2000E-45  5.2000E+00  5.3000E+01  1.2342E+22  6.7412E+21  6.5334E+21
5.7078E-15  1.3000E-15  6.1890E-15  2.2000E-15  7.0000E-22  3.0000E-44  3.2000E-45  5.2000E+00  5.3000E+01  7.9883E+21  6.6303E+21  1.0997E+22
5.9675E-15  1.3000E-15  5.5657E-15  2.2000E-15  7.0000E-22  3.0000E-44  3.2000E-45  5.2000E+00  5.3000E+01  8.0752E+21  7.1242E+21  1.0416E+22
5.8269E-15  1.3000E-15  2.5356E-15  2.2000E-15  7.0000E-22  3.0000E-44  3.2000E-45  5.2000E+00  5.3000E+01  9.3870E+21  8.7996E+21  7.4295E+21
2.1042E-15  1.3000E-15  5.4618E-15  2.2000E-15  7.0000E-22  3.0000E-44  3.2000E-45  5.2000E+00  5.3000E+01  1.0963E+22  3.2081E+21  1.1445E+22
3.5002E-15  1.3000E-15  3.5572E-15  2.2000E-15  7.0000E-22  3.0000E-44  3.2000E-45  5.2000E+00  5.3000E+01  1.0950E+22  5.7952E+21  8.8706E+21
1.9311E-15  1.3000E-15  5.8947E-15  2.2000E-15  7.0000E-22  3.0000E-44  3.2000E-45  5.2000E+00  5.3000E+01  1.0800E+22  2.8601E+21  1.1957E+22
4.3226E-15  1.3000E-15  1.0985E-15  2.2000E-15  7.0000E-22  3.0000E-44  3.2000E-45  5.2000E+00  5.3000E+01  1.1620E+22  8.5554E+21  5.4413E+21
3.3379E-15  1.3000E-15  2.1374E-15  2.2000E-15  7.0000E-22  3.0000E-44  3.2000E-45  5.2000E+00  5.3000E+01  1.2170E+22  6.5144E+21  6.9323E+21
2.7535E-15  1.3000E-15  5.9812E-15  2.2000E-15  7.0000E-22  3.0000E-44  3.2000E-45  5.2000E+00  5.3000E+01  1.0039E+22  3.8486E+21  1.1726E+22
1.4766E-15  1.3000E-15  5.2021E-15  2.2000E-15  7.0000E-22  3.0000E-44  3.2000E-45  5.2000E+00  5.3000E+01  1.1811E+22  2.4077E+21  1.1399E+22
5.4589E-15  1.3000E-15  6.2236E-15  2.2000E-15  7.0000E-22  3.0000E-44  3.2000E-45  5.2000E+00  5.3000E+01  8.1116E+21  6.4127E+21  1.1092E+22
2.8401E-15  1.3000E-15  8.2321E-15  2.2000E-15  7.0000E-22  3.0000E-44  3.2000E-45  5.2000E+00  5.3000E+01  8.7353E+21  3.3230E+21  1.3558E+22
3.0782E-15  1.3000E-15  4.9251E-15  2.2000E-15  7.0000E-22  3.0000E-44  3.2000E-45  5.2000E+00  5.3000E+01  1.0442E+22  4.6217E+21  1.0552E+22
5.6321E-15  1.3000E-15  9.2018E-15  2.2000E-15  7.0000E-22  3.0000E-44  3.2000E-45  5.2000E+00  5.3000E+01  7.0128E+21  5.4620E+21  1.3141E+22
1.0329E-15  1.3000E-15  5.1675E-15  2.2000E-15  7.0000E-22  3.0000E-44  3.2000E-45  5.2000E+00  5.3000E+01  1.2339E+22  1.7425E+21  1.1535E+22
1.9419E-15  1.3000E-15  7.8339E-15  2.2000E-15  7.0000E-22  3.0000E-44  3.2000E-45  5.2000E+00  5.3000E+01  9.5139E+21  2.4451E+21  1.3657E+22
2.3639E-15  1.3000E-15  1.0293E-15  2.2000E-15  7.0000E-22  3.0000E-44  3.2000E-45  5.2000E+00  5.3000E+01  1.4765E+22  5.9742E+21  4.8771E+21
2.4289E-15  1.3000E-15  3.7477E-15  2.2000E-15  7.0000E-22  3.0000E-44  3.2000E-45  5.2000E+00  5.3000E+01  1.1997E+22  4.2991E+21  9.3204E+21
5.4697E-15  1.3000E-15  9.5827E-15  2.2000E-15  7.0000E-22  3.0000E-44  3.2000E-45  5.2000E+00  5.3000E+01  6.9618E+21  5.2285E+21  1.3426E+22
4.5391E-15  1.3000E-15  2.0335E-15  2.2000E-15  7.0000E-22  3.0000E-44  3.2000E-45  5.2000E+00  5.3000E+01  1.0819E+22  7.9887E+21  6.8090E+21
3.6084E-15  1.3000E-15  7.1067E-15  2.2000E-15  7.0000E-22  3.0000E-44  3.2000E-45  5.2000E+00  5.3000E+01  8.8186E+21  4.4014E+21  1.2396E+22
5.4481E-15  1.3000E-15  7.3318E-15  2.2000E-15  7.0000E-22  3.0000E-44  3.2000E-45  5.2000E+00  5.3000E+01  7.7079E+21  5.9565E+21  1.1951E+22
5.2208E-15  1.3000E-15  6.2063E-15  2.2000E-15  7.0000E-22  3.0000E-44  3.2000E-45  5.2000E+00  5.3000E+01  8.2525E+21  6.2209E+21  1.1143E+22
3.0024E-15  1.3000E-15  2.6568E-15  2.2000E-15  7.0000E-22  3.0000E-44  3.2000E-45  5.2000E+00  5.3000E+01  1.2196E+22  5.7051E+21  7.7155E+21
5.8052E-15  1.3000E-15  8.4919E-15  2.2000E-15  7.0000E-22  3.0000E-44  3.2000E-45  5.2000E+00  5.3000E+01  7.1598E+21  5.8183E+21  1.2638E+22
2.5154E-15  1.3000E-15  3.9901E-15  2.2000E-15  7.0000E-22  3.0000E-44  3.2000E-45  5.2000E+00  5.3000E+01  1.1693E+22  4.3087E+21  9.6141E+21
3.2513E-15  1.3000E-15  2.3798E-15  2.2000E-15  7.0000E-22  3.0000E-44  3.2000E-45  5.2000E+00  5.3000E+01  1.2095E+22  6.2258E+21  7.2960E+21
1.5739E-15  1.3000E-15  9.3403E-15  2.2000E-15  7.0000E-22  3.0000E-44  3.2000E-45  5.2000E+00  5.3000E+01  8.9118E+21  1.8066E+21  1.4900E+22
5.6104E-15  1.3000E-15  3.5053E-15  2.2000E-15  7.0000E-22  3.0000E-44  3.2000E-45  5.2000E+00  5.3000E+01  9.1332E+21  7.9639E+21  8.5185E+21
4.1928E-15  1.3000E-15  5.8600E-15  2.2000E-15  7.0000E-22  3.0000E-44  3.2000E-45  5.2000E+00  5.3000E+01  9.0452E+21  5.4313E+21  1.1139E+22
5.5780E-15  1.3000E-15  8.3707E-15  2.2000E-15  7.0000E-22  3.0000E-44  3.2000E-45  5.2000E+00  5.3000E+01  7.2953E+21  5.6884E+21  1.2632E+22
1.5090E-15  1.3000E-15  9.9463E-16  2.2000E-15  7.0000E-22  3.0000E-44  3.2000E-45  5.2000E+00  5.3000E+01  1.6752E+22  4.3509E+21  4.5127E+21
5.8918E-15  1.3000E-15  2.5010E-15  2.2000E-15  7.0000E-22  3.0000E-44  3.2000E-45  5.2000E+00  5.3000E+01  9.3502E+21  8.8780E+21  7.3880E+21
5.5455E-15  1.3000E-15  8.5611E-15  2.2000E-15  7.0000E-22  3.0000E-44  3.2000E-45  5.2000E+00  5.3000E+01  7.2480E+21  5.6006E+21  1.2767E+22
2.0717E-15  1.3000E-15  5.7908E-15  2.2000E-15  7.0000E-22  3.0000E-44  3.2000E-45  5.2000E+00  5.3000E+01  1.0749E+22  3.0705E+21  1.1797E+22
1.2601E-15  1.3000E-15  2.5183E-15  2.2000E-15  7.0000E-22  3.0000E-44  3.2000E-45  5.2000E+00  5.3000E+01  1.5099E+22  2.9106E+21  7.6065E+21
1.5848E-15  1.3000E-15  3.0378E-15  2.2000E-15  7.0000E-22  3.0000E-44  3.2000E-45  5.2000E+00  5.3000E+01  1.3873E+22  3.2907E+21  8.4526E+21
3.4894E-15  1.3000E-15  7.9205E-15  2.2000E-15  7.0000E-22  3.0000E-44  3.2000E-45  5.2000E+00  5.3000E+01  8.5078E+21  4.0426E+21  1.3066E+22
4.0196E-15  1.3000E-15  8.8035E-15  2.2000E-15  7.0000E-22  3.0000E-44  3.2000E-45  5.2000E+00  5.3000E+01  7.8581E+21  4.2852E+21  1.3473E+22
1.3900E-15  1.3000E-15  7.8512E-15  2.2000E-15  7.0000E-22  3.0000E-44  3.2000E-45  5.2000E+00  5.3000E+01  9.8882E+21  1.7970E+21  1.3931E+22
2.1150E-15  1.3000E-15  1.7565E-15  2.2000E-15  7.0000E-22  3.0000E-44  3.2000E-45  5.2000E+00  5.3000E+01  1.4437E+22  4.9535E+21  6.2259E+21
4.3659E-15  1.3000E-15  1.9469E-15  2.2000E-15  7.0000E-22  3.0000E-44  3.2000E-45  5.2000E+00  5.3000E+01  1.1057E+22  7.8752E+21  6.6844E+21
1.9527E-15  1.3000E-15  3.9727E-15  2.2000E-15  7.0000E-22  3.0000E-44  3.2000E-45  5.2000E+00  5.3000E+01  1.2379E+22  3.5046E+21  9.7332E+21
3.0673E-15  1.3000E-15  1.8950E-15  2.2000E-15  7.0000E-22  3.0000E-44  3.2000E-45  5.2000E+00  5.3000E+01  1.2740E+22  6.3334E+21  6.5434E+21
2.8942E-15  1.3000E-15  9.5654E-15  2.2000E-15  7.0000E-22  3.0000E-44  3.2000E-45  5.2000E+00  5.3000E+01  8.1002E+21  3.0897E+21  1.4426E+22
2.9916E-15  1.3000E-15  8.5265E-15  2.2000E-15  7.0000E-22  3.0000E-44  3.2000E-45  5.2000E+00  5.3000E+01  8.5092E+21  3.4051E+21  1.3702E+22
2.5263E-15  1.3000E-15  3.7996E-15  2.2000E-15  7.0000E-22  3.0000E-44  3.2000E-45  5.2000E+00  5.3000E+01  1.1838E+22  4.4115E+21  9.3669E+21
1.6497E-15  1.3000E-15  4.8212E-15  2.2000E-15  7.0000E-22  3.0000E-44  3.2000E-45  5.2000E+00  5.3000E+01  1.1960E+22  2.7642E+21  1.0893E+22
1.5198E-15  1.3000E-15  4.3883E-15  2.2000E-15  7.0000E-22  3.0000E-44  3.2000E-45  5.2000E+00  5.3000E+01  1.2520E+22  2.6942E+21  1.0403E+22
3.0457E-15  1.3000E-15  2.9858E-15  2.2000E-15  7.0000E-22  3.0000E-44  3.2000E-45  5.2000E+00  5.3000E+01  1.1877E+22  5.5573E+21  8.1820E+21
1.1303E-15  1.3000E-15  2.5703E-15  2.2000E-15  7.0000E-22  3.0000E-44  3.2000E-45  5.2000E+00  5.3000E+01  1.5278E+22  2.6277E+21  7.7105E+21
5.3723E-15  1.3000E-15  5.1155E-15  2.2000E-15  7.0000E-22  3.0000E-44  3.2000E-45  5.2000E+00  5.3000E+01  8.6062E+21  6.8545E+21  1.0153E+22
4.8962E-15  1.3000E-15  8.6650E-15  2.2000E-15  7.0000E-22  3.0000E-44  3.2000E-45  5.2000E+00  5.3000E+01  7.4988E+21  5.0601E+21  1.3057E+22
1.2168E-15  1.3000E-15  6.1024E-15  2.2000E-15  7.0000E-22  3.0000E-44  3.2000E-45  5.2000E+00  5.3000E+01  1.1303E+22  1.8470E+21  1.2466E+22
5.0802E-15  1.3000E-15  6.1198E-15  2.2000E-15  7.0000E-22  3.0000E-44  3.2000E-45  5.2000E+00  5.3000E+01  8.3690E+21  6.1374E+21  1.1109E+22
3.9222E-15  1.3000E-15  3.1763E-15  2.2000E-15  7.0000E-22  3.0000E-44  3.2000E-45  5.2000E+00  5.3000E+01  1.0768E+22  6.5137E+21  8.3343E+21
2.6669E-15  1.3000E-15  8.2148E-15  2.2000E-15  7.0000E-22  3.0000E-44  3.2000E-45  5.2000E+00  5.3000E+01  8.8462E+21  3.1504E+21  1.3619E+22
3.7383E-15  1.3000E-15  9.6000E-16  2.2000E-15  7.0000E-22  3.0000E-44  3.2000E-45  5.2000E+00  5.3000E+01  1.2492E+22  8.0194E+21  5.1049E+21
2.7210E-15  1.3000E-15  5.2713E-15  2.2000E-15  7.0000E-22  3.0000E-44  3.2000E-45  5.2000E+00  5.3000E+01  1.0531E+22  4.0550E+21  1.1030E+22
1.4224E-15  1.3000E-15  9.0113E-15  2.2000E-15  7.0000E-22  3.0000E-44  3.2000E-45  5.2000E+00  5.3000E+01  9.1772E+21  1.6824E+21  1.4756E+22
1.0437E-15  1.3000E-15  3.4533E-15  2.2000E-15  7.0000E-22  3.0000E-44  3.2000E-45  5.2000E+00  5.3000E+01  1.4243E+22  2.1579E+21  9.2160E+21
3.5543E-15  1.3000E-15  5.3060E-15  2.2000E-15  7.0000E-22  3.0000E-44  3.2000E-45  5.2000E+00  5.3000E+01  9.8060E+21  5.0037E+21  1.0804E+22
9.8958E-16  1.3000E-15  5.1848E-15  2.2000E-15  7.0000E-22  3.0000E-44  3.2000E-45  5.2000E+00  5.3000E+01  1.2372E+22  1.6713E+21  1.1573E+22
4.2361E-15  1.3000E-15  3.9208E-15  2.2000E-15  7.0000E-22  3.0000E-44  3.2000E-45  5.2000E+00  5.3000E+01  1.0030E+22  6.4120E+21  9.1732E+21
3.9547E-15  1.3000E-15  4.2671E-15  2.2000E-15  7.0000E-22  3.0000E-44  3.2000E-45  5.2000E+00  5.3000E+01  1.0076E+22  5.9252E+21  9.6138E+21
5.1234E-15  1.3000E-15  1.4448E-15  2.2000E-15  7.0000E-22  3.0000E-44  3.2000E-45  5.2000E+00  5.3000E+01  1.0528E+22  9.0415E+21  6.0467E+21
2.2665E-15  1.3000E-15  7.1240E-15  2.2000E-15  7.0000E-22  3.0000E-44  3.2000E-45  5.2000E+00  5.3000E+01  9.7079E+21  2.9657E+21  1.2941E+22
3.3487E-15  1.3000E-15  6.2756E-15  2.2000E-15  7.0000E-22  3.0000E-44  3.2000E-45  5.2000E+00  5.3000E+01  9.4177E+21  4.4121E+21  1.1786E+22
5.9892E-15  1.3000E-15  5.0982E-15  2.2000E-15  7.0000E-22  3.0000E-44  3.2000E-45  5.2000E+00  5.3000E+01  8.2369E+21  7.3734E+21  1.0006E+22
7.9479E-16  1.3000E-15  3.9554E-15  2.2000E-15  7.0000E-22  3.0000E-44  3.2000E-45  5.2000E+00  5.3000E+01  1.4002E+22  1.5727E+21  1.0044E+22
5.5238E-15  1.3000E-15  7.3491E-15  2.2000E-15  7.0000E-22  3.0000E-44  3.2000E-45  5.2000E+00  5.3000E+01  7.6647E+21  6.0102E+21  1.1941E+22
2.8834E-15  1.3000E-15  6.7777E-15  2.2000E-15  7.0000E-22  3.0000E-44  3.2000E-45  5.2000E+00  5.3000E+01  9.4696E+21  3.7493E+21  1.2397E+22
1.8337E-15  1.3000E-15  9.3057E-15  2.2000E-15  7.0000E-22  3.0000E-44  3.2000E-45  5.2000E+00  5.3000E+01  8.7807E+21  2.0858E+21  1.4750E+22
1.4657E-15  1.3000E-15  5.4099E-15  2.2000E-15  7.0000E-22  3.0000E-44  3.2000E-45  5.2000E+00  5.3000E+01  1.1640E+22  2.3422E+21  1.1635E+22
3.3703E-15  1.3000E-15  9.1152E-15  2.2000E-15  7.0000E-22  3.0000E-44  3.2000E-45  5.2000E+00  5.3000E+01  8.0523E+21  3.6266E+21  1.3937E+22
2.3964E-15  1.3000E-15  3.5226E-15  2.2000E-15  7.0000E-22  3.0000E-44  3.2000E-45  5.2000E+00  5.3000E+01  1.2232E+22  4.3598E+21  9.0243E+21
3.8357E-15  1.3000E-15  6.9162E-15  2.2000E-15  7.0000E-22  3.0000E-44  3.2000E-45  5.2000E+00  5.3000E+01  8.7687E+21  4.6868E+21  1.2160E+22
5.8701E-15  1.3000E-15  9.4961E-15  2.2000E-15  7.0000E-22  3.0000E-44  3.2000E-45  5.2000E+00  5.3000E+01  6.8337E+21  5.5447E+21  1.3237E+22
9.5711E-16  1.3000E-15  9.2710E-15  2.2000E-15  7.0000E-22  3.0000E-44  3.2000E-45  5.2000E+00  5.3000E+01  9.3155E+21  1.1344E+21  1.5166E+22
3.1972E-15  1.3000E-15  6.4661E-15  2.2000E-15  7.0000E-22  3.0000E-44  3.2000E-45  5.2000E+00  5.3000E+01  9.4211E+21  4.1860E+21  1.2009E+22
3.0132E-15  1.3000E-15  6.0332E-15  2.2000E-15  7.0000E-22  3.0000E-44  3.2000E-45  5.2000E+00  5.3000E+01  9.8034E+21  4.1285E+21  1.1682E+22
3.0890E-15  1.3000E-15  3.0551E-15  2.2000E-15  7.0000E-22  3.0000E-44  3.2000E-45  5.2000E+00  5.3000E+01  1.1771E+22  5.5728E+21  8.2730E+21
3.6409E-15  1.3000E-15  9.5134E-15  2.2000E-15  7.0000E-22  3.0000E-44  3.2000E-45  5.2000E+00  5.3000E+01  7.7633E+21  3.7762E+21  1.4076E+22
4.2902E-15  1.3000E-15  5.7562E-15  2.2000E-15  7.0000E-22  3.0000E-44  3.2000E-45  5.2000E+00  5.3000E+01  9.0296E+21  5.5694E+21  1.1017E+22
2.3315E-15  1.3000E-15  7.8859E-15  2.2000E-15  7.0000E-22  3.0000E-44  3.2000E-45  5.2000E+00  5.3000E+01  9.2259E+21  2.8675E+21  1.3520E+22
5.5130E-15  1.3000E-15  4.8731E-15  2.2000E-15  7.0000E-22  3.0000E-44  3.2000E-45  5.2000E+00  5.3000E+01  8.6174E+21  7.0982E+21  9.8982E+21
4.8745E-15  1.3000E-15  3.1416E-15  2.2000E-15  7.0000E-22  3.0000E-44  3.2000E-45  5.2000E+00  5.3000E+01  9.8948E+21  7.5298E+21  8.1913E+21
2.6236E-15  1.3000E-15  5.9466E-15  2.2000E-15  7.0000E-22  3.0000E-44  3.2000E-45  5.2000E+00  5.3000E+01  1.0167E+22  3.7069E+21  1.1741E+22
3.5651E-15  1.3000E-15  7.5049E-15  2.2000E-15  7.0000E-22  3.0000E-44  3.2000E-45  5.2000E+00  5.3000E+01  8.6557E+21  4.2358E+21  1.2724E+22
5.5888E-15  1.3000E-15  8.7862E-15  2.2000E-15  7.0000E-22  3.0000E-44  3.2000E-45  5.2000E+00  5.3000E+01  7.1584E+21  5.5602E+21  1.2897E+22
1.6713E-15  1.3000E-15  6.6911E-15  2.2000E-15  7.0000E-22  3.0000E-44  3.2000E-45  5.2000E+00  5.3000E+01  1.0450E+22  2.3425E+21  1.2825E+22
5.5563E-15  1.3000E-15  1.5660E-15  2.2000E-15  7.0000E-22  3.0000E-44  3.2000E-45  5.2000E+00  5.3000E+01  1.0050E+22  9.3221E+21  6.2445E+21
1.8986E-15  1.3000E-15  9.4442E-15  2.2000E-15  7.0000E-22  3.0000E-44  3.2000E-45  5.2000E+00  5.3000E+01  8.6753E+21  2.1331E+21  1.4807E+22
6.2164E-16  1.3000E-15  4.0939E-15  2.2000E-15  7.0000E-22  3.0000E-44  3.2000E-45  5.2000E+00  5.3000E+01  1.4091E+22  1.2260E+21  1.0301E+22
3.8248E-15  1.3000E-15  9.3749E-15  2.2000E-15  7.0000E-22  3.0000E-44  3.2000E-45  5.2000E+00  5.3000E+01  7.7309E+21  3.9692E+21  1.3916E+22
5.7511E-15  1.3000E-15  6.7431E-15  2.2000E-15  7.0000E-22  3.0000E-44  3.2000E-45  5.2000E+00  5.3000E+01  7.7653E+21  6.4286E+21  1.1422E+22
2.6778E-15  1.3000E-15  2.7088E-15  2.2000E-15  7.0000E-22  3.0000E-44  3.2000E-45  5.2000E+00  5.3000E+01  1.2585E+22  5.2155E+21  7.8163E+21
3.9980E-15  1.3000E-15  1.5833E-15  2.2000E-15  7.0000E-22  3.0000E-44  3.2000E-45  5.2000E+00  5.3000E+01  1.1718E+22  7.7659E+21  6.1329E+21
3.0349E-15  1.3000E-15  3.2282E-15  2.2000E-15  7.0000E-22  3.0000E-44  3.2000E-45  5.2000E+00  5.3000E+01  1.1700E+22  5.3997E+21  8.5161E+21
1.9202E-15  1.3000E-15  8.5784E-15  2.2000E-15  7.0000E-22  3.0000E-44  3.2000E-45  5.2000E+00  5.3000E+01  9.1092E+21  2.2900E+21  1.4217E+22
5.7295E-15  1.3000E-15  3.6784E-15  2.2000E-15  7.0000E-22  3.0000E-44  3.2000E-45  5.2000E+00  5.3000E+01  8.9723E+21  7.9572E+21  8.6860E+21
4.8529E-15  1.3000E-15  4.1805E-15  2.2000E-15  7.0000E-22  3.0000E-44  3.2000E-45  5.2000E+00  5.3000E+01  9.3916E+21  6.8799E+21  9.3435E+21
5.6212E-15  1.3000E-15  9.3922E-15  2.2000E-15  7.0000E-22  3.0000E-44  3.2000E-45  5.2000E+00  5.3000E+01  6.9598E+21  5.3961E+21  1.3260E+22
1.3359E-15  1.3000E-15  5.0463E-15  2.2000E-15  7.0000E-22  3.0000E-44  3.2000E-45  5.2000E+00  5.3000E+01  1.2108E+22  2.2353E+21  1.1274E+22
2.6020E-15  1.3000E-15  4.0766E-15  2.2000E-15  7.0000E-22  3.0000E-44  3.2000E-45  5.2000E+00  5.3000E+01  1.1527E+22  4.3875E+21  9.7015E+21
4.2577E-15  1.3000E-15  3.5745E-15  2.2000E-15  7.0000E-22  3.0000E-44  3.2000E-45  5.2000E+00  5.3000E+01  1.0207E+22  6.6357E+21  8.7727E+21
2.2774E-15  1.3000E-15  6.0505E-15  2.2000E-15  7.0000E-22  3.0000E-44  3.2000E-45  5.2000E+00  5.3000E+01  1.0386E+22  3.2566E+21  1.1972E+22
4.3984E-15  1.3000E-15  1.4794E-15  2.2000E-15  7.0000E-22  3.0000E-44  3.2000E-45  5.2000E+00  5.3000E+01  1.1299E+22  8.2965E+21  6.0205E+21
1.5631E-15  1.3000E-15  2.2932E-15  2.2000E-15  7.0000E-22  3.0000E-44  3.2000E-45  5.2000E+00  5.3000E+01  1.4821E+22  3.6094E+21  7.1858E+21
3.1214E-15  1.3000E-15  5.8254E-15  2.2000E-15  7.0000E-22  3.0000E-44  3.2000E-45  5.2000E+00  5.3000E+01  9.8429E+21  4.3228E+21  1.1448E+22
2.0501E-15  1.3000E-15  5.7042E-15  2.2000E-15  7.0000E-22  3.0000E-44  3.2000E-45  5.2000E+00  5.3000E+01  1.0832E+22  3.0668E+21  1.1717E+22
4.3335E-15  1.3000E-15  5.9639E-15  2.2000E-15  7.0000E-22  3.0000E-44  3.2000E-45  5.2000E+00  5.3000E+01  8.9015E+21  5.5242E+21  1.1190E+22
5.1776E-15  1.3000E-15  9.4615E-15  2.2000E-15  7.0000E-22  3.0000E-44  3.2000E-45  5.2000E+00  5.3000E+01  7.1149E+21  5.0446E+21  1.3456E+22
2.1691E-15  1.3000E-15  6.1371E-15  2.2000E-15  7.0000E-22  3.0000E-44  3.2000E-45  5.2000E+00  5.3000E+01  1.0419E+22  3.0986E+21  1.2098E+22
5.7403E-15  1.3000E-15  9.3576E-15  2.2000E-15  7.0000E-22  3.0000E-44  3.2000E-45  5.2000E+00  5.3000E+01  6.9237E+21  5.4934E+21  1.3199E+22
2.7102E-15  1.3000E-15  1.4275E-15  2.2000E-15  7.0000E-22  3.0000E-44  3.2000E-45  5.2000E+00  5.3000E+01  1.3720E+22  6.1872E+21  5.7086E+21
2.5587E-15  1.3000E-15  1.3929E-15  2.2000E-15  7.0000E-22  3.0000E-44  3.2000E-45  5.2000E+00  5.3000E+01  1.4018E+22  5.9788E+21  5.6192E+21
3.9331E-15  1.3000E-15  2.0855E-15  2.2000E-15  7.0000E-22  3.0000E-44  3.2000E-45  5.2000E+00  5.3000E+01  1.1464E+22  7.2855E+21  6.8670E+21
1.3683E-15  1.3000E-15  6.8989E-15  2.2000E-15  7.0000E-22  3.0000E-44  3.2000E-45  5.2000E+00  5.3000E+01  1.0552E+22  1.9159E+21  1.3148E+22
5.3615E-15  1.3000E-15  6.6219E-15  2.2000E-15  7.0000E-22  3.0000E-44  3.2000E-45  5.2000E+00  5.3000E+01  8.0129E+21  6.1648E+21  1.1438E+22
2.9267E-15  1.3000E-15  6.9855E-15  2.2000E-15  7.0000E-22  3.0000E-44  3.2000E-45  5.2000E+00  5.3000E+01  9.3243E+21  3.7359E+21  1.2556E+22
8.3808E-16  1.3000E-15  2.6222E-15  2.2000E-15  7.0000E-22  3.0000E-44  3.2000E-45  5.2000E+00  5.3000E+01  1.5789E+22  1.9962E+21  7.8319E+21
2.5912E-15  1.3000E-15  8.9420E-15  2.2000E-15  7.0000E-22  3.0000E-44  3.2000E-45  5.2000E+00  5.3000E+01  8.5364E+21  2.9207E+21  1.4159E+22
4.7230E-15  1.3000E-15  3.7303E-15  2.2000E-15  7.0000E-22  3.0000E-44  3.2000E-45  5.2000E+00  5.3000E+01  9.7204E+21  7.0147E+21  8.8804E+21
1.9743E-15  1.3000E-15  2.3625E-15  2.2000E-15  7.0000E-22  3.0000E-44  3.2000E-45  5.2000E+00  5.3000E+01  1.4002E+22  4.3142E+21  7.2998E+21
1.0112E-15  1.3000E-15  3.3148E-15  2.2000E-15  7.0000E-22  3.0000E-44  3.2000E-45  5.2000E+00  5.3000E+01  1.4476E+22  2.1368E+21  9.0040E+21
2.4072E-15  1.3000E-15  8.7689E-15  2.2000E-15  7.0000E-22  3.0000E-44  3.2000E-45  5.2000E+00  5.3000E+01  8.7226E+21  2.7689E+21  1.4124E+22
3.3054E-15  1.3000E-15  4.7692E-15  2.2000E-15  7.0000E-22  3.0000E-44  3.2000E-45  5.2000E+00  5.3000E+01  1.0340E+22  4.9556E+21  1.0320E+22
3.4786E-15  1.3000E-15  4.1459E-15  2.2000E-15  7.0000E-22  3.0000E-44  3.2000E-45  5.2000E+00  5.3000E+01  1.0581E+22  5.4536E+21  9.5805E+21
7.8397E-16  1.3000E-15  9.1671E-15  2.2000E-15  7.0000E-22  3.0000E-44  3.2000E-45  5.2000E+00  5.3000E+01  9.4843E+21  9.4344E+20  1.5188E+22
1.4874E-15  1.3000E-15  7.7127E-15  2.2000E-15  7.0000E-22  3.0000E-44  3.2000E-45  5.2000E+00  5.3000E+01  9.9065E+21  1.9346E+21  1.3775E+22
5.0910E-15  1.3000E-15  8.0763E-15  2.2000E-15  7.0000E-22  3.0000E-44  3.2000E-45  5.2000E+00  5.3000E+01  7.6156E+21  5.4054E+21  1.2595E+22
4.2144E-15  1.3000E-15  7.6781E-15  2.2000E-15  7.0000E-22  3.0000E-44  3.2000E-45  5.2000E+00  5.3000E+01  8.2114E+21  4.7893E+21  1.2615E+22
2.1367E-15  1.3000E-15  4.8904E-15  2.2000E-15  7.0000E-22  3.0000E-44  3.2000E-45  5.2000E+00  5.3000E+01  1.1375E+22  3.4344E+21  1.0807E+22
5.1559E-15  1.3000E-15  9.7731E-16  2.2000E-15  7.0000E-22  3.0000E-44  3.2000E-45  5.2000E+00  5.3000E+01  1.0727E+22  9.4851E+21  5.4042E+21
3.3162E-15  1.3000E-15  8.4572E-15  2.2000E-15  7.0000E-22  3.0000E-44  3.2000E-45  5.2000E+00  5.3000E+01  8.3625E+21  3.7350E+21  1.3518E+22
5.1018E-15  1.3000E-15  2.4491E-15  2.2000E-15  7.0000E-22  3.0000E-44  3.2000E-45  5.2000E+00  5.3000E+01  1.0044E+22  8.2260E+21  7.3460E+21
3.1539E-15  1.3000E-15  6.4314E-15  2.2000E-15  7.0000E-22  3.0000E-44  3.2000E-45  5.2000E+00  5.3000E+01  9.4711E+21  4.1508E+21  1.1994E+22
1.7363E-15  1.3000E-15  5.8774E-15  2.2000E-15  7.0000E-22  3.0000E-44  3.2000E-45  5.2000E+00  5.3000E+01  1.0992E+22  2.6070E+21  1.2018E+22
6.7575E-16  1.3000E-15  9.1844E-15  2.2000E-15  7.0000E-22  3.0000E-44  3.2000E-45  5.2000E+00  5.3000E+01  9.5427E+21  8.1609E+20  1.5257E+22
3.7924E-15  1.3000E-15  2.2759E-15  2.2000E-15  7.0000E-22  3.0000E-44  3.2000E-45  5.2000E+00  5.3000E+01  1.1502E+22  6.9769E+21  7.1376E+21
3.2729E-15  1.3000E-15  1.9816E-15  2.2000E-15  7.0000E-22  3.0000E-44  3.2000E-45  5.2000E+00  5.3000E+01  1.2379E+22  6.5464E+21  6.6911E+21
2.9699E-15  1.3000E-15  3.3840E-15  2.2000E-15  7.0000E-22  3.0000E-44  3.2000E-45  5.2000E+00  5.3000E+01  1.1655E+22  5.2260E+21  8.7348E+21
7.7315E-16  1.3000E-15  2.4317E-15  2.2000E-15  7.0000E-22  3.0000E-44  3.2000E-45  5.2000E+00  5.3000E+01  1.6231E+22  1.9134E+21  7.4724E+21
3.7599E-15  1.3000E-15  4.5441E-15  2.2000E-15  7.0000E-22  3.0000E-44  3.2000E-45  5.2000E+00  5.3000E+01  1.0082E+22  5.5736E+21  9.9599E+21
