4.2143E-15  1.3000E-15  7.5132E-15  2.2000E-15  7.0000E-22  3.0000E-44  1.5076E-44  5.2000E+00  5.3000E+01  8.4456E+21  4.9720E+21  1.2198E+22
3.3121E-15  1.3000E-15  7.8213E-15  2.2000E-15  7.0000E-22  3.0000E-44  1.6614E-44  5.2000E+00  5.3000E+01  8.8834E+21  4.0310E+21  1.2702E+22
5.6787E-15  1.3000E-15  7.6348E-15  2.2000E-15  7.0000E-22  3.0000E-44  5.3855E-45  5.2000E+00  5.3000E+01  7.5161E+21  6.0501E+21  1.2050E+22
2.3297E-15  1.3000E-15  1.6754E-15  2.2000E-15  7.0000E-22  3.0000E-44  2.3652E-44  5.2000E+00  5.3000E+01  1.4296E+22  5.4964E+21  5.8240E+21
5.3342E-15  1.3000E-15  6.7177E-15  2.2000E-15  7.0000E-22  3.0000E-44  1.9511E-44  5.2000E+00  5.3000E+01  8.1610E+21  6.2869E+21  1.1168E+22
4.1913E-15  1.3000E-15  1.3850E-16  2.2000E-15  7.0000E-22  3.0000E-44  1.4316E-44  5.2000E+00  5.3000E+01  1.2397E+22  9.4203E+21  3.7989E+21
2.8992E-15  1.3000E-15  1.1622E-15  2.2000E-15  7.0000E-22  3.0000E-44  1.5218E-45  5.2000E+00  5.3000E+01  1.3636E+22  6.6949E+21  5.2857E+21
1.4046E-15  1.3000E-15  8.0815E-15  2.2000E-15  7.0000E-22  3.0000E-44  7.7997E-45  5.2000E+00  5.3000E+01  9.8551E+21  1.8094E+21  1.3951E+22
1.8742E-15  1.3000E-15  8.3377E-15  2.2000E-15  7.0000E-22  3.0000E-44  2.1145E-44  5.2000E+00  5.3000E+01  9.6857E+21  2.4067E+21  1.3524E+22
5.2733E-16  1.3000E-15  5.7519E-15  2.2000E-15  7.0000E-22  3.0000E-44  1.4527E-44  5.2000E+00  5.3000E+01  1.2700E+22  8.9838E+20  1.2018E+22
4.1327E-15  1.3000E-15  6.2443E-15  2.2000E-15  7.0000E-22  3.0000E-44  1.3252E-44  5.2000E+00  5.3000E+01  9.0333E+21  5.3285E+21  1.1254E+22
4.5741E-15  1.3000E-15  5.8825E-15  2.2000E-15  7.0000E-22  3.0000E-44  1.5634E-44  5.2000E+00  5.3000E+01  8.9274E+21  5.9218E+21  1.0767E+22
1.6145E-15  1.3000E-15  1.4818E-15  2.2000E-15  7.0000E-22  3.0000E-44  2.7023E-44  5.2000E+00  5.3000E+01  1.6001E+22  4.3121E+21  5.3035E+21
6.8339E-16  1.3000E-15  7.8313E-15  2.2000E-15  7.0000E-22  3.0000E-44  1.6163E-44  5.2000E+00  5.3000E+01  1.0830E+22  9.5982E+20  1.3826E+22
2.0414E-15  1.3000E-15  9.4473E-15  2.2000E-15  7.0000E-22  3.0000E-44  9.1399E-45  5.2000E+00  5.3000E+01  8.7300E+21  2.3217E+21  1.4564E+22
3.8322E-15  1.3000E-15  9.3793E-15  2.2000E-15  7.0000E-22  3.0000E-44  4.5267E-45  5.2000E+00  5.3000E+01  7.7469E+21  3.9881E+21  1.3881E+22
2.7511E-15  1.3000E-15  1.3541E-15  2.2000E-15  7.0000E-22  3.0000E-44  4.6687E-45  5.2000E+00  5.3000E+01  1.3730E+22  6.3207E+21  5.5660E+21
1.7594E-15  1.3000E-15  2.4564E-15  2.2000E-15  7.0000E-22  3.0000E-44  1.5431E-44  5.2000E+00  5.3000E+01  1.4430E+22  3.9607E+21  7.2267E+21
3.7769E-15  1.3000E-15  5.7504E-16  2.2000E-15  7.0000E-22  3.0000E-44  2.8736E-44  5.2000E+00  5.3000E+01  1.2774E+22  8.5545E+21  4.2873E+21
5.4375E-15  1.3000E-15  9.4040E-16  2.2000E-15  7.0000E-22  3.0000E-44  6.1147E-45  5.2000E+00  5.3000E+01  1.0461E+22  9.7820E+21  5.3735E+21
1.9395E-15  1.3000E-15  8.5897E-15  2.2000E-15  7.0000E-22  3.0000E-44  3.6420E-45  5.2000E+00  5.3000E+01  9.1024E+21  2.3123E+21  1.4203E+22
1.5062E-15  1.3000E-15  9.5966E-15  2.2000E-15  7.0000E-22  3.0000E-44  1.0162E-44  5.2000E+00  5.3000E+01  8.9916E+21  1.7436E+21  1.4881E+22
3.3589E-16  1.3000E-15  1.7744E-15  2.2000E-15  7.0000E-22  3.0000E-44  1.1709E-44  5.2000E+00  5.3000E+01  1.8737E+22  1.0084E+21  5.8710E+21
2.6530E-15  1.3000E-15  2.4490E-15  2.2000E-15  7.0000E-22  3.0000E-44  7.8244E-45  5.2000E+00  5.3000E+01  1.2903E+22  5.3792E+21  7.3346E+21
1.4711E-15  1.3000E-15  6.7176E-15  2.2000E-15  7.0000E-22  3.0000E-44  1.8108E-46  5.2000E+00  5.3000E+01  1.0517E+22  2.0605E+21  1.3038E+22
5.5359E-15  1.3000E-15  8.3545E-15  2.2000E-15  7.0000E-22  3.0000E-44  2.5288E-44  5.2000E+00  5.3000E+01  7.5560E+21  5.9097E+21  1.2150E+22
4.4024E-15  1.3000E-15  6.8522E-15  2.2000E-15  7.0000E-22  3.0000E-44  8.0940E-45  5.2000E+00  5.3000E+01  8.5223E+21  5.2982E+21  1.1798E+22
2.9133E-15  1.3000E-15  8.9446E-15  2.2000E-15  7.0000E-22  3.0000E-44  6.3308E-45  5.2000E+00  5.3000E+01  8.4208E+21  3.2643E+21  1.3931E+22
2.9556E-15  1.3000E-15  5.9784E-16  2.2000E-15  7.0000E-22  3.0000E-44  3.1556E-44  5.2000E+00  5.3000E+01  1.4140E+22  7.4410E+21  4.0349E+21
1.8164E-15  1.3000E-15  8.3762E-15  2.2000E-15  7.0000E-22  3.0000E-44  9.6777E-45  5.2000E+00  5.3000E+01  9.4411E+21  2.2547E+21  1.3920E+22
2.5086E-15  1.3000E-15  3.1638E-15  2.2000E-15  7.0000E-22  3.0000E-44  1.3454E-44  5.2000E+00  5.3000E+01  1.2544E+22  4.7908E+21  8.2816E+21
8.5472E-16  1.3000E-15  2.0182E-15  2.2000E-15  7.0000E-22  3.0000E-44  1.5510E-44  5.2000E+00  5.3000E+01  1.6925E+22  2.2924E+21  6.3992E+21
1.7441E-15  1.3000E-15  5.4209E-15  2.2000E-15  7.0000E-22  3.0000E-44  1.3386E-44  5.2000E+00  5.3000E+01  1.1577E+22  2.8094E+21  1.1229E+22
2.3180E-15  1.3000E-15  8.6441E-15  2.2000E-15  7.0000E-22  3.0000E-44  2.8337E-44  5.2000E+00  5.3000E+01  9.3560E+21  2.8999E+21  1.3360E+22
6.9814E-16  1.3000E-15  6.3507E-15  2.2000E-15  7.0000E-22  3.0000E-44  2.6116E-45  5.2000E+00  5.3000E+01  1.1575E+22  1.0655E+21  1.2975E+22
4.9552E-15  1.3000E-15  8.1144E-15  2.2000E-15  7.0000E-22  3.0000E-44  2.5194E-44  5.2000E+00  5.3000E+01  7.9282E+21  5.5254E+21  1.2162E+22
4.7258E-15  1.3000E-15  5.6795E-15  2.2000E-15  7.0000E-22  3.0000E-44  2.6593E-44  5.2000E+00  5.3000E+01  9.0263E+21  6.2643E+21  1.0325E+22
1.1045E-15  1.3000E-15  6.0460E-15  2.2000E-15  7.0000E-22  3.0000E-44  3.0998E-44  5.2000E+00  5.3000E+01  1.2191E+22  1.8409E+21  1.1584E+22
1.6116E-15  1.3000E-15  1.8306E-15  2.2000E-15  7.0000E-22  3.0000E-44  7.3690E-45  5.2000E+00  5.3000E+01  1.5379E+22  3.9929E+21  6.2449E+21
2.1172E-15  1.3000E-15  3.1898E-15  2.2000E-15  7.0000E-22  3.0000E-44  9.4939E-45  5.2000E+00  5.3000E+01  1.3010E+22  4.1517E+21  8.4561E+21
3.7621E-15  1.3000E-15  6.9702E-15  2.2000E-15  7.0000E-22  3.0000E-44  2.5124E-44  5.2000E+00  5.3000E+01  9.1080E+21  4.8244E+21  1.1684E+22
3.0759E-15  1.3000E-15  7.4547E-15  2.2000E-15  7.0000E-22  3.0000E-44  5.8763E-45  5.2000E+00  5.3000E+01  9.0289E+21  3.7876E+21  1.2802E+22
4.9958E-15  1.3000E-15  7.7878E-15  2.2000E-15  7.0000E-22  3.0000E-44  2.9167E-44  5.2000E+00  5.3000E+01  8.0652E+21  5.7112E+21  1.1840E+22
4.9620E-15  1.3000E-15  5.0239E-15  2.2000E-15  7.0000E-22  3.0000E-44  2.0317E-44  5.2000E+00  5.3000E+01  9.0810E+21  6.7201E+21  9.8149E+21
3.1391E-15  1.3000E-15  7.9991E-15  2.2000E-15  7.0000E-22  3.0000E-44  2.2500E-44  5.2000E+00  5.3000E+01  9.0089E+21  3.8643E+21  1.2743E+22
6.9847E-16  1.3000E-15  5.6325E-15  2.2000E-15  7.0000E-22  3.0000E-44  9.5668E-45  5.2000E+00  5.3000E+01  1.2460E+22  1.1717E+21  1.1984E+22
4.7008E-15  1.3000E-15  5.4532E-15  2.2000E-15  7.0000E-22  3.0000E-44  2.7921E-44  5.2000E+00  5.3000E+01  9.1543E+21  6.3546E+21  1.0107E+22
5.9285E-15  1.3000E-15  3.0701E-16  2.2000E-15  7.0000E-22  3.0000E-44  2.0524E-44  5.2000E+00  5.3000E+01  1.0267E+22  1.0829E+22  4.5201E+21
5.8421E-15  1.3000E-15  7.1007E-15  2.2000E-15  7.0000E-22  3.0000E-44  2.2024E-44  5.2000E+00  5.3000E+01  7.7764E+21  6.5676E+21  1.1272E+22
2.8280E-15  1.3000E-15  4.8519E-15  2.2000E-15  7.0000E-22  3.0000E-44  6.5105E-45  5.2000E+00  5.3000E+01  1.0776E+22  4.3805E+21  1.0459E+22
2.1904E-15  1.3000E-15  4.1256E-15  2.2000E-15  7.0000E-22  3.0000E-44  2.3870E-44  5.2000E+00  5.3000E+01  1.2302E+22  3.9604E+21  9.3532E+21
2.1484E-15  1.3000E-15  1.6939E-15  2.2000E-15  7.0000E-22  3.0000E-44  7.8390E-45  5.2000E+00  5.3000E+01  1.4487E+22  5.0845E+21  6.0448E+21
3.4801E-15  1.3000E-15  7.3149E-15  2.2000E-15  7.0000E-22  3.0000E-44  6.8785E-45  5.2000E+00  5.3000E+01  8.8580E+21  4.2480E+21  1.2510E+22
1.9129E-15  1.3000E-15  5.8977E-15  2.2000E-15  7.0000E-22  3.0000E-44  3.1894E-44  5.2000E+00  5.3000E+01  1.1417E+22  3.0518E+21  1.1147E+22
3.7076E-15  1.3000E-15  2.1638E-15  2.2000E-15  7.0000E-22  3.0000E-44  4.8139E-45  5.2000E+00  5.3000E+01  1.1693E+22  6.9717E+21  6.9517E+21
2.0437E-15  1.3000E-15  6.0121E-15  2.2000E-15  7.0000E-22  3.0000E-44  1.3141E-44  5.2000E+00  5.3000E+01  1.0830E+22  3.0554E+21  1.1730E+22
5.7320E-15  1.3000E-15  3.0310E-16  2.2000E-15  7.0000E-22  3.0000E-44  1.5219E-44  5.2000E+00  5.3000E+01  1.0456E+22  1.0661E+22  4.4997E+21
5.5006E-15  1.3000E-15  5.8131E-15  2.2000E-15  7.0000E-22  3.0000E-44  1.4200E-44  5.2000E+00  5.3000E+01  8.3514E+21  6.7530E+21  1.0512E+22
1.7787E-15  1.3000E-15  2.8445E-15  2.2000E-15  7.0000E-22  3.0000E-44  2.8821E-44  5.2000E+00  5.3000E+01  1.4150E+22  3.8815E+21  7.5840E+21
2.9776E-16  1.3000E-15  7.2835E-15  2.2000E-15  7.0000E-22  3.0000E-44  3.1215E-45  5.2000E+00  5.3000E+01  1.1167E+22  4.2707E+20  1.4022E+22
3.1533E-15  1.3000E-15  6.1067E-17  2.2000E-15  7.0000E-22  3.0000E-44  7.9124E-45  5.2000E+00  5.3000E+01  1.4146E+22  8.2240E+21  3.2461E+21
3.4835E-15  1.3000E-15  9.5308E-15  2.2000E-15  7.0000E-22  3.0000E-44  6.9937E-46  5.2000E+00  5.3000E+01  7.7871E+21  3.6089E+21  1.4220E+22
6.4956E-16  1.3000E-15  2.5090E-15  2.2000E-15  7.0000E-22  3.0000E-44  1.7901E-44  5.2000E+00  5.3000E+01  1.6668E+22  1.6572E+21  7.2932E+21
3.3547E-15  1.3000E-15  7.4797E-15  2.2000E-15  7.0000E-22  3.0000E-44  2.5280E-44  5.2000E+00  5.3000E+01  9.1533E+21  4.2548E+21  1.2208E+22
4.5786E-15  1.3000E-15  8.9880E-15  2.2000E-15  7.0000E-22  3.0000E-44  2.1383E-44  5.2000E+00  5.3000E+01  7.7695E+21  4.9026E+21  1.2944E+22
5.4473E-15  1.3000E-15  8.2000E-15  2.2000E-15  7.0000E-22  3.0000E-44  2.8549E-44  5.2000E+00  5.3000E+01  7.6821E+21  5.9282E+21  1.2006E+22
2.9116E-15  1.3000E-15  9.7334E-16  2.2000E-15  7.0000E-22  3.0000E-44  1.3746E-44  5.2000E+00  5.3000E+01  1.3842E+22  6.9486E+21  4.8252E+21
3.6204E-15  1.3000E-15  4.9798E-15  2.2000E-15  7.0000E-22  3.0000E-44  2.0066E-44  5.2000E+00  5.3000E+01  1.0164E+22  5.3883E+21  1.0064E+22
2.4792E-15  1.3000E-15  6.2819E-15  2.2000E-15  7.0000E-22  3.0000E-44  5.8469E-45  5.2000E+00  5.3000E+01  1.0122E+22  3.4584E+21  1.2035E+22
4.9121E-16  1.3000E-15  8.2058E-15  2.2000E-15  7.0000E-22  3.0000E-44  1.5036E-44  5.2000E+00  5.3000E+01  1.0690E+22  6.7383E+20  1.4252E+22
3.6430E-15  1.3000E-15  6.0162E-15  2.2000E-15  7.0000E-22  3.0000E-44  9.0058E-45  5.2000E+00  5.3000E+01  9.4338E+21  4.8774E+21  1.1305E+22
1.3217E-15  1.3000E-15  7.5741E-16  2.2000E-15  7.0000E-22  3.0000E-44  2.1610E-44  5.2000E+00  5.3000E+01  1.7730E+22  4.1646E+21  3.7213E+21
2.1845E-15  1.3000E-15  3.7340E-15  2.2000E-15  7.0000E-22  3.0000E-44  2.3532E-44  5.2000E+00  5.3000E+01  1.2631E+22  4.1111E+21  8.8738E+21
3.3034E-15  1.3000E-15  3.0127E-15  2.2000E-15  7.0000E-22  3.0000E-44  2.8135E-44  5.2000E+00  5.3000E+01  1.1792E+22  6.0834E+21  7.7401E+21
7.0871E-16  1.3000E-15  1.1435E-15  2.2000E-15  7.0000E-22  3.0000E-44  3.0529E-44  5.2000E+00  5.3000E+01  1.9029E+22  2.3217E+21  4.2651E+21
2.8634E-16  1.3000E-15  7.3038E-15  2.2000E-15  7.0000E-22  3.0000E-44  6.2383E-46  5.2000E+00  5.3000E+01  1.1071E+22  4.0627E+20  1.4139E+22
3.1248E-15  1.3000E-15  6.5112E-15  2.2000E-15  7.0000E-22  3.0000E-44  3.1935E-44  5.2000E+00  5.3000E+01  9.9110E+21  4.3693E+21  1.1336E+22
5.1749E-15  1.3000E-15  2.8180E-15  2.2000E-15  7.0000E-22  3.0000E-44  1.0200E-44  5.2000E+00  5.3000E+01  9.8417E+21  8.0939E+21  7.6816E+21
7.2457E-16  1.3000E-15  7.2865E-15  2.2000E-15  7.0000E-22  3.0000E-44  4.0176E-45  5.2000E+00  5.3000E+01  1.0826E+22  1.0190E+21  1.3771E+22
1.0508E-16  1.3000E-15  4.8661E-15  2.2000E-15  7.0000E-22  3.0000E-44  3.0272E-44  5.2000E+00  5.3000E+01  1.4762E+22  2.1324E+20  1.0641E+22
1.9236E-15  1.3000E-15  2.8468E-15  2.2000E-15  7.0000E-22  3.0000E-44  3.3113E-45  5.2000E+00  5.3000E+01  1.3554E+22  3.9629E+21  8.1000E+21
2.6840E-15  1.3000E-15  6.1385E-15  2.2000E-15  7.0000E-22  3.0000E-44  2.4055E-44  5.2000E+00  5.3000E+01  1.0372E+22  3.9088E+21  1.1335E+22
3.3767E-15  1.3000E-15  7.1529E-15  2.2000E-15  7.0000E-22  3.0000E-44  1.4084E-44  5.2000E+00  5.3000E+01  9.1207E+21  4.2664E+21  1.2229E+22
5.7427E-15  1.3000E-15  8.6261E-15  2.2000E-15  7.0000E-22  3.0000E-44  1.6541E-44  5.2000E+00  5.3000E+01  7.2862E+21  5.8795E+21  1.2450E+22
3.3382E-16  1.3000E-15  6.8128E-15  2.2000E-15  7.0000E-22  3.0000E-44  2.3856E-44  5.2000E+00  5.3000E+01  1.2230E+22  5.3642E+20  1.2850E+22
8.8300E-16  1.3000E-15  6.4613E-15  2.2000E-15  7.0000E-22  3.0000E-44  7.3276E-45  5.2000E+00  5.3000E+01  1.1446E+22  1.3404E+21  1.2829E+22
3.3181E-15  1.3000E-15  4.9619E-15  2.2000E-15  7.0000E-22  3.0000E-44  1.7870E-44  5.2000E+00  5.3000E+01  1.0416E+22  5.0322E+21  1.0167E+22
2.3944E-15  1.3000E-15  1.3882E-15  2.2000E-15  7.0000E-22  3.0000E-44  2.8566E-44  5.2000E+00  5.3000E+01  1.4486E+22  5.8447E+21  5.2863E+21
2.5757E-15  1.3000E-15  1.8967E-15  2.2000E-15  7.0000E-22  3.0000E-44  2.0676E-44  5.2000E+00  5.3000E+01  1.3637E+22  5.7214E+21  6.2582E+21
3.9151E-15  1.3000E-15  3.2324E-15  2.2000E-15  7.0000E-22  3.0000E-44  3.1025E-44  5.2000E+00  5.3000E+01  1.0981E+22  6.7148E+21  7.9196E+21
3.7721E-15  1.3000E-15  2.6733E-15  2.2000E-15  7.0000E-22  3.0000E-44  5.0414E-45  5.2000E+00  5.3000E+01  1.1272E+22  6.6865E+21  7.6583E+21
7.4365E-16  1.3000E-15  3.5852E-15  2.2000E-15  7.0000E-22  3.0000E-44  3.1410E-44  5.2000E+00  5.3000E+01  1.5225E+22  1.6586E+21  8.7324E+21
2.7835E-15  1.3000E-15  1.8344E-15  2.2000E-15  7.0000E-22  3.0000E-44  1.0886E-44  5.2000E+00  5.3000E+01  1.3281E+22  6.0233E+21  6.3120E+21
4.5601E-15  1.3000E-15  3.8778E-15  2.2000E-15  7.0000E-22  3.0000E-44  2.9797E-44  5.2000E+00  5.3000E+01  1.0006E+22  7.0224E+21  8.5874E+21
4.4942E-16  1.3000E-15  1.5840E-15  2.2000E-15  7.0000E-22  3.0000E-44  1.7722E-44  5.2000E+00  5.3000E+01  1.8870E+22  1.3892E+21  5.3569E+21
5.4560E-15  1.3000E-15  3.0503E-15  2.2000E-15  7.0000E-22  3.0000E-44  1.3866E-44  5.2000E+00  5.3000E+01  9.5215E+21  8.2232E+21  7.8730E+21
3.2337E-15  1.3000E-15  1.6845E-15  2.2000E-15  7.0000E-22  3.0000E-44  1.4922E-44  5.2000E+00  5.3000E+01  1.2748E+22  6.8058E+21  6.0628E+21
1.8469E-15  1.3000E-15  5.5076E-16  2.2000E-15  7.0000E-22  3.0000E-44  1.5897E-44  5.2000E+00  5.3000E+01  1.6555E+22  5.5029E+21  3.5584E+21
2.6876E-17  1.3000E-15  3.5079E-15  2.2000E-15  7.0000E-22  3.0000E-44  3.1953E-44  5.2000E+00  5.3000E+01  1.6825E+22  6.5386E+19  8.7255E+21
2.0698E-16  1.3000E-15  5.4415E-15  2.2000E-15  7.0000E-22  3.0000E-44  2.2578E-44  5.2000E+00  5.3000E+01  1.3700E+22  3.8236E+20  1.1534E+22
