1.7455E-15  1.3000E-15  7.2436E-15  3.8000E-15  7.0000E-22  3.0000E-44  3.2000E-45  5.2000E+00  5.3000E+01  1.0047E+22  1.9052E+21  1.3663E+22
3.3273E-15  1.3000E-15  2.0945E-15  1.6400E-14  7.0000E-22  3.0000E-44  3.2000E-45  5.2000E+00  5.3000E+01  1.3130E+22  2.0498E+21  1.0436E+22
3.8727E-15  1.3000E-15  8.7273E-15  2.1000E-14  7.0000E-22  3.0000E-44  3.2000E-45  5.2000E+00  5.3000E+01  8.1203E+21  1.1744E+21  1.6321E+22
2.9455E-15  1.3000E-15  7.4182E-15  7.8000E-15  7.0000E-22  3.0000E-44  3.2000E-45  5.2000E+00  5.3000E+01  9.1985E+21  2.0401E+21  1.4377E+22
1.4727E-15  1.3000E-15  6.6327E-15  2.0800E-14  7.0000E-22  3.0000E-44  3.2000E-45  5.2000E+00  5.3000E+01  1.0745E+22  5.9937E+20  1.4271E+22
4.3636E-15  1.3000E-15  4.0145E-15  1.1600E-14  7.0000E-22  3.0000E-44  3.2000E-45  5.2000E+00  5.3000E+01  1.0406E+22  2.7059E+21  1.2504E+22
5.8909E-15  1.3000E-15  8.6400E-15  7.2000E-15  7.0000E-22  3.0000E-44  3.2000E-45  5.2000E+00  5.3000E+01  7.2701E+21  3.3951E+21  1.4951E+22
4.2545E-15  1.3000E-15  7.7673E-15  1.9400E-14  7.0000E-22  3.0000E-44  3.2000E-45  5.2000E+00  5.3000E+01  8.3759E+21  1.4196E+21  1.5821E+22
5.7273E-15  1.3000E-15  2.2691E-15  1.5400E-14  7.0000E-22  3.0000E-44  3.2000E-45  5.2000E+00  5.3000E+01  1.0658E+22  2.9796E+21  1.1978E+22
2.1818E-15  1.3000E-15  7.8545E-15  1.8600E-14  7.0000E-22  3.0000E-44  3.2000E-45  5.2000E+00  5.3000E+01  9.4364E+21  8.4700E+20  1.5333E+22
5.2909E-15  1.3000E-15  6.2836E-15  1.2800E-14  7.0000E-22  3.0000E-44  3.2000E-45  5.2000E+00  5.3000E+01  8.5435E+21  2.4748E+21  1.4598E+22
5.4545E-15  1.3000E-15  1.4836E-15  5.6000E-15  7.0000E-22  3.0000E-44  3.2000E-45  5.2000E+00  5.3000E+01  1.0998E+22  6.0262E+21  8.5921E+21
4.6364E-15  1.3000E-15  5.5855E-15  8.8000E-15  7.0000E-22  3.0000E-44  3.2000E-45  5.2000E+00  5.3000E+01  9.2111E+21  3.0357E+21  1.3369E+22
1.9636E-15  1.3000E-15  6.4582E-15  2.2000E-15  7.0000E-22  3.0000E-44  3.2000E-45  5.2000E+00  5.3000E+01  1.0370E+22  2.7612E+21  1.2485E+22
2.7818E-15  1.3000E-15  8.3782E-15  5.4000E-15  7.0000E-22  3.0000E-44  3.2000E-45  5.2000E+00  5.3000E+01  8.7623E+21  2.2383E+21  1.4615E+22
9.8182E-16  1.3000E-15  4.5382E-15  1.0000E-14  7.0000E-22  3.0000E-44  3.2000E-45  5.2000E+00  5.3000E+01  1.3148E+22  8.4959E+20  1.1618E+22
4.4182E-15  1.3000E-15  6.5455E-15  9.6000E-15  7.0000E-22  3.0000E-44  3.2000E-45  5.2000E+00  5.3000E+01  8.8418E+21  2.6036E+21  1.4170E+22
4.0364E-15  1.3000E-15  1.2218E-15  1.4000E-14  7.0000E-22  3.0000E-44  3.2000E-45  5.2000E+00  5.3000E+01  1.3197E+22  2.8470E+21  9.5717E+21
1.3091E-15  1.3000E-15  3.3164E-15  7.4000E-15  7.0000E-22  3.0000E-44  3.2000E-45  5.2000E+00  5.3000E+01  1.4170E+22  1.5131E+21  9.9324E+21
3.1636E-15  1.3000E-15  5.2364E-15  3.2000E-15  7.0000E-22  3.0000E-44  3.2000E-45  5.2000E+00  5.3000E+01  1.0250E+22  3.9927E+21  1.1375E+22
9.2727E-16  1.3000E-15  6.9818E-15  1.9200E-14  7.0000E-22  3.0000E-44  3.2000E-45  5.2000E+00  5.3000E+01  1.0905E+22  4.0733E+20  1.4304E+22
3.6000E-15  1.3000E-15  5.3236E-15  9.0000E-15  7.0000E-22  3.0000E-44  3.2000E-45  5.2000E+00  5.3000E+01  1.0045E+22  2.5345E+21  1.3036E+22
2.7273E-15  1.3000E-15  4.6255E-15  1.6000E-14  7.0000E-22  3.0000E-44  3.2000E-45  5.2000E+00  5.3000E+01  1.1306E+22  1.4451E+21  1.2865E+22
1.9091E-15  1.3000E-15  1.7455E-15  1.2600E-14  7.0000E-22  3.0000E-44  3.2000E-45  5.2000E+00  5.3000E+01  1.5532E+22  1.7291E+21  8.3571E+21
7.6364E-16  1.3000E-15  7.0691E-15  4.8000E-15  7.0000E-22  3.0000E-44  3.2000E-45  5.2000E+00  5.3000E+01  1.0950E+22  8.0955E+20  1.3857E+22
4.3091E-15  1.3000E-15  3.8400E-15  1.4800E-14  7.0000E-22  3.0000E-44  3.2000E-45  5.2000E+00  5.3000E+01  1.0611E+22  2.2807E+21  1.2725E+22
4.5273E-15  1.3000E-15  8.9018E-15  8.4000E-15  7.0000E-22  3.0000E-44  3.2000E-45  5.2000E+00  5.3000E+01  7.7281E+21  2.5088E+21  1.5379E+22
1.2000E-15  1.3000E-15  4.2764E-15  1.1800E-14  7.0000E-22  3.0000E-44  3.2000E-45  5.2000E+00  5.3000E+01  1.3191E+22  9.3288E+20  1.1492E+22
1.5818E-15  1.3000E-15  1.1345E-15  2.4000E-15  7.0000E-22  3.0000E-44  3.2000E-45  5.2000E+00  5.3000E+01  1.6416E+22  4.2467E+21  4.9534E+21
3.7091E-15  1.3000E-15  4.1018E-15  2.0600E-14  7.0000E-22  3.0000E-44  3.2000E-45  5.2000E+00  5.3000E+01  1.0924E+22  1.5606E+21  1.3131E+22
3.0000E-15  1.3000E-15  5.7600E-15  8.2000E-15  7.0000E-22  3.0000E-44  3.2000E-45  5.2000E+00  5.3000E+01  1.0177E+22  2.2598E+21  1.3179E+22
4.9636E-15  1.3000E-15  2.7055E-15  1.5000E-14  7.0000E-22  3.0000E-44  3.2000E-45  5.2000E+00  5.3000E+01  1.0938E+22  2.7001E+21  1.1978E+22
4.7455E-15  1.3000E-15  1.0473E-15  2.1400E-14  7.0000E-22  3.0000E-44  3.2000E-45  5.2000E+00  5.3000E+01  1.2694E+22  2.2880E+21  1.0634E+22
4.0909E-15  1.3000E-15  2.6182E-15  1.8000E-14  7.0000E-22  3.0000E-44  3.2000E-45  5.2000E+00  5.3000E+01  1.1816E+22  2.0912E+21  1.1709E+22
5.0727E-15  1.3000E-15  1.3091E-15  1.5600E-14  7.0000E-22  3.0000E-44  3.2000E-45  5.2000E+00  5.3000E+01  1.2015E+22  2.9760E+21  1.0625E+22
5.7818E-15  1.3000E-15  7.6800E-15  1.2400E-14  7.0000E-22  3.0000E-44  3.2000E-45  5.2000E+00  5.3000E+01  7.7162E+21  2.4852E+21  1.5415E+22
5.2364E-15  1.3000E-15  9.3382E-15  1.2000E-14  7.0000E-22  3.0000E-44  3.2000E-45  5.2000E+00  5.3000E+01  7.3107E+21  2.1683E+21  1.6137E+22
3.4364E-15  1.3000E-15  9.2509E-15  5.0000E-15  7.0000E-22  3.0000E-44  3.2000E-45  5.2000E+00  5.3000E+01  8.0282E+21  2.6300E+21  1.4958E+22
5.6727E-15  1.3000E-15  9.4255E-15  6.0000E-15  7.0000E-22  3.0000E-44  3.2000E-45  5.2000E+00  5.3000E+01  7.0690E+21  3.5141E+21  1.5033E+22
1.3636E-15  1.3000E-15  8.1164E-15  4.2000E-15  7.0000E-22  3.0000E-44  3.2000E-45  5.2000E+00  5.3000E+01  9.7580E+21  1.3635E+21  1.4494E+22
1.1455E-15  1.3000E-15  1.3964E-15  1.0600E-14  7.0000E-22  3.0000E-44  3.2000E-45  5.2000E+00  5.3000E+01  1.7586E+22  1.3601E+21  6.6708E+21
2.3455E-15  1.3000E-15  4.7127E-15  9.8000E-15  7.0000E-22  3.0000E-44  3.2000E-45  5.2000E+00  5.3000E+01  1.1531E+22  1.8002E+21  1.2285E+22
3.3818E-15  1.3000E-15  4.1891E-15  2.1600E-14  7.0000E-22  3.0000E-44  3.2000E-45  5.2000E+00  5.3000E+01  1.1128E+22  1.3952E+21  1.3093E+22
5.8364E-15  1.3000E-15  4.8873E-15  1.3800E-14  7.0000E-22  3.0000E-44  3.2000E-45  5.2000E+00  5.3000E+01  8.9596E+21  2.7287E+21  1.3928E+22
5.1818E-15  1.3000E-15  5.4109E-15  1.4600E-14  7.0000E-22  3.0000E-44  3.2000E-45  5.2000E+00  5.3000E+01  9.0548E+21  2.3420E+21  1.4219E+22
5.3455E-15  1.3000E-15  3.5782E-15  6.8000E-15  7.0000E-22  3.0000E-44  3.2000E-45  5.2000E+00  5.3000E+01  9.8351E+21  4.5052E+21  1.1276E+22
4.1455E-15  1.3000E-15  2.4436E-15  1.3200E-14  7.0000E-22  3.0000E-44  3.2000E-45  5.2000E+00  5.3000E+01  1.1857E+22  2.7055E+21  1.1054E+22
2.0727E-15  1.3000E-15  8.8145E-15  9.4000E-15  7.0000E-22  3.0000E-44  3.2000E-45  5.2000E+00  5.3000E+01  8.9473E+21  1.2297E+21  1.5439E+22
2.1273E-15  1.3000E-15  2.8800E-15  1.8200E-14  7.0000E-22  3.0000E-44  3.2000E-45  5.2000E+00  5.3000E+01  1.3716E+22  1.2576E+21  1.0642E+22
5.5091E-15  1.3000E-15  2.7927E-15  2.0000E-14  7.0000E-22  3.0000E-44  3.2000E-45  5.2000E+00  5.3000E+01  1.0498E+22  2.2894E+21  1.2829E+22
2.8909E-15  1.3000E-15  6.3709E-15  1.0200E-14  7.0000E-22  3.0000E-44  3.2000E-45  5.2000E+00  5.3000E+01  9.8733E+21  1.8244E+21  1.3918E+22
5.4000E-15  1.3000E-15  3.4036E-15  2.1800E-14  7.0000E-22  3.0000E-44  3.2000E-45  5.2000E+00  5.3000E+01  1.0165E+22  2.0206E+21  1.3431E+22
5.6182E-15  1.3000E-15  7.3309E-15  2.6000E-15  7.0000E-22  3.0000E-44  3.2000E-45  5.2000E+00  5.3000E+01  7.6650E+21  5.7430E+21  1.2208E+22
3.2727E-15  1.3000E-15  2.3564E-15  4.0000E-15  7.0000E-22  3.0000E-44  3.2000E-45  5.2000E+00  5.3000E+01  1.2420E+22  4.8526E+21  8.3451E+21
1.8545E-15  1.3000E-15  5.8473E-15  2.0200E-14  7.0000E-22  3.0000E-44  3.2000E-45  5.2000E+00  5.3000E+01  1.1055E+22  7.9721E+20  1.3764E+22
2.4545E-15  1.3000E-15  3.6655E-15  7.6000E-15  7.0000E-22  3.0000E-44  3.2000E-45  5.2000E+00  5.3000E+01  1.2343E+22  2.4126E+21  1.0860E+22
1.6364E-15  1.3000E-15  6.8073E-15  2.1200E-14  7.0000E-22  3.0000E-44  3.2000E-45  5.2000E+00  5.3000E+01  1.0491E+22  6.3994E+20  1.4485E+22
1.2545E-15  1.3000E-15  6.1964E-15  4.6000E-15  7.0000E-22  3.0000E-44  3.2000E-45  5.2000E+00  5.3000E+01  1.1226E+22  1.4146E+21  1.2976E+22
1.0364E-15  1.3000E-15  6.8945E-15  7.0000E-15  7.0000E-22  3.0000E-44  3.2000E-45  5.2000E+00  5.3000E+01  1.0868E+22  8.9970E+20  1.3848E+22
1.4182E-15  1.3000E-15  3.4909E-15  8.0000E-15  7.0000E-22  3.0000E-44  3.2000E-45  5.2000E+00  5.3000E+01  1.3807E+22  1.5151E+21  1.0294E+22
6.0000E-16  1.3000E-15  2.5309E-15  8.6000E-15  7.0000E-22  3.0000E-44  3.2000E-45  5.2000E+00  5.3000E+01  1.6586E+22  7.5477E+20  8.2764E+21
2.6182E-15  1.3000E-15  5.0618E-15  9.2000E-15  7.0000E-22  3.0000E-44  3.2000E-45  5.2000E+00  5.3000E+01  1.0995E+22  1.9912E+21  1.2629E+22
7.0909E-16  1.3000E-15  4.4509E-15  1.4400E-14  7.0000E-22  3.0000E-44  3.2000E-45  5.2000E+00  5.3000E+01  1.3603E+22  4.9197E+20  1.1521E+22
4.6909E-15  1.3000E-15  9.1636E-15  1.0800E-14  7.0000E-22  3.0000E-44  3.2000E-45  5.2000E+00  5.3000E+01  7.5766E+21  2.1631E+21  1.5876E+22
3.6545E-15  1.3000E-15  8.2909E-15  1.3000E-14  7.0000E-22  3.0000E-44  3.2000E-45  5.2000E+00  5.3000E+01  8.4042E+21  1.6466E+21  1.5565E+22
2.2364E-15  1.3000E-15  6.0218E-15  1.1200E-14  7.0000E-22  3.0000E-44  3.2000E-45  5.2000E+00  5.3000E+01  1.0591E+22  1.4234E+21  1.3601E+22
4.4727E-15  1.3000E-15  7.9418E-15  6.6000E-15  7.0000E-22  3.0000E-44  3.2000E-45  5.2000E+00  5.3000E+01  8.1238E+21  3.0285E+21  1.4464E+22
4.8545E-15  1.3000E-15  3.7527E-15  1.6200E-14  7.0000E-22  3.0000E-44  3.2000E-45  5.2000E+00  5.3000E+01  1.0278E+22  2.3224E+21  1.3016E+22
5.0182E-15  1.3000E-15  9.5127E-15  1.3600E-14  7.0000E-22  3.0000E-44  3.2000E-45  5.2000E+00  5.3000E+01  7.3346E+21  1.9065E+21  1.6375E+22
2.6727E-15  1.3000E-15  1.5709E-15  1.4200E-14  7.0000E-22  3.0000E-44  3.2000E-45  5.2000E+00  5.3000E+01  1.4600E+22  2.0709E+21  8.9447E+21
1.8000E-15  1.3000E-15  1.9200E-15  1.7200E-14  7.0000E-22  3.0000E-44  3.2000E-45  5.2000E+00  5.3000E+01  1.5507E+22  1.2764E+21  8.8329E+21
3.7636E-15  1.3000E-15  8.0291E-15  5.8000E-15  7.0000E-22  3.0000E-44  3.2000E-45  5.2000E+00  5.3000E+01  8.4186E+21  2.8274E+21  1.4370E+22
2.4000E-15  1.3000E-15  1.6582E-15  3.6000E-15  7.0000E-22  3.0000E-44  3.2000E-45  5.2000E+00  5.3000E+01  1.4326E+22  4.4606E+21  6.8303E+21
2.5636E-15  1.3000E-15  3.1418E-15  1.7800E-14  7.0000E-22  3.0000E-44  3.2000E-45  5.2000E+00  5.3000E+01  1.2886E+22  1.4428E+21  1.1287E+22
4.9091E-15  1.3000E-15  5.1491E-15  1.6800E-14  7.0000E-22  3.0000E-44  3.2000E-45  5.2000E+00  5.3000E+01  9.3714E+21  2.0672E+21  1.4177E+22
3.2182E-15  1.3000E-15  5.4982E-15  1.3400E-14  7.0000E-22  3.0000E-44  3.2000E-45  5.2000E+00  5.3000E+01  1.0242E+22  1.7521E+21  1.3621E+22
3.0545E-15  1.3000E-15  8.4655E-15  2.0400E-14  7.0000E-22  3.0000E-44  3.2000E-45  5.2000E+00  5.3000E+01  8.6283E+21  1.0074E+21  1.5980E+22
4.8000E-15  1.3000E-15  8.2036E-15  4.4000E-15  7.0000E-22  3.0000E-44  3.2000E-45  5.2000E+00  5.3000E+01  7.8165E+21  3.8850E+21  1.3915E+22
1.5273E-15  1.3000E-15  9.6000E-16  1.8800E-14  7.0000E-22  3.0000E-44  3.2000E-45  5.2000E+00  5.3000E+01  1.7740E+22  1.1767E+21  6.7002E+21
3.4909E-15  1.3000E-15  2.1818E-15  1.5200E-14  7.0000E-22  3.0000E-44  3.2000E-45  5.2000E+00  5.3000E+01  1.2830E+22  2.2260E+21  1.0560E+22
8.7273E-16  1.3000E-15  4.9745E-15  1.5800E-14  7.0000E-22  3.0000E-44  3.2000E-45  5.2000E+00  5.3000E+01  1.2809E+22  5.2917E+20  1.2278E+22
3.1091E-15  1.3000E-15  7.5927E-15  2.8000E-15  7.0000E-22  3.0000E-44  3.2000E-45  5.2000E+00  5.3000E+01  8.9147E+21  3.4580E+21  1.3241E+22
2.2909E-15  1.3000E-15  3.9273E-15  1.9600E-14  7.0000E-22  3.0000E-44  3.2000E-45  5.2000E+00  5.3000E+01  1.2375E+22  1.1410E+21  1.2100E+22
1.0909E-15  1.3000E-15  8.9891E-15  1.1000E-14  7.0000E-22  3.0000E-44  3.2000E-45  5.2000E+00  5.3000E+01  9.4162E+21  6.1291E+20  1.5587E+22
2.8364E-15  1.3000E-15  7.1564E-15  1.7600E-14  7.0000E-22  3.0000E-44  3.2000E-45  5.2000E+00  5.3000E+01  9.4525E+21  1.1537E+21  1.5010E+22
5.5636E-15  1.3000E-15  5.9345E-15  5.2000E-15  7.0000E-22  3.0000E-44  3.2000E-45  5.2000E+00  5.3000E+01  8.4151E+21  4.5695E+21  1.2631E+22
4.2000E-15  1.3000E-15  9.0764E-15  6.2000E-15  7.0000E-22  3.0000E-44  3.2000E-45  5.2000E+00  5.3000E+01  7.7751E+21  2.7952E+21  1.5046E+22
5.9455E-15  1.3000E-15  6.7200E-15  6.4000E-15  7.0000E-22  3.0000E-44  3.2000E-45  5.2000E+00  5.3000E+01  7.9415E+21  4.0684E+21  1.3606E+22
1.6909E-15  1.3000E-15  6.1091E-15  1.8400E-14  7.0000E-22  3.0000E-44  3.2000E-45  5.2000E+00  5.3000E+01  1.0977E+22  7.7557E+20  1.3863E+22
5.1273E-15  1.3000E-15  4.3636E-15  1.7400E-14  7.0000E-22  3.0000E-44  3.2000E-45  5.2000E+00  5.3000E+01  9.7057E+21  2.1838E+21  1.3727E+22
2.5091E-15  1.3000E-15  8.5527E-15  1.0400E-14  7.0000E-22  3.0000E-44  3.2000E-45  5.2000E+00  5.3000E+01  8.8503E+21  1.3828E+21  1.5383E+22
3.9818E-15  1.3000E-15  2.0073E-15  1.2200E-14  7.0000E-22  3.0000E-44  3.2000E-45  5.2000E+00  5.3000E+01  1.2408E+22  2.9007E+21  1.0307E+22
3.8182E-15  1.3000E-15  3.2291E-15  1.1400E-14  7.0000E-22  3.0000E-44  3.2000E-45  5.2000E+00  5.3000E+01  1.1454E+22  2.6602E+21  1.1502E+22
2.0182E-15  1.3000E-15  5.6727E-15  1.6600E-14  7.0000E-22  3.0000E-44  3.2000E-45  5.2000E+00  5.3000E+01  1.1053E+22  1.0108E+21  1.3552E+22
6.5455E-16  1.3000E-15  9.6000E-15  3.0000E-15  7.0000E-22  3.0000E-44  3.2000E-45  5.2000E+00  5.3000E+01  9.3124E+21  6.9636E+20  1.5607E+22
6.0000E-15  1.3000E-15  7.5055E-15  2.2000E-14  7.0000E-22  3.0000E-44  3.2000E-45  5.2000E+00  5.3000E+01  7.7289E+21  1.6732E+21  1.6214E+22
3.9273E-15  1.3000E-15  1.8327E-15  1.7000E-14  7.0000E-22  3.0000E-44  3.2000E-45  5.2000E+00  5.3000E+01  1.2730E+22  2.2803E+21  1.0606E+22
3.5455E-15  1.3000E-15  2.9673E-15  1.9800E-14  7.0000E-22  3.0000E-44  3.2000E-45  5.2000E+00  5.3000E+01  1.2037E+22  1.7092E+21  1.1870E+22
8.1818E-16  1.3000E-15  4.8000E-15  1.9000E-14  7.0000E-22  3.0000E-44  3.2000E-45  5.2000E+00  5.3000E+01  1.3068E+22  4.3991E+20  1.2108E+22
4.5818E-15  1.3000E-15  3.0545E-15  3.4000E-15  7.0000E-22  3.0000E-44  3.2000E-45  5.2000E+00  5.3000E+01  1.0450E+22  6.1193E+21  9.0487E+21
