6.0000E-16  1.2651E-14  9.6000E-16  8.3558E-15  7.0000E-22  3.0000E-44  3.2000E-45  5.2000E+00  5.3000E+01  2.0869E+22  5.3622E+20  4.2107E+21
6.0000E-16  7.4405E-15  9.6000E-16  8.0335E-15  7.0000E-22  3.0000E-44  3.2000E-45  5.2000E+00  5.3000E+01  2.0578E+22  6.9171E+20  4.3467E+21
6.0000E-16  3.2799E-16  9.6000E-16  1.0159E-14  7.0000E-22  3.0000E-44  3.2000E-45  5.2000E+00  5.3000E+01  1.9835E+22  9.1638E+20  4.8647E+21
6.0000E-16  5.6548E-16  9.6000E-16  2.3409E-15  7.0000E-22  3.0000E-44  3.2000E-45  5.2000E+00  5.3000E+01  1.9293E+22  2.2379E+21  4.0854E+21
6.0000E-16  7.3418E-15  9.6000E-16  1.6688E-14  7.0000E-22  3.0000E-44  3.2000E-45  5.2000E+00  5.3000E+01  2.0457E+22  4.6315E+20  4.6961E+21
6.0000E-16  1.2835E-14  9.6000E-16  2.0358E-14  7.0000E-22  3.0000E-44  3.2000E-45  5.2000E+00  5.3000E+01  2.0652E+22  3.4760E+20  4.6166E+21
6.0000E-16  6.5301E-15  9.6000E-16  1.5669E-14  7.0000E-22  3.0000E-44  3.2000E-45  5.2000E+00  5.3000E+01  2.0420E+22  4.9663E+20  4.6992E+21
6.0000E-16  8.8218E-15  9.6000E-16  5.0609E-15  7.0000E-22  3.0000E-44  3.2000E-45  5.2000E+00  5.3000E+01  2.0754E+22  7.6917E+20  4.0923E+21
6.0000E-16  7.8716E-15  9.6000E-16  6.0991E-15  7.0000E-22  3.0000E-44  3.2000E-45  5.2000E+00  5.3000E+01  2.0654E+22  7.5995E+20  4.2023E+21
6.0000E-16  3.2691E-15  9.6000E-16  2.1167E-14  7.0000E-22  3.0000E-44  3.2000E-45  5.2000E+00  5.3000E+01  2.0208E+22  4.4948E+20  4.9589E+21
6.0000E-16  1.1701E-15  9.6000E-16  1.9679E-14  7.0000E-22  3.0000E-44  3.2000E-45  5.2000E+00  5.3000E+01  2.0063E+22  5.1431E+20  5.0387E+21
6.0000E-16  5.4513E-15  9.6000E-16  1.1711E-15  7.0000E-22  3.0000E-44  3.2000E-45  5.2000E+00  5.3000E+01  2.0542E+22  1.3999E+21  3.6742E+21
6.0000E-16  6.6712E-15  9.6000E-16  2.1871E-14  7.0000E-22  3.0000E-44  3.2000E-45  5.2000E+00  5.3000E+01  2.0387E+22  3.9393E+20  4.8353E+21
6.0000E-16  2.4909E-15  9.6000E-16  2.1128E-14  7.0000E-22  3.0000E-44  3.2000E-45  5.2000E+00  5.3000E+01  2.0160E+22  4.6227E+20  4.9941E+21
6.0000E-16  4.2513E-15  9.6000E-16  2.1656E-14  7.0000E-22  3.0000E-44  3.2000E-45  5.2000E+00  5.3000E+01  2.0264E+22  4.2754E+20  4.9246E+21
6.0000E-16  1.0587E-14  9.6000E-16  8.0479E-15  7.0000E-22  3.0000E-44  3.2000E-45  5.2000E+00  5.3000E+01  2.0775E+22  5.9395E+20  4.2466E+21
6.0000E-16  1.1575E-14  9.6000E-16  4.6602E-15  7.0000E-22  3.0000E-44  3.2000E-45  5.2000E+00  5.3000E+01  2.0940E+22  6.7840E+20  3.9978E+21
6.0000E-16  9.3994E-15  9.6000E-16  1.0610E-16  7.0000E-22  3.0000E-44  3.2000E-45  5.2000E+00  5.3000E+01  2.1038E+22  1.0837E+21  3.4947E+21
6.0000E-16  1.0550E-15  9.6000E-16  1.0402E-14  7.0000E-22  3.0000E-44  3.2000E-45  5.2000E+00  5.3000E+01  1.9942E+22  8.5791E+20  4.8163E+21
6.0000E-16  7.6782E-15  9.6000E-16  9.1249E-15  7.0000E-22  3.0000E-44  3.2000E-45  5.2000E+00  5.3000E+01  2.0574E+22  6.4316E+20  4.3991E+21
6.0000E-16  1.1586E-14  9.6000E-16  2.1760E-14  7.0000E-22  3.0000E-44  3.2000E-45  5.2000E+00  5.3000E+01  2.0591E+22  3.4494E+20  4.6798E+21
6.0000E-16  9.8787E-15  9.6000E-16  1.9347E-14  7.0000E-22  3.0000E-44  3.2000E-45  5.2000E+00  5.3000E+01  2.0550E+22  3.8903E+20  4.6767E+21
6.0000E-16  5.3117E-15  9.6000E-16  1.3230E-14  7.0000E-22  3.0000E-44  3.2000E-45  5.2000E+00  5.3000E+01  2.0360E+22  5.8159E+20  4.6747E+21
6.0000E-16  9.1803E-15  9.6000E-16  7.4246E-15  7.0000E-22  3.0000E-44  3.2000E-45  5.2000E+00  5.3000E+01  2.0710E+22  6.5550E+20  4.2507E+21
6.0000E-16  2.5932E-15  9.6000E-16  2.4256E-15  7.0000E-22  3.0000E-44  3.2000E-45  5.2000E+00  5.3000E+01  1.9982E+22  1.6480E+21  3.9855E+21
6.0000E-16  9.6253E-15  9.6000E-16  1.8565E-14  7.0000E-22  3.0000E-44  3.2000E-45  5.2000E+00  5.3000E+01  2.0548E+22  4.0216E+20  4.6661E+21
6.0000E-16  1.2326E-14  9.6000E-16  6.8240E-15  7.0000E-22  3.0000E-44  3.2000E-45  5.2000E+00  5.3000E+01  2.0900E+22  5.8402E+20  4.1316E+21
6.0000E-16  1.1648E-14  9.6000E-16  1.5341E-14  7.0000E-22  3.0000E-44  3.2000E-45  5.2000E+00  5.3000E+01  2.0677E+22  4.2174E+20  4.5177E+21
6.0000E-16  7.9601E-15  9.6000E-16  1.8849E-15  7.0000E-22  3.0000E-44  3.2000E-45  5.2000E+00  5.3000E+01  2.0810E+22  1.0352E+21  3.7708E+21
6.0000E-16  6.5638E-15  9.6000E-16  1.2265E-14  7.0000E-22  3.0000E-44  3.2000E-45  5.2000E+00  5.3000E+01  2.0454E+22  5.7702E+20  4.5850E+21
6.0000E-16  2.9411E-15  9.6000E-16  2.1865E-15  7.0000E-22  3.0000E-44  3.2000E-45  5.2000E+00  5.3000E+01  2.0058E+22  1.6332E+21  3.9250E+21
6.0000E-16  1.0385E-14  9.6000E-16  1.6518E-14  7.0000E-22  3.0000E-44  3.2000E-45  5.2000E+00  5.3000E+01  2.0606E+22  4.2126E+20  4.5892E+21
6.0000E-16  1.1199E-14  9.6000E-16  6.5265E-16  7.0000E-22  3.0000E-44  3.2000E-45  5.2000E+00  5.3000E+01  2.1123E+22  9.0379E+20  3.5894E+21
6.0000E-16  9.4691E-15  9.6000E-16  1.7609E-14  7.0000E-22  3.0000E-44  3.2000E-45  5.2000E+00  5.3000E+01  2.0551E+22  4.1745E+20  4.6471E+21
6.0000E-16  2.6356E-15  9.6000E-16  9.3145E-15  7.0000E-22  3.0000E-44  3.2000E-45  5.2000E+00  5.3000E+01  2.0122E+22  8.3840E+20  4.6560E+21
6.0000E-16  5.9492E-15  9.6000E-16  1.0743E-14  7.0000E-22  3.0000E-44  3.2000E-45  5.2000E+00  5.3000E+01  2.0427E+22  6.4099E+20  4.5482E+21
6.0000E-16  1.1328E-14  9.6000E-16  1.8325E-14  7.0000E-22  3.0000E-44  3.2000E-45  5.2000E+00  5.3000E+01  2.0621E+22  3.8539E+20  4.6094E+21
6.0000E-16  9.7024E-15  9.6000E-16  7.8349E-15  7.0000E-22  3.0000E-44  3.2000E-45  5.2000E+00  5.3000E+01  2.0731E+22  6.2531E+20  4.2597E+21
6.0000E-16  5.7708E-15  9.6000E-16  2.0566E-14  7.0000E-22  3.0000E-44  3.2000E-45  5.2000E+00  5.3000E+01  2.0349E+22  4.2324E+20  4.8442E+21
6.0000E-16  1.8054E-15  9.6000E-16  4.2917E-15  7.0000E-22  3.0000E-44  3.2000E-45  5.2000E+00  5.3000E+01  1.9883E+22  1.4126E+21  4.3208E+21
6.0000E-16  5.1497E-15  9.6000E-16  1.0204E-14  7.0000E-22  3.0000E-44  3.2000E-45  5.2000E+00  5.3000E+01  2.0369E+22  6.8720E+20  4.5603E+21
6.0000E-16  1.0134E-14  9.6000E-16  9.7015E-15  7.0000E-22  3.0000E-44  3.2000E-45  5.2000E+00  5.3000E+01  2.0711E+22  5.5939E+20  4.3460E+21
6.0000E-16  1.0708E-14  9.6000E-16  1.7468E-14  7.0000E-22  3.0000E-44  3.2000E-45  5.2000E+00  5.3000E+01  2.0607E+22  4.0371E+20  4.6053E+21
6.0000E-16  9.8874E-16  9.6000E-16  1.6900E-14  7.0000E-22  3.0000E-44  3.2000E-45  5.2000E+00  5.3000E+01  2.0026E+22  5.8804E+20  5.0018E+21
6.0000E-16  8.2597E-15  9.6000E-16  7.3167E-15  7.0000E-22  3.0000E-44  3.2000E-45  5.2000E+00  5.3000E+01  2.0652E+22  6.9097E+20  4.2734E+21
6.0000E-16  8.1774E-15  9.6000E-16  4.0481E-15  7.0000E-22  3.0000E-44  3.2000E-45  5.2000E+00  5.3000E+01  2.0740E+22  8.5756E+20  4.0183E+21
6.0000E-16  2.7540E-15  9.6000E-16  1.4846E-14  7.0000E-22  3.0000E-44  3.2000E-45  5.2000E+00  5.3000E+01  2.0162E+22  6.0163E+20  4.8528E+21
6.0000E-16  5.3823E-15  9.6000E-16  2.0418E-14  7.0000E-22  3.0000E-44  3.2000E-45  5.2000E+00  5.3000E+01  2.0329E+22  4.3079E+20  4.8565E+21
6.0000E-16  3.8868E-15  9.6000E-16  1.9142E-14  7.0000E-22  3.0000E-44  3.2000E-45  5.2000E+00  5.3000E+01  2.0246E+22  4.7543E+20  4.8949E+21
6.0000E-16  2.8209E-15  9.6000E-16  5.5142E-15  7.0000E-22  3.0000E-44  3.2000E-45  5.2000E+00  5.3000E+01  2.0107E+22  1.1267E+21  4.3825E+21
6.0000E-16  2.2610E-15  9.6000E-16  1.7748E-14  7.0000E-22  3.0000E-44  3.2000E-45  5.2000E+00  5.3000E+01  2.0134E+22  5.3590E+20  4.9466E+21
6.0000E-16  6.4871E-15  9.6000E-16  8.4963E-16  7.0000E-22  3.0000E-44  3.2000E-45  5.2000E+00  5.3000E+01  2.0700E+22  1.3068E+21  3.6096E+21
6.0000E-16  1.0803E-14  9.6000E-16  1.8130E-14  7.0000E-22  3.0000E-44  3.2000E-45  5.2000E+00  5.3000E+01  2.0603E+22  3.9384E+20  4.6196E+21
6.0000E-16  7.5472E-15  9.6000E-16  1.1520E-14  7.0000E-22  3.0000E-44  3.2000E-45  5.2000E+00  5.3000E+01  2.0527E+22  5.7312E+20  4.5161E+21
6.0000E-16  6.1562E-15  9.6000E-16  1.4214E-14  7.0000E-22  3.0000E-44  3.2000E-45  5.2000E+00  5.3000E+01  2.0409E+22  5.3631E+20  4.6705E+21
6.0000E-16  1.2736E-14  9.6000E-16  1.8752E-14  7.0000E-22  3.0000E-44  3.2000E-45  5.2000E+00  5.3000E+01  2.0669E+22  3.6547E+20  4.5815E+21
6.0000E-16  9.9667E-15  9.6000E-16  1.1455E-14  7.0000E-22  3.0000E-44  3.2000E-45  5.2000E+00  5.3000E+01  2.0666E+22  5.2048E+20  4.4297E+21
6.0000E-16  1.3579E-15  9.6000E-16  5.1396E-15  7.0000E-22  3.0000E-44  3.2000E-45  5.2000E+00  5.3000E+01  1.9825E+22  1.3394E+21  4.4513E+21
6.0000E-16  1.1513E-15  9.6000E-16  1.4825E-14  7.0000E-22  3.0000E-44  3.2000E-45  5.2000E+00  5.3000E+01  2.0020E+22  6.4909E+20  4.9473E+21
6.0000E-16  1.1061E-14  9.6000E-16  5.9436E-15  7.0000E-22  3.0000E-44  3.2000E-45  5.2000E+00  5.3000E+01  2.0865E+22  6.4805E+20  4.1031E+21
6.0000E-16  9.1501E-15  9.6000E-16  1.3780E-14  7.0000E-22  3.0000E-44  3.2000E-45  5.2000E+00  5.3000E+01  2.0585E+22  4.8699E+20  4.5439E+21
6.0000E-16  3.5877E-15  9.6000E-16  9.0034E-15  7.0000E-22  3.0000E-44  3.2000E-45  5.2000E+00  5.3000E+01  2.0226E+22  8.0781E+20  4.5818E+21
6.0000E-16  2.0077E-15  9.6000E-16  1.2736E-14  7.0000E-22  3.0000E-44  3.2000E-45  5.2000E+00  5.3000E+01  2.0082E+22  6.9880E+20  4.8348E+21
6.0000E-16  3.1082E-15  9.6000E-16  1.8319E-14  7.0000E-22  3.0000E-44  3.2000E-45  5.2000E+00  5.3000E+01  2.0195E+22  5.0587E+20  4.9151E+21
6.0000E-16  3.8610E-15  9.6000E-16  1.1092E-14  7.0000E-22  3.0000E-44  3.2000E-45  5.2000E+00  5.3000E+01  2.0253E+22  6.9798E+20  4.6656E+21
6.0000E-16  5.2680E-15  9.6000E-16  1.0548E-14  7.0000E-22  3.0000E-44  3.2000E-45  5.2000E+00  5.3000E+01  2.0376E+22  6.6991E+20  4.5706E+21
6.0000E-16  1.0084E-14  9.6000E-16  1.2487E-14  7.0000E-22  3.0000E-44  3.2000E-45  5.2000E+00  5.3000E+01  2.0653E+22  4.9601E+20  4.4670E+21
6.0000E-16  8.9754E-15  9.6000E-16  1.0694E-14  7.0000E-22  3.0000E-44  3.2000E-45  5.2000E+00  5.3000E+01  2.0626E+22  5.6075E+20  4.4292E+21
6.0000E-16  9.4606E-15  9.6000E-16  3.2539E-15  7.0000E-22  3.0000E-44  3.2000E-45  5.2000E+00  5.3000E+01  2.0868E+22  8.3627E+20  3.9113E+21
6.0000E-16  2.8837E-15  9.6000E-16  2.2713E-15  7.0000E-22  3.0000E-44  3.2000E-45  5.2000E+00  5.3000E+01  2.0047E+22  1.6252E+21  3.9438E+21
6.0000E-16  1.2772E-14  9.6000E-16  9.8369E-15  7.0000E-22  3.0000E-44  3.2000E-45  5.2000E+00  5.3000E+01  2.0835E+22  5.0059E+20  4.2806E+21
6.0000E-16  4.8446E-15  9.6000E-16  1.3882E-14  7.0000E-22  3.0000E-44  3.2000E-45  5.2000E+00  5.3000E+01  2.0323E+22  5.7517E+20  4.7180E+21
6.0000E-16  3.4582E-15  9.6000E-16  9.1108E-16  7.0000E-22  3.0000E-44  3.2000E-45  5.2000E+00  5.3000E+01  2.0146E+22  1.8523E+21  3.6182E+21
6.0000E-16  2.5968E-15  9.6000E-16  1.3392E-15  7.0000E-22  3.0000E-44  3.2000E-45  5.2000E+00  5.3000E+01  1.9923E+22  1.9527E+21  3.7403E+21
6.0000E-16  1.0367E-14  9.6000E-16  6.4639E-15  7.0000E-22  3.0000E-44  3.2000E-45  5.2000E+00  5.3000E+01  2.0809E+22  6.5171E+20  4.1555E+21
6.0000E-16  7.8225E-15  9.6000E-16  4.5241E-15  7.0000E-22  3.0000E-44  3.2000E-45  5.2000E+00  5.3000E+01  2.0695E+22  8.4778E+20  4.0730E+21
6.0000E-16  2.4158E-15  9.6000E-16  2.4044E-15  7.0000E-22  3.0000E-44  3.2000E-45  5.2000E+00  5.3000E+01  1.9936E+22  1.6904E+21  3.9894E+21
6.0000E-16  4.3215E-15  9.6000E-16  4.6486E-15  7.0000E-22  3.0000E-44  3.2000E-45  5.2000E+00  5.3000E+01  2.0323E+22  1.0791E+21  4.2138E+21
6.0000E-16  4.0598E-15  9.6000E-16  1.0643E-14  7.0000E-22  3.0000E-44  3.2000E-45  5.2000E+00  5.3000E+01  2.0271E+22  7.0914E+20  4.6356E+21
6.0000E-16  4.8284E-15  9.6000E-16  1.5290E-14  7.0000E-22  3.0000E-44  3.2000E-45  5.2000E+00  5.3000E+01  2.0316E+22  5.3926E+20  4.7611E+21
6.0000E-16  4.1307E-15  9.6000E-16  1.9554E-14  7.0000E-22  3.0000E-44  3.2000E-45  5.2000E+00  5.3000E+01  2.0260E+22  4.6387E+20  4.8921E+21
6.0000E-16  5.1220E-15  9.6000E-16  5.7516E-15  7.0000E-22  3.0000E-44  3.2000E-45  5.2000E+00  5.3000E+01  2.0410E+22  9.2595E+20  4.2804E+21
6.0000E-16  3.9446E-15  9.6000E-16  1.1877E-14  7.0000E-22  3.0000E-44  3.2000E-45  5.2000E+00  5.3000E+01  2.0259E+22  6.6473E+20  4.6925E+21
6.0000E-16  9.5247E-15  9.6000E-16  1.7420E-14  7.0000E-22  3.0000E-44  3.2000E-45  5.2000E+00  5.3000E+01  2.0556E+22  4.1946E+20  4.6404E+21
6.0000E-16  3.9626E-15  9.6000E-16  4.3340E-16  7.0000E-22  3.0000E-44  3.2000E-45  5.2000E+00  5.3000E+01  2.0263E+22  1.8653E+21  3.4873E+21
6.0000E-16  1.0145E-14  9.6000E-16  1.2325E-14  7.0000E-22  3.0000E-44  3.2000E-45  5.2000E+00  5.3000E+01  2.0659E+22  4.9821E+20  4.4589E+21
6.0000E-16  6.8056E-15  9.6000E-16  9.0098E-15  7.0000E-22  3.0000E-44  3.2000E-45  5.2000E+00  5.3000E+01  2.0513E+22  6.7583E+20  4.4268E+21
6.0000E-16  2.6271E-15  9.6000E-16  9.2944E-16  7.0000E-22  3.0000E-44  3.2000E-45  5.2000E+00  5.3000E+01  1.9902E+22  2.0918E+21  3.6224E+21
6.0000E-16  8.2242E-15  9.6000E-16  2.0218E-15  7.0000E-22  3.0000E-44  3.2000E-45  5.2000E+00  5.3000E+01  2.0827E+22  1.0024E+21  3.7864E+21
6.0000E-16  4.6554E-15  9.6000E-16  8.4536E-15  7.0000E-22  3.0000E-44  3.2000E-45  5.2000E+00  5.3000E+01  2.0337E+22  7.8626E+20  4.4931E+21
6.0000E-16  1.1181E-14  9.6000E-16  1.5932E-16  7.0000E-22  3.0000E-44  3.2000E-45  5.2000E+00  5.3000E+01  2.1155E+22  9.4080E+20  3.5197E+21
6.0000E-16  1.2609E-14  9.6000E-16  7.4870E-15  7.0000E-22  3.0000E-44  3.2000E-45  5.2000E+00  5.3000E+01  2.0893E+22  5.5894E+20  4.1643E+21
6.0000E-16  5.3701E-15  9.6000E-16  9.7914E-15  7.0000E-22  3.0000E-44  3.2000E-45  5.2000E+00  5.3000E+01  2.0390E+22  6.9577E+20  4.5299E+21
6.0000E-16  7.4607E-16  9.6000E-16  6.5254E-15  7.0000E-22  3.0000E-44  3.2000E-45  5.2000E+00  5.3000E+01  1.9766E+22  1.2223E+21  4.6273E+21
6.0000E-16  7.4232E-15  9.6000E-16  9.6975E-15  7.0000E-22  3.0000E-44  3.2000E-45  5.2000E+00  5.3000E+01  2.0546E+22  6.3151E+20  4.4381E+21
6.0000E-16  8.0776E-15  9.6000E-16  2.1665E-14  7.0000E-22  3.0000E-44  3.2000E-45  5.2000E+00  5.3000E+01  2.0452E+22  3.8064E+20  4.7832E+21
6.0000E-16  5.0928E-17  9.6000E-16  1.5085E-14  7.0000E-22  3.0000E-44  3.2000E-45  5.2000E+00  5.3000E+01  1.9914E+22  6.7564E+20  5.0269E+21
6.0000E-16  1.1007E-14  9.6000E-16  9.8804E-15  7.0000E-22  3.0000E-44  3.2000E-45  5.2000E+00  5.3000E+01  2.0752E+22  5.3524E+20  4.3291E+21
6.0000E-16  3.0066E-15  9.6000E-16  1.5195E-14  7.0000E-22  3.0000E-44  3.2000E-45  5.2000E+00  5.3000E+01  2.0183E+22  5.8478E+20  4.8484E+21
6.0000E-16  6.8412E-15  9.6000E-16  2.0922E-14  7.0000E-22  3.0000E-44  3.2000E-45  5.2000E+00  5.3000E+01  2.0400E+22  4.0442E+20  4.8113E+21
