6.0000E-16  1.1254E-14  9.6000E-16  2.2000E-15  5.0418E-21  3.0000E-44  3.2000E-45  5.2000E+00  5.3000E+01  2.1204E+22  6.6215E+20  3.7502E+21
6.0000E-16  1.3612E-15  9.6000E-16  2.2000E-15  3.9140E-21  3.0000E-44  3.2000E-45  5.2000E+00  5.3000E+01  2.0295E+22  1.4297E+21  3.8909E+21
6.0000E-16  5.2917E-15  9.6000E-16  2.2000E-15  2.7193E-21  3.0000E-44  3.2000E-45  5.2000E+00  5.3000E+01  2.0698E+22  1.0892E+21  3.8285E+21
6.0000E-16  1.1450E-14  9.6000E-16  2.2000E-15  4.5933E-21  3.0000E-44  3.2000E-45  5.2000E+00  5.3000E+01  2.1197E+22  6.6780E+20  3.7513E+21
6.0000E-16  5.9423E-15  9.6000E-16  2.2000E-15  3.9659E-21  3.0000E-44  3.2000E-45  5.2000E+00  5.3000E+01  2.0854E+22  9.5734E+20  3.8043E+21
6.0000E-16  3.1719E-15  9.6000E-16  2.2000E-15  3.0521E-21  3.0000E-44  3.2000E-45  5.2000E+00  5.3000E+01  2.0470E+22  1.2818E+21  3.8638E+21
6.0000E-16  5.6695E-15  9.6000E-16  2.2000E-15  1.1883E-21  3.0000E-44  3.2000E-45  5.2000E+00  5.3000E+01  2.0596E+22  1.1758E+21  3.8444E+21
6.0000E-16  7.4027E-15  9.6000E-16  2.2000E-15  4.4031E-21  3.0000E-44  3.2000E-45  5.2000E+00  5.3000E+01  2.0985E+22  8.4658E+20  3.7840E+21
6.0000E-16  1.1309E-14  9.6000E-16  2.2000E-15  1.7468E-21  3.0000E-44  3.2000E-45  5.2000E+00  5.3000E+01  2.1085E+22  7.6261E+20  3.7687E+21
6.0000E-16  3.2940E-15  9.6000E-16  2.2000E-15  2.3159E-21  3.0000E-44  3.2000E-45  5.2000E+00  5.3000E+01  2.0394E+22  1.3460E+21  3.8756E+21
6.0000E-16  2.3419E-15  9.6000E-16  2.2000E-15  2.1966E-21  3.0000E-44  3.2000E-45  5.2000E+00  5.3000E+01  2.0205E+22  1.5057E+21  3.9049E+21
6.0000E-16  2.3483E-15  9.6000E-16  2.2000E-15  6.4295E-21  3.0000E-44  3.2000E-45  5.2000E+00  5.3000E+01  2.0713E+22  1.0766E+21  3.8262E+21
6.0000E-16  4.4128E-15  9.6000E-16  2.2000E-15  1.5737E-21  3.0000E-44  3.2000E-45  5.2000E+00  5.3000E+01  2.0470E+22  1.2819E+21  3.8638E+21
6.0000E-16  7.2925E-15  9.6000E-16  2.2000E-15  3.3400E-21  3.0000E-44  3.2000E-45  5.2000E+00  5.3000E+01  2.0918E+22  9.0323E+20  3.7944E+21
6.0000E-16  7.6751E-15  9.6000E-16  2.2000E-15  3.0507E-21  3.0000E-44  3.2000E-45  5.2000E+00  5.3000E+01  2.0929E+22  8.9448E+20  3.7928E+21
6.0000E-16  7.7385E-15  9.6000E-16  2.2000E-15  4.1142E-21  3.0000E-44  3.2000E-45  5.2000E+00  5.3000E+01  2.0992E+22  8.4132E+20  3.7831E+21
6.0000E-16  1.1515E-14  9.6000E-16  2.2000E-15  1.7480E-21  3.0000E-44  3.2000E-45  5.2000E+00  5.3000E+01  2.1095E+22  7.5362E+20  3.7670E+21
6.0000E-16  7.1157E-15  9.6000E-16  2.2000E-15  5.1197E-21  3.0000E-44  3.2000E-45  5.2000E+00  5.3000E+01  2.1004E+22  8.3062E+20  3.7811E+21
6.0000E-16  1.0063E-14  9.6000E-16  2.2000E-15  2.8701E-21  3.0000E-44  3.2000E-45  5.2000E+00  5.3000E+01  2.1067E+22  7.7717E+20  3.7713E+21
6.0000E-16  8.2120E-15  9.6000E-16  2.2000E-15  2.3342E-21  3.0000E-44  3.2000E-45  5.2000E+00  5.3000E+01  2.0925E+22  8.9774E+20  3.7934E+21
6.0000E-16  1.1794E-14  9.6000E-16  2.2000E-15  1.2929E-21  3.0000E-44  3.2000E-45  5.2000E+00  5.3000E+01  2.1091E+22  7.5767E+20  3.7677E+21
6.0000E-16  2.6459E-15  9.6000E-16  2.2000E-15  1.2081E-21  3.0000E-44  3.2000E-45  5.2000E+00  5.3000E+01  2.0090E+22  1.6029E+21  3.9227E+21
6.0000E-16  1.0518E-14  9.6000E-16  2.2000E-15  4.6807E-21  3.0000E-44  3.2000E-45  5.2000E+00  5.3000E+01  2.1161E+22  6.9802E+20  3.7568E+21
6.0000E-16  8.9539E-15  9.6000E-16  2.2000E-15  3.1361E-21  3.0000E-44  3.2000E-45  5.2000E+00  5.3000E+01  2.1017E+22  8.1997E+20  3.7792E+21
6.0000E-16  1.2561E-14  9.6000E-16  2.2000E-15  5.1251E-21  3.0000E-44  3.2000E-45  5.2000E+00  5.3000E+01  2.1254E+22  6.1965E+20  3.7425E+21
6.0000E-16  2.6075E-15  9.6000E-16  2.2000E-15  5.4573E-21  3.0000E-44  3.2000E-45  5.2000E+00  5.3000E+01  2.0655E+22  1.1261E+21  3.8353E+21
6.0000E-16  6.6590E-15  9.6000E-16  2.2000E-15  1.6480E-21  3.0000E-44  3.2000E-45  5.2000E+00  5.3000E+01  2.0747E+22  1.0482E+21  3.8210E+21
6.0000E-16  9.9916E-15  9.6000E-16  2.2000E-15  4.3919E-21  3.0000E-44  3.2000E-45  5.2000E+00  5.3000E+01  2.1127E+22  7.2715E+20  3.7622E+21
6.0000E-16  7.1000E-15  9.6000E-16  2.2000E-15  3.7712E-21  3.0000E-44  3.2000E-45  5.2000E+00  5.3000E+01  2.0930E+22  8.9334E+20  3.7926E+21
6.0000E-16  4.7465E-15  9.6000E-16  2.2000E-15  1.8119E-21  3.0000E-44  3.2000E-45  5.2000E+00  5.3000E+01  2.0544E+22  1.2192E+21  3.8523E+21
6.0000E-16  6.4080E-15  9.6000E-16  2.2000E-15  3.6478E-21  3.0000E-44  3.2000E-45  5.2000E+00  5.3000E+01  2.0871E+22  9.4360E+20  3.8018E+21
6.0000E-16  1.0983E-14  9.6000E-16  2.2000E-15  3.0866E-21  3.0000E-44  3.2000E-45  5.2000E+00  5.3000E+01  2.1123E+22  7.3020E+20  3.7627E+21
6.0000E-16  4.2987E-15  9.6000E-16  2.2000E-15  2.1615E-21  3.0000E-44  3.2000E-45  5.2000E+00  5.3000E+01  2.0524E+22  1.2368E+21  3.8556E+21
6.0000E-16  1.9396E-15  9.6000E-16  2.2000E-15  4.0787E-21  3.0000E-44  3.2000E-45  5.2000E+00  5.3000E+01  2.0415E+22  1.3286E+21  3.8724E+21
6.0000E-16  1.0214E-14  9.6000E-16  2.2000E-15  4.1747E-21  3.0000E-44  3.2000E-45  5.2000E+00  5.3000E+01  2.1129E+22  7.2537E+20  3.7618E+21
6.0000E-16  9.8826E-15  9.6000E-16  2.2000E-15  4.2903E-21  3.0000E-44  3.2000E-45  5.2000E+00  5.3000E+01  2.1117E+22  7.3488E+20  3.7636E+21
6.0000E-16  8.9098E-15  9.6000E-16  2.2000E-15  2.3932E-21  3.0000E-44  3.2000E-45  5.2000E+00  5.3000E+01  2.0976E+22  8.5456E+20  3.7855E+21
6.0000E-16  1.2682E-14  9.6000E-16  2.2000E-15  4.2915E-21  3.0000E-44  3.2000E-45  5.2000E+00  5.3000E+01  2.1234E+22  6.3622E+20  3.7455E+21
6.0000E-16  4.4277E-15  9.6000E-16  2.2000E-15  1.4616E-21  3.0000E-44  3.2000E-45  5.2000E+00  5.3000E+01  2.0458E+22  1.2918E+21  3.8656E+21
6.0000E-16  1.1342E-14  9.6000E-16  2.2000E-15  5.5618E-21  3.0000E-44  3.2000E-45  5.2000E+00  5.3000E+01  2.1223E+22  6.4567E+20  3.7472E+21
6.0000E-16  6.2134E-15  9.6000E-16  2.2000E-15  1.0239E-21  3.0000E-44  3.2000E-45  5.2000E+00  5.3000E+01  2.0644E+22  1.1349E+21  3.8369E+21
6.0000E-16  1.2579E-14  9.6000E-16  2.2000E-15  2.7697E-21  3.0000E-44  3.2000E-45  5.2000E+00  5.3000E+01  2.1182E+22  6.8008E+20  3.7535E+21
6.0000E-16  1.6481E-15  9.6000E-16  2.2000E-15  2.5397E-21  3.0000E-44  3.2000E-45  5.2000E+00  5.3000E+01  2.0121E+22  1.5769E+21  3.9179E+21
6.0000E-16  2.1212E-15  9.6000E-16  2.2000E-15  5.4461E-21  3.0000E-44  3.2000E-45  5.2000E+00  5.3000E+01  2.0597E+22  1.1748E+21  3.8442E+21
6.0000E-16  8.9007E-15  9.6000E-16  2.2000E-15  5.8162E-21  3.0000E-44  3.2000E-45  5.2000E+00  5.3000E+01  2.1130E+22  7.2423E+20  3.7616E+21
6.0000E-16  4.3428E-15  9.6000E-16  2.2000E-15  6.4638E-21  3.0000E-44  3.2000E-45  5.2000E+00  5.3000E+01  2.0891E+22  9.2651E+20  3.7987E+21
6.0000E-16  1.5604E-15  9.6000E-16  2.2000E-15  2.6855E-21  3.0000E-44  3.2000E-45  5.2000E+00  5.3000E+01  2.0129E+22  1.5702E+21  3.9167E+21
6.0000E-16  1.0755E-14  9.6000E-16  2.2000E-15  2.9827E-21  3.0000E-44  3.2000E-45  5.2000E+00  5.3000E+01  2.1108E+22  7.4301E+20  3.7651E+21
6.0000E-16  5.1879E-15  9.6000E-16  2.2000E-15  1.0504E-21  3.0000E-44  3.2000E-45  5.2000E+00  5.3000E+01  2.0518E+22  1.2416E+21  3.8564E+21
6.0000E-16  6.8863E-15  9.6000E-16  2.2000E-15  3.1497E-21  3.0000E-44  3.2000E-45  5.2000E+00  5.3000E+01  2.0876E+22  9.3916E+20  3.8010E+21
6.0000E-16  6.5540E-15  9.6000E-16  2.2000E-15  2.3874E-21  3.0000E-44  3.2000E-45  5.2000E+00  5.3000E+01  2.0795E+22  1.0077E+21  3.8136E+21
6.0000E-16  1.2609E-14  9.6000E-16  2.2000E-15  4.3350E-21  3.0000E-44  3.2000E-45  5.2000E+00  5.3000E+01  2.1233E+22  6.3737E+20  3.7457E+21
6.0000E-16  1.2205E-14  9.6000E-16  2.2000E-15  4.7920E-21  3.0000E-44  3.2000E-45  5.2000E+00  5.3000E+01  2.1232E+22  6.3834E+20  3.7459E+21
6.0000E-16  9.3233E-15  9.6000E-16  2.2000E-15  2.4538E-21  3.0000E-44  3.2000E-45  5.2000E+00  5.3000E+01  2.1005E+22  8.2978E+20  3.7810E+21
6.0000E-16  1.0170E-14  9.6000E-16  2.2000E-15  8.6271E-22  3.0000E-44  3.2000E-45  5.2000E+00  5.3000E+01  2.0976E+22  8.5452E+20  3.7855E+21
6.0000E-16  4.8472E-15  9.6000E-16  2.2000E-15  5.8265E-21  3.0000E-44  3.2000E-45  5.2000E+00  5.3000E+01  2.0889E+22  9.2792E+20  3.7989E+21
6.0000E-16  7.8071E-15  9.6000E-16  2.2000E-15  6.7092E-21  3.0000E-44  3.2000E-45  5.2000E+00  5.3000E+01  2.1113E+22  7.3881E+20  3.7643E+21
6.0000E-16  2.6897E-15  9.6000E-16  2.2000E-15  3.5684E-21  3.0000E-44  3.2000E-45  5.2000E+00  5.3000E+01  2.0463E+22  1.2878E+21  3.8649E+21
6.0000E-16  1.0582E-14  9.6000E-16  2.2000E-15  5.5376E-21  3.0000E-44  3.2000E-45  5.2000E+00  5.3000E+01  2.1193E+22  6.7110E+20  3.7519E+21
6.0000E-16  9.1853E-15  9.6000E-16  2.2000E-15  6.1395E-21  3.0000E-44  3.2000E-45  5.2000E+00  5.3000E+01  2.1155E+22  7.0323E+20  3.7578E+21
6.0000E-16  1.1330E-14  9.6000E-16  2.2000E-15  5.7974E-21  3.0000E-44  3.2000E-45  5.2000E+00  5.3000E+01  2.1230E+22  6.4008E+20  3.7462E+21
6.0000E-16  2.2005E-15  9.6000E-16  2.2000E-15  1.6233E-21  3.0000E-44  3.2000E-45  5.2000E+00  5.3000E+01  2.0069E+22  1.6206E+21  3.9259E+21
6.0000E-16  1.1680E-14  9.6000E-16  2.2000E-15  3.5990E-21  3.0000E-44  3.2000E-45  5.2000E+00  5.3000E+01  2.1173E+22  6.8793E+20  3.7550E+21
6.0000E-16  8.7640E-15  9.6000E-16  2.2000E-15  1.6755E-21  3.0000E-44  3.2000E-45  5.2000E+00  5.3000E+01  2.0925E+22  8.9720E+20  3.7933E+21
6.0000E-16  3.4085E-15  9.6000E-16  2.2000E-15  1.2928E-21  3.0000E-44  3.2000E-45  5.2000E+00  5.3000E+01  2.0264E+22  1.4563E+21  3.8958E+21
6.0000E-16  6.8026E-15  9.6000E-16  2.2000E-15  4.1175E-21  3.0000E-44  3.2000E-45  5.2000E+00  5.3000E+01  2.0929E+22  8.9405E+20  3.7927E+21
6.0000E-16  1.1261E-14  9.6000E-16  2.2000E-15  2.3932E-21  3.0000E-44  3.2000E-45  5.2000E+00  5.3000E+01  2.1109E+22  7.4204E+20  3.7649E+21
6.0000E-16  8.9029E-15  9.6000E-16  2.2000E-15  4.9606E-21  3.0000E-44  3.2000E-45  5.2000E+00  5.3000E+01  2.1096E+22  7.5282E+20  3.7669E+21
6.0000E-16  3.1466E-15  9.6000E-16  2.2000E-15  6.4270E-21  3.0000E-44  3.2000E-45  5.2000E+00  5.3000E+01  2.0789E+22  1.0122E+21  3.8144E+21
6.0000E-16  4.6616E-15  9.6000E-16  2.2000E-15  1.8870E-21  3.0000E-44  3.2000E-45  5.2000E+00  5.3000E+01  2.0542E+22  1.2217E+21  3.8528E+21
6.0000E-16  1.0081E-14  9.6000E-16  2.2000E-15  3.0691E-21  3.0000E-44  3.2000E-45  5.2000E+00  5.3000E+01  2.1077E+22  7.6901E+20  3.7698E+21
6.0000E-16  1.0092E-14  9.6000E-16  2.2000E-15  3.2278E-21  3.0000E-44  3.2000E-45  5.2000E+00  5.3000E+01  2.1084E+22  7.6277E+20  3.7687E+21
6.0000E-16  3.1858E-15  9.6000E-16  2.2000E-15  6.9941E-21  3.0000E-44  3.2000E-45  5.2000E+00  5.3000E+01  2.0834E+22  9.7484E+20  3.8075E+21
6.0000E-16  9.0673E-15  9.6000E-16  2.2000E-15  3.9964E-21  3.0000E-44  3.2000E-45  5.2000E+00  5.3000E+01  2.1064E+22  7.8047E+20  3.7719E+21
6.0000E-16  3.5660E-15  9.6000E-16  2.2000E-15  6.6145E-21  3.0000E-44  3.2000E-45  5.2000E+00  5.3000E+01  2.0839E+22  9.7019E+20  3.8067E+21
6.0000E-16  6.9631E-15  9.6000E-16  2.2000E-15  1.7261E-21  3.0000E-44  3.2000E-45  5.2000E+00  5.3000E+01  2.0782E+22  1.0185E+21  3.8155E+21
6.0000E-16  9.3367E-15  9.6000E-16  2.2000E-15  3.2994E-21  3.0000E-44  3.2000E-45  5.2000E+00  5.3000E+01  2.1047E+22  7.9459E+20  3.7745E+21
6.0000E-16  3.8251E-15  9.6000E-16  2.2000E-15  4.5426E-21  3.0000E-44  3.2000E-45  5.2000E+00  5.3000E+01  2.0704E+22  1.0847E+21  3.8277E+21
6.0000E-16  6.8462E-15  9.6000E-16  2.2000E-15  6.4450E-21  3.0000E-44  3.2000E-45  5.2000E+00  5.3000E+01  2.1052E+22  7.9033E+20  3.7737E+21
6.0000E-16  1.3450E-15  9.6000E-16  2.2000E-15  6.8203E-21  3.0000E-44  3.2000E-45  5.2000E+00  5.3000E+01  2.0640E+22  1.1381E+21  3.8375E+21
6.0000E-16  1.7158E-15  9.6000E-16  2.2000E-15  6.3787E-21  3.0000E-44  3.2000E-45  5.2000E+00  5.3000E+01  2.0641E+22  1.1378E+21  3.8374E+21
6.0000E-16  1.2106E-14  9.6000E-16  2.2000E-15  5.6600E-21  3.0000E-44  3.2000E-45  5.2000E+00  5.3000E+01  2.1253E+22  6.2022E+20  3.7426E+21
6.0000E-16  9.2636E-15  9.6000E-16  2.2000E-15  5.2430E-21  3.0000E-44  3.2000E-45  5.2000E+00  5.3000E+01  2.1125E+22  7.2842E+20  3.7624E+21
6.0000E-16  5.2168E-15  9.6000E-16  2.2000E-15  4.7090E-21  3.0000E-44  3.2000E-45  5.2000E+00  5.3000E+01  2.0845E+22  9.6502E+20  3.8057E+21
6.0000E-16  1.5471E-15  9.6000E-16  2.2000E-15  3.3661E-21  3.0000E-44  3.2000E-45  5.2000E+00  5.3000E+01  2.0244E+22  1.4731E+21  3.8989E+21
6.0000E-16  4.9278E-15  9.6000E-16  2.2000E-15  5.5596E-21  3.0000E-44  3.2000E-45  5.2000E+00  5.3000E+01  2.0878E+22  9.3701E+20  3.8006E+21
6.0000E-16  1.0378E-14  9.6000E-16  2.2000E-15  2.5162E-21  3.0000E-44  3.2000E-45  5.2000E+00  5.3000E+01  2.1069E+22  7.7604E+20  3.7711E+21
6.0000E-16  1.1255E-14  9.6000E-16  2.2000E-15  5.4565E-21  3.0000E-44  3.2000E-45  5.2000E+00  5.3000E+01  2.1217E+22  6.5114E+20  3.7482E+21
6.0000E-16  9.9591E-15  9.6000E-16  2.2000E-15  4.2417E-21  3.0000E-44  3.2000E-45  5.2000E+00  5.3000E+01  2.1119E+22  7.3339E+20  3.7633E+21
6.0000E-16  1.2219E-14  9.6000E-16  2.2000E-15  4.0288E-21  3.0000E-44  3.2000E-45  5.2000E+00  5.3000E+01  2.1209E+22  6.5758E+20  3.7494E+21
6.0000E-16  5.3499E-15  9.6000E-16  2.2000E-15  3.0242E-21  3.0000E-44  3.2000E-45  5.2000E+00  5.3000E+01  2.0730E+22  1.0621E+21  3.8235E+21
6.0000E-16  1.2367E-14  9.6000E-16  2.2000E-15  3.4663E-21  3.0000E-44  3.2000E-45  5.2000E+00  5.3000E+01  2.1197E+22  6.6787E+20  3.7513E+21
6.0000E-16  2.5797E-15  9.6000E-16  2.2000E-15  6.7524E-21  3.0000E-44  3.2000E-45  5.2000E+00  5.3000E+01  2.0762E+22  1.0353E+21  3.8186E+21
6.0000E-16  3.4472E-15  9.6000E-16  2.2000E-15  2.4525E-21  3.0000E-44  3.2000E-45  5.2000E+00  5.3000E+01  2.0436E+22  1.3106E+21  3.8691E+21
6.0000E-16  1.2176E-14  9.6000E-16  2.2000E-15  1.8224E-21  3.0000E-44  3.2000E-45  5.2000E+00  5.3000E+01  2.1131E+22  7.2385E+20  3.7616E+21
6.0000E-16  9.3352E-15  9.6000E-16  2.2000E-15  3.4944E-21  3.0000E-44  3.2000E-45  5.2000E+00  5.3000E+01  2.1056E+22  7.8713E+20  3.7731E+21
6.0000E-16  6.2456E-15  9.6000E-16  2.2000E-15  6.7665E-21  3.0000E-44  3.2000E-45  5.2000E+00  5.3000E+01  2.1033E+22  8.0640E+20  3.7767E+21
6.0000E-16  9.1718E-15  9.6000E-16  2.2000E-15  2.5522E-21  3.0000E-44  3.2000E-45  5.2000E+00  5.3000E+01  2.1001E+22  8.3346E+20  3.7816E+21
6.0000E-16  6.2656E-15  9.6000E-16  2.2000E-15  3.4378E-21  3.0000E-44  3.2000E-45  5.2000E+00  5.3000E+01  2.0845E+22  9.6522E+20  3.8058E+21
6.0000E-16  7.7815E-15  9.6000E-16  2.2000E-15  4.2533E-21  3.0000E-44  3.2000E-45  5.2000E+00  5.3000E+01  2.1001E+22  8.3303E+20  3.7816E+21
