2.3467E-15  1.3000E-15  3.8483E-15  2.2000E-15  7.0000E-22  3.0000E-44  1.8533E-44  5.2000E+00  5.3000E+01  1.2250E+22  4.2636E+21  9.1018E+21
3.2202E-16  1.3000E-15  2.0365E-15  2.2000E-15  7.0000E-22  3.0000E-44  1.7375E-44  5.2000E+00  5.3000E+01  1.8336E+22  9.2891E+20  6.3517E+21
4.7810E-15  1.3000E-15  8.2321E-15  2.2000E-15  7.0000E-22  3.0000E-44  1.2470E-44  5.2000E+00  5.3000E+01  7.8251E+21  5.2047E+21  1.2586E+22
2.1088E-15  1.3000E-15  2.2937E-15  2.2000E-15  7.0000E-22  3.0000E-44  3.4228E-45  5.2000E+00  5.3000E+01  1.3855E+22  4.5861E+21  7.1755E+21
2.5248E-15  1.3000E-15  4.9646E-16  2.2000E-15  7.0000E-22  3.0000E-44  1.1997E-44  5.2000E+00  5.3000E+01  1.5024E+22  6.7988E+21  3.7932E+21
1.0460E-15  1.3000E-15  7.9787E-15  2.2000E-15  7.0000E-22  3.0000E-44  2.8579E-44  5.2000E+00  5.3000E+01  1.0755E+22  1.4791E+21  1.3383E+22
5.6094E-15  1.3000E-15  1.6180E-15  2.2000E-15  7.0000E-22  3.0000E-44  3.0530E-45  5.2000E+00  5.3000E+01  9.9767E+21  9.3231E+21  6.3165E+21
3.7764E-15  1.3000E-15  5.9160E-15  2.2000E-15  7.0000E-22  3.0000E-44  1.6693E-44  5.2000E+00  5.3000E+01  9.4937E+21  5.1343E+21  1.0988E+22
5.2120E-15  1.3000E-15  8.0051E-15  2.2000E-15  7.0000E-22  3.0000E-44  6.7342E-45  5.2000E+00  5.3000E+01  7.6255E+21  5.5674E+21  1.2423E+22
4.6518E-15  1.3000E-15  2.4085E-15  2.2000E-15  7.0000E-22  3.0000E-44  2.6541E-44  5.2000E+00  5.3000E+01  1.0630E+22  8.0054E+21  6.9823E+21
1.0005E-15  1.3000E-15  6.1669E-15  2.2000E-15  7.0000E-22  3.0000E-44  2.0910E-44  5.2000E+00  5.3000E+01  1.1955E+22  1.6157E+21  1.2046E+22
3.2625E-15  1.3000E-15  1.9028E-15  2.2000E-15  7.0000E-22  3.0000E-44  1.4391E-44  5.2000E+00  5.3000E+01  1.2536E+22  6.6722E+21  6.4089E+21
1.0511E-15  1.3000E-15  8.8366E-15  2.2000E-15  7.0000E-22  3.0000E-44  1.9333E-44  5.2000E+00  5.3000E+01  9.9582E+21  1.3530E+21  1.4305E+22
1.9560E-15  1.3000E-15  6.3788E-15  2.2000E-15  7.0000E-22  3.0000E-44  8.2126E-45  5.2000E+00  5.3000E+01  1.0546E+22  2.8107E+21  1.2259E+22
3.0775E-16  1.3000E-15  8.9815E-16  2.2000E-15  7.0000E-22  3.0000E-44  3.1894E-44  5.2000E+00  5.3000E+01  2.1041E+22  1.1519E+21  3.4235E+21
1.1763E-15  1.3000E-15  9.2485E-15  2.2000E-15  7.0000E-22  3.0000E-44  5.6004E-45  5.2000E+00  5.3000E+01  9.2603E+21  1.3946E+21  1.4961E+22
1.4245E-15  1.3000E-15  8.3225E-15  2.2000E-15  7.0000E-22  3.0000E-44  2.9303E-44  5.2000E+00  5.3000E+01  1.0230E+22  1.9232E+21  1.3463E+22
1.5624E-15  1.3000E-15  3.1702E-15  2.2000E-15  7.0000E-22  3.0000E-44  3.0190E-44  5.2000E+00  5.3000E+01  1.4203E+22  3.3616E+21  8.0510E+21
3.0632E-15  1.3000E-15  5.1316E-15  2.2000E-15  7.0000E-22  3.0000E-44  1.6435E-44  5.2000E+00  5.3000E+01  1.0527E+22  4.6489E+21  1.0440E+22
4.2228E-15  1.3000E-15  3.0634E-15  2.2000E-15  7.0000E-22  3.0000E-44  1.6458E-44  5.2000E+00  5.3000E+01  1.0647E+22  7.0378E+21  7.9333E+21
3.0761E-15  1.3000E-15  9.1680E-15  2.2000E-15  7.0000E-22  3.0000E-44  1.3281E-44  5.2000E+00  5.3000E+01  8.3617E+21  3.4355E+21  1.3819E+22
2.3640E-15  1.3000E-15  8.8511E-15  2.2000E-15  7.0000E-22  3.0000E-44  8.7328E-47  5.2000E+00  5.3000E+01  8.6395E+21  2.6835E+21  1.4293E+22
4.8365E-15  1.3000E-15  7.8817E-15  2.2000E-15  7.0000E-22  3.0000E-44  1.2724E-44  5.2000E+00  5.3000E+01  7.9280E+21  5.3687E+21  1.2319E+22
1.1553E-15  1.3000E-15  7.6911E-15  2.2000E-15  7.0000E-22  3.0000E-44  1.4109E-46  5.2000E+00  5.3000E+01  1.0078E+22  1.5149E+21  1.4023E+22
1.9102E-15  1.3000E-15  7.5912E-15  2.2000E-15  7.0000E-22  3.0000E-44  1.9324E-44  5.2000E+00  5.3000E+01  1.0051E+22  2.5741E+21  1.2991E+22
6.0698E-16  1.3000E-15  6.3390E-15  2.2000E-15  7.0000E-22  3.0000E-44  1.5859E-44  5.2000E+00  5.3000E+01  1.2097E+22  9.7524E+20  1.2544E+22
2.6463E-15  1.3000E-15  6.9101E-16  2.2000E-15  7.0000E-22  3.0000E-44  2.7731E-44  5.2000E+00  5.3000E+01  1.4642E+22  6.8582E+21  4.1158E+21
5.6919E-15  1.3000E-15  8.1859E-15  2.2000E-15  7.0000E-22  3.0000E-44  3.8381E-45  5.2000E+00  5.3000E+01  7.3123E+21  5.8453E+21  1.2458E+22
3.1442E-15  1.3000E-15  9.2330E-15  2.2000E-15  7.0000E-22  3.0000E-44  7.1994E-46  5.2000E+00  5.3000E+01  8.0706E+21  3.3681E+21  1.4177E+22
3.1795E-15  1.3000E-15  8.5363E-15  2.2000E-15  7.0000E-22  3.0000E-44  1.2109E-44  5.2000E+00  5.3000E+01  8.5601E+21  3.6707E+21  1.3385E+22
5.1420E-16  1.3000E-15  1.1552E-15  2.2000E-15  7.0000E-22  3.0000E-44  1.6530E-44  5.2000E+00  5.3000E+01  1.9550E+22  1.7196E+21  4.3466E+21
2.7888E-15  1.3000E-15  3.1096E-15  2.2000E-15  7.0000E-22  3.0000E-44  9.2729E-46  5.2000E+00  5.3000E+01  1.2065E+22  5.1151E+21  8.4357E+21
9.7461E-16  1.3000E-15  4.1406E-15  2.2000E-15  7.0000E-22  3.0000E-44  7.0052E-45  5.2000E+00  5.3000E+01  1.3610E+22  1.8759E+21  1.0130E+22
5.2166E-15  1.3000E-15  7.4632E-15  2.2000E-15  7.0000E-22  3.0000E-44  1.7643E-44  5.2000E+00  5.3000E+01  7.9368E+21  5.8847E+21  1.1794E+22
1.8070E-15  1.3000E-15  7.7432E-15  2.2000E-15  7.0000E-22  3.0000E-44  2.2760E-44  5.2000E+00  5.3000E+01  1.0118E+22  2.4449E+21  1.3053E+22
2.7394E-15  1.3000E-15  8.0735E-15  2.2000E-15  7.0000E-22  3.0000E-44  2.4928E-45  5.2000E+00  5.3000E+01  8.8596E+21  3.2507E+21  1.3506E+22
6.1550E-16  1.3000E-15  1.0956E-15  2.2000E-15  7.0000E-22  3.0000E-44  8.7155E-45  5.2000E+00  5.3000E+01  1.9262E+22  2.0332E+21  4.3213E+21
2.5403E-16  1.3000E-15  7.7499E-15  2.2000E-15  7.0000E-22  3.0000E-44  3.0761E-44  5.2000E+00  5.3000E+01  1.1751E+22  3.8696E+20  1.3478E+22
3.6535E-16  1.3000E-15  5.9313E-15  2.2000E-15  7.0000E-22  3.0000E-44  1.2730E-44  5.2000E+00  5.3000E+01  1.2659E+22  6.1442E+20  1.2342E+22
4.3236E-15  1.3000E-15  8.7571E-15  2.2000E-15  7.0000E-22  3.0000E-44  1.0459E-44  5.2000E+00  5.3000E+01  7.8333E+21  4.6381E+21  1.3145E+22
2.4079E-15  1.3000E-15  2.5002E-16  2.2000E-15  7.0000E-22  3.0000E-44  2.2198E-44  5.2000E+00  5.3000E+01  1.5552E+22  6.8894E+21  3.1746E+21
7.8541E-17  1.3000E-15  7.9825E-15  2.2000E-15  7.0000E-22  3.0000E-44  5.8274E-45  5.2000E+00  5.3000E+01  1.0889E+22  1.0835E+20  1.4618E+22
5.6635E-15  1.3000E-15  1.6671E-15  2.2000E-15  7.0000E-22  3.0000E-44  2.9406E-44  5.2000E+00  5.3000E+01  1.0001E+22  9.5057E+21  6.1100E+21
2.8852E-15  1.3000E-15  6.3796E-15  2.2000E-15  7.0000E-22  3.0000E-44  1.3904E-44  5.2000E+00  5.3000E+01  9.8885E+21  3.9754E+21  1.1752E+22
5.0096E-15  1.3000E-15  7.1976E-15  2.2000E-15  7.0000E-22  3.0000E-44  2.1753E-44  5.2000E+00  5.3000E+01  8.1914E+21  5.8546E+21  1.1570E+22
3.2551E-15  1.3000E-15  7.5618E-15  2.2000E-15  7.0000E-22  3.0000E-44  2.2872E-44  5.2000E+00  5.3000E+01  9.1449E+21  4.1061E+21  1.2365E+22
3.5323E-15  1.3000E-15  7.0468E-15  2.2000E-15  7.0000E-22  3.0000E-44  4.4126E-45  5.2000E+00  5.3000E+01  8.9142E+21  4.3575E+21  1.2342E+22
2.2049E-15  1.3000E-15  2.7922E-15  2.2000E-15  7.0000E-22  3.0000E-44  2.9005E-44  5.2000E+00  5.3000E+01  1.3501E+22  4.6307E+21  7.4843E+21
2.4612E-15  1.3000E-15  6.5820E-15  2.2000E-15  7.0000E-22  3.0000E-44  2.8094E-44  5.2000E+00  5.3000E+01  1.0372E+22  3.5445E+21  1.1699E+22
9.9104E-19  1.3000E-15  3.5373E-15  2.2000E-15  7.0000E-22  3.0000E-44  1.3638E-44  5.2000E+00  5.3000E+01  1.6318E+22  2.2991E+18  9.2952E+21
6.2994E-16  1.3000E-15  4.3076E-16  2.2000E-15  7.0000E-22  3.0000E-44  1.8304E-44  5.2000E+00  5.3000E+01  2.0753E+22  2.4562E+21  2.4067E+21
1.9802E-15  1.3000E-15  4.3981E-15  2.2000E-15  7.0000E-22  3.0000E-44  1.4611E-44  5.2000E+00  5.3000E+01  1.2179E+22  3.4766E+21  9.9599E+21
9.9358E-16  1.3000E-15  5.8255E-15  2.2000E-15  7.0000E-22  3.0000E-44  3.1030E-44  5.2000E+00  5.3000E+01  1.2512E+22  1.7041E+21  1.1400E+22
3.4863E-15  1.3000E-15  6.2610E-15  2.2000E-15  7.0000E-22  3.0000E-44  8.9116E-45  5.2000E+00  5.3000E+01  9.4176E+21  4.6224E+21  1.1576E+22
1.7148E-15  1.3000E-15  3.8962E-15  2.2000E-15  7.0000E-22  3.0000E-44  6.7823E-45  5.2000E+00  5.3000E+01  1.2830E+22  3.1917E+21  9.5940E+21
3.7426E-15  1.3000E-15  3.5154E-16  2.2000E-15  7.0000E-22  3.0000E-44  2.1241E-44  5.2000E+00  5.3000E+01  1.2953E+22  8.7093E+21  3.9540E+21
2.8248E-15  1.3000E-15  2.2456E-15  2.2000E-15  7.0000E-22  3.0000E-44  2.9961E-44  5.2000E+00  5.3000E+01  1.3020E+22  5.9188E+21  6.6789E+21
4.1184E-15  1.3000E-15  1.1743E-15  2.2000E-15  7.0000E-22  3.0000E-44  3.3886E-45  5.2000E+00  5.3000E+01  1.1831E+22  8.2634E+21  5.5213E+21
2.3253E-15  1.3000E-15  7.3139E-16  2.2000E-15  7.0000E-22  3.0000E-44  9.4756E-45  5.2000E+00  5.3000E+01  1.5197E+22  6.2133E+21  4.2060E+21
1.7348E-15  1.3000E-15  5.2856E-17  2.2000E-15  7.0000E-22  3.0000E-44  8.2319E-46  5.2000E+00  5.3000E+01  1.7487E+22  5.7687E+21  2.3604E+21
3.0129E-15  1.3000E-15  3.3896E-15  2.2000E-15  7.0000E-22  3.0000E-44  6.4071E-45  5.2000E+00  5.3000E+01  1.1642E+22  5.3089E+21  8.6661E+21
4.9994E-15  1.3000E-15  3.3110E-15  2.2000E-15  7.0000E-22  3.0000E-44  9.1650E-45  5.2000E+00  5.3000E+01  9.7479E+21  7.5965E+21  8.2728E+21
4.1113E-15  1.3000E-15  8.9249E-15  2.2000E-15  7.0000E-22  3.0000E-44  1.9361E-44  5.2000E+00  5.3000E+01  8.0030E+21  4.5010E+21  1.3112E+22
3.5994E-15  1.3000E-15  6.6537E-15  2.2000E-15  7.0000E-22  3.0000E-44  2.8438E-44  5.2000E+00  5.3000E+01  9.4191E+21  4.7987E+21  1.1398E+22
1.0103E-15  1.3000E-15  4.0138E-15  2.2000E-15  7.0000E-22  3.0000E-44  1.5739E-44  5.2000E+00  5.3000E+01  1.3915E+22  2.0130E+21  9.6881E+21
3.1902E-15  1.3000E-15  3.5470E-15  2.2000E-15  7.0000E-22  3.0000E-44  2.8865E-44  5.2000E+00  5.3000E+01  1.1576E+22  5.6453E+21  8.3947E+21
4.7849E-15  1.3000E-15  6.5885E-15  2.2000E-15  7.0000E-22  3.0000E-44  2.5231E-44  5.2000E+00  5.3000E+01  8.5979E+21  5.9280E+21  1.1090E+22
2.1622E-15  1.3000E-15  2.1243E-16  2.2000E-15  7.0000E-22  3.0000E-44  2.1610E-44  5.2000E+00  5.3000E+01  1.6173E+22  6.4850E+21  2.9576E+21
1.1852E-15  1.3000E-15  7.7263E-15  2.2000E-15  7.0000E-22  3.0000E-44  3.8834E-45  5.2000E+00  5.3000E+01  1.0139E+22  1.5674E+21  1.3909E+22
4.3080E-15  1.3000E-15  4.5157E-15  2.2000E-15  7.0000E-22  3.0000E-44  1.8070E-44  5.2000E+00  5.3000E+01  9.8022E+21  6.3195E+21  9.4943E+21
3.7285E-15  1.3000E-15  2.8709E-15  2.2000E-15  7.0000E-22  3.0000E-44  2.5277E-44  5.2000E+00  5.3000E+01  1.1358E+22  6.6727E+21  7.5851E+21
5.1152E-15  1.3000E-15  7.1434E-15  2.2000E-15  7.0000E-22  3.0000E-44  6.4692E-45  5.2000E+00  5.3000E+01  7.9828E+21  5.7935E+21  1.1838E+22
5.2437E-15  1.3000E-15  6.7448E-15  2.2000E-15  7.0000E-22  3.0000E-44  3.0375E-44  5.2000E+00  5.3000E+01  8.3094E+21  6.3162E+21  1.0990E+22
4.5748E-15  1.3000E-15  1.4248E-15  2.2000E-15  7.0000E-22  3.0000E-44  2.0728E-45  5.2000E+00  5.3000E+01  1.1123E+22  8.5196E+21  5.9735E+21
3.4081E-15  1.3000E-15  3.1818E-15  2.2000E-15  7.0000E-22  3.0000E-44  1.8418E-44  5.2000E+00  5.3000E+01  1.1465E+22  6.0376E+21  8.1134E+21
3.3829E-15  1.3000E-15  4.5256E-15  2.2000E-15  7.0000E-22  3.0000E-44  2.7111E-44  5.2000E+00  5.3000E+01  1.0732E+22  5.3863E+21  9.4975E+21
2.0681E-16  1.3000E-15  8.6051E-15  2.2000E-15  7.0000E-22  3.0000E-44  2.8537E-44  5.2000E+00  5.3000E+01  1.1081E+22  2.9278E+20  1.4243E+22
3.8014E-15  1.3000E-15  9.4501E-15  2.2000E-15  7.0000E-22  3.0000E-44  2.8031E-44  5.2000E+00  5.3000E+01  8.0931E+21  4.1768E+21  1.3346E+22
5.6902E-15  1.3000E-15  3.2088E-15  2.2000E-15  7.0000E-22  3.0000E-44  3.0649E-44  5.2000E+00  5.3000E+01  9.3603E+21  8.4659E+21  7.7898E+21
1.5535E-15  1.3000E-15  5.1826E-16  2.2000E-15  7.0000E-22  3.0000E-44  2.2163E-44  5.2000E+00  5.3000E+01  1.7414E+22  4.9153E+21  3.2864E+21
5.3203E-15  1.3000E-15  9.4404E-15  2.2000E-15  7.0000E-22  3.0000E-44  2.9484E-44  5.2000E+00  5.3000E+01  7.3646E+21  5.4465E+21  1.2805E+22
2.3277E-15  1.3000E-15  3.9665E-15  2.2000E-15  7.0000E-22  3.0000E-44  2.7847E-44  5.2000E+00  5.3000E+01  1.2314E+22  4.2569E+21  9.0453E+21
1.7245E-15  1.3000E-15  7.0959E-15  2.2000E-15  7.0000E-22  3.0000E-44  1.0230E-44  5.2000E+00  5.3000E+01  1.0303E+22  2.3792E+21  1.2934E+22
5.1260E-15  1.3000E-15  9.3581E-15  2.2000E-15  7.0000E-22  3.0000E-44  1.7447E-45  5.2000E+00  5.3000E+01  7.1505E+21  5.0184E+21  1.3447E+22
4.0447E-15  1.3000E-15  5.8508E-15  2.2000E-15  7.0000E-22  3.0000E-44  2.6636E-44  5.2000E+00  5.3000E+01  9.4470E+21  5.5346E+21  1.0634E+22
3.4761E-15  1.3000E-15  9.4140E-15  2.2000E-15  7.0000E-22  3.0000E-44  2.7473E-44  5.2000E+00  5.3000E+01  8.2760E+21  3.8855E+21  1.3455E+22
5.8190E-15  1.3000E-15  1.9966E-15  2.2000E-15  7.0000E-22  3.0000E-44  2.2453E-44  5.2000E+00  5.3000E+01  9.7044E+21  9.3386E+21  6.5742E+21
5.1306E-15  1.3000E-15  5.1163E-15  2.2000E-15  7.0000E-22  3.0000E-44  1.8636E-44  5.2000E+00  5.3000E+01  8.9082E+21  6.8096E+21  9.8982E+21
9.1067E-16  1.3000E-15  4.3712E-16  2.2000E-15  7.0000E-22  3.0000E-44  3.0688E-44  5.2000E+00  5.3000E+01  1.9665E+22  3.3393E+21  2.6120E+21
4.8404E-15  1.3000E-15  2.5733E-15  2.2000E-15  7.0000E-22  3.0000E-44  3.6853E-45  5.2000E+00  5.3000E+01  1.0225E+22  7.8909E+21  7.5007E+21
2.4864E-15  1.3000E-15  2.6453E-16  2.2000E-15  7.0000E-22  3.0000E-44  1.2603E-44  5.2000E+00  5.3000E+01  1.5339E+22  6.9842E+21  3.2925E+21
9.1094E-17  1.3000E-15  6.6971E-15  2.2000E-15  7.0000E-22  3.0000E-44  2.6856E-44  5.2000E+00  5.3000E+01  1.2717E+22  1.5188E+20  1.2747E+22
4.9121E-15  1.3000E-15  4.9102E-15  2.2000E-15  7.0000E-22  3.0000E-44  2.7867E-46  5.2000E+00  5.3000E+01  8.9730E+21  6.5162E+21  1.0127E+22
3.7857E-15  1.3000E-15  9.1692E-15  2.2000E-15  7.0000E-22  3.0000E-44  2.7158E-44  5.2000E+00  5.3000E+01  8.1957E+21  4.2249E+21  1.3195E+22
1.6957E-15  1.3000E-15  8.5352E-15  2.2000E-15  7.0000E-22  3.0000E-44  2.9170E-44  5.2000E+00  5.3000E+01  9.8876E+21  2.2185E+21  1.3510E+22
4.7915E-15  1.3000E-15  1.4724E-15  2.2000E-15  7.0000E-22  3.0000E-44  1.5937E-44  5.2000E+00  5.3000E+01  1.0914E+22  8.7868E+21  5.9154E+21
3.8643E-15  1.3000E-15  1.0918E-15  2.2000E-15  7.0000E-22  3.0000E-44  1.2853E-44  5.2000E+00  5.3000E+01  1.2263E+22  8.1003E+21  5.2533E+21
4.9550E-15  1.3000E-15  4.9475E-15  2.2000E-15  7.0000E-22  3.0000E-44  1.8615E-44  5.2000E+00  5.3000E+01  9.1038E+21  6.7337E+21  9.7785E+21
2.7933E-15  1.3000E-15  2.8605E-15  2.2000E-15  7.0000E-22  3.0000E-44  2.0001E-44  5.2000E+00  5.3000E+01  1.2484E+22  5.4222E+21  7.7095E+21
5.4083E-15  1.3000E-15  2.3744E-15  2.2000E-15  7.0000E-22  3.0000E-44  2.3986E-44  5.2000E+00  5.3000E+01  9.9121E+21  8.7253E+21  6.9803E+21
