6.0000E-16  4.2495E-15  9.6000E-16  2.0095E-14  4.0427E-21  1.9959E-43  6.1540E-45  3.0910E+01  1.6653E+02  2.3506E+22  4.1132E+20  1.6983E+21
6.0000E-16  2.3594E-15  9.6000E-16  1.3777E-14  6.0884E-21  1.3678E-43  9.8608E-45  2.4341E+01  4.8971E+02  2.4365E+22  6.4489E+20  6.0598E+20
6.0000E-16  1.3217E-15  9.6000E-16  1.8333E-14  1.0262E-21  1.5721E-43  8.0487E-45  7.7516E-01  3.5184E+02  2.3991E+22  6.9216E+20  9.3307E+20
6.0000E-16  7.4362E-15  9.6000E-16  1.1240E-14  6.4069E-21  2.6467E-43  2.4556E-44  2.2984E+01  1.3832E+02  2.3303E+22  4.8782E+20  1.8251E+21
6.0000E-16  3.6426E-15  9.6000E-16  6.1393E-15  4.0876E-21  8.1769E-44  2.3026E-44  5.0345E+00  4.5934E+02  2.3786E+22  1.2227E+21  6.0683E+20
6.0000E-16  6.6059E-15  9.6000E-16  2.0595E-14  5.9631E-21  2.4314E-43  7.4985E-45  4.4918E+01  4.0626E+02  2.4527E+22  3.7923E+20  7.0962E+20
6.0000E-16  7.7007E-15  9.6000E-16  1.6963E-14  5.9745E-21  9.4117E-44  1.9873E-44  1.8404E+01  1.7866E+02  2.3616E+22  4.5092E+20  1.5487E+21
6.0000E-16  1.1211E-14  9.6000E-16  1.8369E-14  2.8200E-21  2.7178E-43  1.0590E-44  4.7131E+01  1.7545E+02  2.3773E+22  3.3269E+20  1.5106E+21
6.0000E-16  5.5897E-15  9.6000E-16  3.9307E-15  2.8765E-21  2.3695E-43  3.0866E-44  1.7044E+01  5.0344E+01  2.1172E+22  6.4325E+20  3.8012E+21
6.0000E-16  5.1356E-15  9.6000E-16  9.3501E-15  2.6299E-22  1.4209E-43  1.4791E-44  1.9671E+01  5.1213E+02  2.4310E+22  7.5955E+20  5.4640E+20
6.0000E-16  4.2185E-15  9.6000E-16  4.1272E-15  7.7858E-22  2.6278E-43  1.9055E-44  4.5291E+01  1.4015E+02  2.3304E+22  6.7726E+20  1.6351E+21
6.0000E-16  1.0351E-14  9.6000E-16  7.0146E-15  5.4932E-21  2.6740E-43  2.9451E-44  7.6318E-02  2.1497E+02  2.3742E+22  6.9797E+20  1.1760E+21
6.0000E-16  1.2723E-14  9.6000E-16  1.1172E-14  1.9997E-21  2.7327E-43  1.6240E-44  4.2030E+01  4.4564E+01  2.0789E+22  3.0739E+20  4.5196E+21
6.0000E-16  2.3790E-15  9.6000E-16  1.5817E-14  6.1683E-21  1.8139E-43  1.7612E-44  3.2130E+01  1.3829E+02  2.3192E+22  4.7032E+20  1.9535E+21
6.0000E-16  6.5913E-15  9.6000E-16  2.0235E-14  6.6739E-21  4.6160E-44  1.4360E-44  8.4918E+00  2.3459E+02  2.3887E+22  4.6520E+20  1.2638E+21
6.0000E-16  3.6358E-15  9.6000E-16  1.3390E-15  2.5438E-21  2.4748E-43  1.9181E-45  2.0088E+01  3.7033E+02  2.3649E+22  1.3574E+21  6.0908E+20
6.0000E-16  4.6215E-15  9.6000E-16  7.5660E-15  1.8826E-21  1.5405E-43  2.1622E-44  3.9529E+01  1.1684E+02  2.2968E+22  5.9396E+20  2.0541E+21
6.0000E-16  5.7600E-15  9.6000E-16  1.2920E-14  1.5161E-21  1.0786E-43  3.0315E-44  7.0061E+00  5.8316E+01  2.1120E+22  5.4003E+20  3.9558E+21
6.0000E-16  7.2671E-15  9.6000E-16  2.0814E-14  6.5090E-22  1.8677E-43  9.1929E-45  9.9208E+00  9.2879E+01  2.2302E+22  4.0200E+20  2.9121E+21
6.0000E-16  5.3476E-15  9.6000E-16  1.9417E-14  2.3786E-21  2.9978E-43  1.1746E-44  4.0960E+01  3.2303E+01  1.9206E+22  2.5866E+20  6.1527E+21
6.0000E-16  6.7991E-15  9.6000E-16  1.4172E-14  4.1300E-21  2.6258E-43  1.0206E-44  7.3719E+00  1.4487E+02  2.3222E+22  5.2108E+20  1.8732E+21
6.0000E-16  5.6306E-15  9.6000E-16  2.9693E-15  1.5234E-21  1.4063E-43  1.1321E-44  4.4409E+01  2.7155E+02  2.4009E+22  7.5167E+20  8.5504E+20
6.0000E-16  8.1286E-15  9.6000E-16  1.0366E-14  4.9119E-21  2.3748E-43  1.9739E-44  1.6109E+01  3.1403E+02  2.4151E+22  6.0408E+20  8.6045E+20
6.0000E-16  4.1130E-15  9.6000E-16  6.2734E-16  1.9418E-21  3.4847E-44  1.9729E-44  1.7682E+01  4.9947E+02  2.3580E+22  1.5994E+21  4.3508E+20
6.0000E-16  4.7794E-15  9.6000E-16  2.0774E-14  1.7571E-21  2.8012E-43  2.7335E-44  4.0109E+01  2.2426E+02  2.3955E+22  3.9262E+20  1.2686E+21
6.0000E-16  1.0385E-15  9.6000E-16  3.6924E-15  4.8180E-21  1.9702E-43  1.9123E-44  4.8414E+01  2.6136E+02  2.3868E+22  8.3535E+20  9.1224E+20
6.0000E-16  8.7887E-16  9.6000E-16  5.8791E-15  3.8351E-21  1.8004E-43  2.8510E-44  6.3702E+00  3.3053E+02  2.3308E+22  1.4508E+21  8.5725E+20
6.0000E-16  1.1691E-14  9.6000E-16  8.2703E-15  7.6835E-23  1.9785E-43  5.0523E-45  9.8068E+00  1.7275E+02  2.3552E+22  5.9875E+20  1.4649E+21
6.0000E-16  4.1036E-15  9.6000E-16  1.3664E-14  2.8350E-22  4.1220E-45  9.9327E-45  1.4887E+01  1.7969E+02  2.3348E+22  6.6280E+20  1.6046E+21
6.0000E-16  1.0632E-14  9.6000E-16  1.0466E-14  6.1409E-21  1.0711E-43  1.7357E-44  3.8996E+01  1.7862E+02  2.3769E+22  4.4251E+20  1.4047E+21
6.0000E-16  6.0577E-15  9.6000E-16  4.0571E-15  3.5898E-21  2.6000E-43  2.5855E-44  3.9146E+01  5.0037E+02  2.4385E+22  7.4372E+20  4.8530E+20
6.0000E-16  1.0854E-14  9.6000E-16  1.6784E-14  6.6638E-22  5.4795E-44  2.7506E-44  1.5295E+01  7.4240E+01  2.1928E+22  4.0738E+20  3.2810E+21
6.0000E-16  7.5260E-15  9.6000E-16  1.2426E-14  1.8394E-21  1.4808E-43  1.1322E-44  2.2892E+00  2.4507E+02  2.3801E+22  6.5498E+20  1.1603E+21
6.0000E-16  9.5601E-15  9.6000E-16  1.5727E-14  5.6752E-21  2.8285E-43  2.8276E-44  3.3431E+01  6.4797E+00  1.5145E+22  1.6563E+20  1.0305E+22
6.0000E-16  5.3482E-15  9.6000E-16  4.7524E-16  5.6209E-21  1.2823E-43  1.7826E-44  3.4173E+01  2.4365E+02  2.3782E+22  9.5737E+20  8.7657E+20
6.0000E-16  1.2939E-14  9.6000E-16  4.6215E-16  5.0865E-21  1.8251E-43  2.6440E-45  1.4709E+01  4.4761E+02  2.4298E+22  8.2801E+20  4.8724E+20
6.0000E-16  5.3816E-15  9.6000E-16  2.8428E-15  4.1191E-21  1.7960E-43  2.5543E-44  5.0713E+01  2.9158E+01  1.9818E+22  4.2130E+20  5.3770E+21
6.0000E-16  1.3097E-15  9.6000E-16  1.9416E-14  3.0556E-21  5.9686E-44  2.7374E-44  3.2176E+01  2.2572E+02  2.3812E+22  4.9270E+20  1.3117E+21
6.0000E-16  1.1457E-14  9.6000E-16  1.3071E-14  4.4913E-21  8.7232E-44  1.1286E-44  2.5081E+01  5.2288E+01  2.1055E+22  3.5319E+20  4.2078E+21
6.0000E-16  3.1221E-15  9.6000E-16  1.4489E-14  2.8681E-21  2.4852E-44  8.9129E-45  3.6030E+01  2.6247E+02  2.3984E+22  5.4801E+20  1.0835E+21
6.0000E-16  1.7885E-15  9.6000E-16  1.5401E-14  6.9934E-21  2.7536E-43  1.7133E-44  5.1661E+01  4.2550E+02  2.4466E+22  4.8267E+20  6.6767E+20
6.0000E-16  1.2833E-14  9.6000E-16  2.0807E-15  1.5181E-21  1.1066E-43  1.1791E-44  4.6187E+01  3.4429E+02  2.4387E+22  5.7254E+20  6.5670E+20
6.0000E-16  1.0273E-14  9.6000E-16  1.8278E-14  2.3524E-22  9.8714E-45  7.4545E-45  2.4061E+01  2.2948E+02  2.3961E+22  4.2400E+20  1.2305E+21
6.0000E-16  1.1712E-14  9.6000E-16  1.2388E-14  2.7312E-21  6.7466E-44  1.5823E-44  3.7018E+01  2.4731E+02  2.4120E+22  4.3655E+20  1.0591E+21
6.0000E-16  6.6564E-15  9.6000E-16  1.9696E-14  1.2055E-21  1.5795E-43  2.0456E-44  2.8391E+00  1.5638E+02  2.3280E+22  4.8271E+20  1.8532E+21
6.0000E-16  9.2139E-15  9.6000E-16  6.7989E-15  6.6303E-21  1.1110E-43  1.1443E-44  3.9964E+01  3.6531E+01  2.0134E+22  3.4919E+20  5.1332E+21
6.0000E-16  2.8557E-15  9.6000E-16  1.7028E-14  5.3988E-21  1.4113E-43  1.6308E-44  3.7118E+01  2.4404E+02  2.3970E+22  4.7648E+20  1.1690E+21
6.0000E-16  1.2645E-14  9.6000E-16  1.8577E-15  1.4519E-21  2.2837E-43  1.8876E-44  3.3122E+01  1.2561E+02  2.3338E+22  5.7843E+20  1.6994E+21
6.0000E-16  1.1461E-15  9.6000E-16  2.1162E-15  4.4264E-21  2.0660E-43  2.0982E-44  4.1113E+01  1.5649E+02  2.3271E+22  9.2818E+20  1.4164E+21
6.0000E-16  1.0059E-14  9.6000E-16  2.1261E-14  7.6979E-22  3.4402E-44  1.7115E-45  6.1221E+00  2.6022E+02  2.4036E+22  4.3639E+20  1.1434E+21
6.0000E-16  4.2587E-16  9.6000E-16  1.9200E-14  6.6996E-21  9.4738E-44  2.0115E-44  4.3839E+01  1.8193E+02  2.3615E+22  4.4018E+20  1.5611E+21
6.0000E-16  8.0229E-15  9.6000E-16  1.6820E-14  3.5124E-21  1.5509E-43  1.0806E-44  1.3244E+01  2.1379E+02  2.3810E+22  4.7940E+20  1.3264E+21
6.0000E-16  6.3985E-16  9.6000E-16  7.2788E-16  1.1336E-21  1.8289E-43  1.6248E-44  2.3542E+01  5.9167E+01  2.1156E+22  1.2759E+21  3.1845E+21
6.0000E-16  5.4924E-15  9.6000E-16  1.9917E-15  5.1896E-21  4.2430E-45  1.0533E-44  8.9582E+00  2.5506E+02  2.3373E+22  1.3393E+21  9.0397E+20
6.0000E-16  1.0828E-14  9.6000E-16  1.9864E-14  6.1560E-22  2.4586E-43  4.1095E-45  4.1679E+00  4.7688E+00  8.7301E+21  1.2573E+20  1.6760E+22
6.0000E-16  1.7121E-15  9.6000E-16  3.8498E-16  7.6277E-22  1.8734E-43  1.5033E-44  3.6109E+01  1.1291E+02  2.2681E+22  1.1438E+21  1.7907E+21
6.0000E-16  1.2444E-14  9.6000E-16  1.3015E-15  5.2383E-21  9.7169E-44  2.1538E-44  4.6394E+01  2.8215E+02  2.4255E+22  5.7930E+20  7.8157E+20
6.0000E-16  7.4031E-15  9.6000E-16  1.0235E-14  6.0211E-21  2.5508E-43  7.4516E-45  1.1817E+01  7.8370E+01  2.2114E+22  4.7596E+20  3.0256E+21
6.0000E-16  2.8541E-15  9.6000E-16  8.2581E-15  1.0522E-21  2.4444E-43  1.8239E-44  9.4188E+00  4.9001E+01  2.0553E+22  6.4941E+20  4.4134E+21
6.0000E-16  3.1730E-16  9.6000E-16  5.0842E-15  3.3290E-21  8.4869E-44  1.1814E-44  1.2605E+01  2.6506E+02  2.3100E+22  1.4862E+21  1.0298E+21
6.0000E-16  7.9030E-15  9.6000E-16  7.3225E-15  6.2101E-21  2.9698E-43  1.3397E-44  5.4870E+00  2.2735E+02  2.3758E+22  7.2403E+20  1.1339E+21
6.0000E-16  5.6161E-15  9.6000E-16  2.0760E-14  4.3079E-22  1.4864E-43  1.8602E-44  1.5202E+01  1.6855E+02  2.3440E+22  4.5151E+20  1.7245E+21
6.0000E-16  1.2344E-14  9.6000E-16  4.3083E-15  2.4632E-21  2.8724E-43  1.2306E-44  1.4503E-01  2.6689E+02  2.3935E+22  7.7536E+20  9.0541E+20
6.0000E-16  2.7431E-15  9.6000E-16  1.3638E-14  2.0885E-21  1.9374E-43  2.8387E-44  6.8650E+00  3.0787E+02  2.3890E+22  7.4232E+20  9.8361E+20
6.0000E-16  6.6166E-15  9.6000E-16  4.0175E-16  5.9772E-21  1.5060E-43  9.1743E-45  4.2477E+01  3.3950E+02  2.4155E+22  8.2423E+20  6.3683E+20
6.0000E-16  8.2786E-15  9.6000E-16  1.0863E-14  6.2795E-21  5.1486E-44  9.6786E-46  4.0304E+01  3.1591E+02  2.4282E+22  4.9772E+20  8.3621E+20
6.0000E-16  6.0277E-15  9.6000E-16  1.2533E-14  4.9742E-21  2.5468E-44  1.6465E-44  1.8533E+01  2.4815E+02  2.3893E+22  5.9846E+20  1.1245E+21
6.0000E-16  3.3163E-15  9.6000E-16  2.4102E-15  4.6392E-22  2.7214E-43  2.2043E-44  2.0804E+01  5.9203E+01  2.1409E+22  8.6692E+20  3.3406E+21
6.0000E-16  8.8119E-15  9.6000E-16  1.2754E-14  6.4028E-21  2.8761E-43  3.0730E-44  2.1403E+01  1.9779E+02  2.3809E+22  4.7529E+20  1.3320E+21
6.0000E-16  4.5916E-15  9.6000E-16  1.5799E-14  6.0937E-22  2.6836E-43  2.3465E-44  1.4046E+01  3.7386E+02  2.4228E+22  5.8900E+20  7.9940E+20
6.0000E-16  1.1181E-14  9.6000E-16  6.5285E-15  1.9808E-21  7.0330E-44  2.3112E-44  1.3876E+01  1.3508E+02  2.3213E+22  6.2970E+20  1.7728E+21
6.0000E-16  5.9195E-15  9.6000E-16  1.3961E-14  1.5529E-21  1.9177E-43  1.3133E-44  3.2561E+01  2.0671E+01  1.7421E+22  2.9559E+20  7.8990E+21
6.0000E-16  3.3828E-15  9.6000E-16  1.8442E-14  6.6212E-21  8.9489E-44  2.4627E-44  3.2049E+01  3.9704E+02  2.4384E+22  4.8409E+20  7.4759E+20
6.0000E-16  7.3647E-15  9.6000E-16  1.7729E-14  5.2082E-21  9.7965E-44  1.3370E-45  2.1642E+01  1.3484E+02  2.3172E+22  4.2017E+20  2.0241E+21
6.0000E-16  1.2292E-14  9.6000E-16  1.9554E-14  4.0006E-21  2.6613E-43  2.3291E-45  4.4846E+01  2.5347E+02  2.4209E+22  3.2982E+20  1.0771E+21
6.0000E-16  2.3317E-15  9.6000E-16  1.5854E-14  4.9166E-21  1.3029E-43  7.5115E-45  1.7019E+01  1.1616E+02  2.2720E+22  5.2542E+20  2.3707E+21
6.0000E-16  5.7693E-15  9.6000E-16  1.1088E-15  2.9311E-21  2.6655E-44  2.9615E-44  5.1883E+01  1.2792E+02  2.3263E+22  7.1876E+20  1.6347E+21
6.0000E-16  4.8894E-15  9.6000E-16  1.8416E-14  3.9265E-21  2.7302E-43  1.5499E-44  4.2550E+01  3.3189E+02  2.4332E+22  4.2273E+20  8.6161E+20
6.0000E-16  4.3890E-15  9.6000E-16  1.2510E-14  6.0714E-22  2.0488E-43  2.1288E-44  1.1569E+01  4.0966E+02  2.4180E+22  7.1518E+20  7.2092E+20
6.0000E-16  1.2301E-14  9.6000E-16  1.7612E-14  2.1418E-21  1.5885E-43  2.2107E-44  4.2704E+01  4.8194E+02  2.4670E+22  3.7046E+20  5.7589E+20
6.0000E-16  8.8738E-16  9.6000E-16  1.9121E-14  4.1189E-21  1.4675E-43  2.3053E-44  2.5098E+01  5.2859E+02  2.4468E+22  5.5488E+20  5.9274E+20
6.0000E-16  3.4686E-15  9.6000E-16  4.2693E-15  4.4932E-21  2.2538E-43  7.7033E-45  4.2959E+01  4.1122E+02  2.4229E+22  7.9154E+20  5.9566E+20
6.0000E-16  1.1705E-14  9.6000E-16  9.2207E-15  1.7126E-21  2.9409E-43  5.0186E-45  1.6093E+00  3.8124E+02  2.4268E+22  6.4336E+20  7.0503E+20
6.0000E-16  1.1879E-15  9.6000E-16  7.0589E-15  1.2197E-21  7.9828E-44  2.0463E-44  4.8570E+01  9.3326E+01  2.2439E+22  6.5821E+20  2.5191E+21
6.0000E-16  5.3917E-15  9.6000E-16  1.9639E-14  4.3353E-21  2.9615E-43  6.6683E-47  4.0875E+01  8.4438E+01  2.2267E+22  3.2504E+20  3.0242E+21
6.0000E-16  2.1251E-15  9.6000E-16  1.1701E-14  1.7590E-21  2.8373E-44  9.4839E-45  2.9963E+01  1.9053E+02  2.3487E+22  6.6757E+20  1.4609E+21
6.0000E-16  9.6039E-15  9.6000E-16  5.5371E-15  2.5564E-21  7.8631E-44  3.4115E-45  3.2012E+01  5.0176E+02  2.4467E+22  6.5003E+20  4.9658E+20
6.0000E-16  7.1566E-15  9.6000E-16  2.1153E-14  5.4479E-21  1.2297E-43  2.0968E-44  5.1708E+01  2.5253E+02  2.4159E+22  3.4861E+20  1.1086E+21
6.0000E-16  9.0634E-15  9.6000E-16  1.6758E-15  1.3527E-21  1.7743E-43  3.1955E-45  2.5393E+00  2.6642E+02  2.3616E+22  1.1507E+21  8.4907E+20
6.0000E-16  7.4167E-15  9.6000E-16  2.0234E-14  1.8947E-21  2.6399E-44  2.2460E-44  3.5569E+01  4.9839E+02  2.4613E+22  4.1355E+20  5.8985E+20
6.0000E-16  9.5727E-15  9.6000E-16  2.2973E-15  5.6703E-21  2.8100E-43  2.5493E-44  4.4726E+01  7.3542E+01  2.2432E+22  4.6964E+20  2.7143E+21
6.0000E-16  6.3703E-15  9.6000E-16  6.4162E-15  6.0135E-22  2.2176E-43  3.0309E-44  3.6740E+01  2.0379E+02  2.3772E+22  6.3925E+20  1.2051E+21
6.0000E-16  9.0685E-16  9.6000E-16  7.1566E-15  2.8301E-21  9.7737E-44  1.1594E-44  4.5350E+01  4.6057E+02  2.4256E+22  7.8353E+20  5.7674E+20
6.0000E-16  3.1050E-15  9.6000E-16  1.4292E-14  7.8573E-22  1.8343E-43  8.5423E-45  2.2355E+01  3.8305E+02  2.4215E+22  6.2799E+20  7.7324E+20
6.0000E-16  3.6929E-16  9.6000E-16  1.5902E-14  6.8607E-21  1.7015E-43  3.1336E-44  1.9097E+00  3.7541E+02  2.3987E+22  7.6824E+20  8.6074E+20
6.0000E-16  1.1229E-14  9.6000E-16  1.0747E-14  4.5269E-21  2.6434E-43  1.3265E-44  3.5638E+01  2.0393E+02  2.3931E+22  4.3964E+20  1.2448E+21
6.0000E-16  6.5458E-15  9.6000E-16  1.7109E-14  5.2419E-21  1.5353E-43  2.4781E-44  2.4808E+00  1.6813E+02  2.3414E+22  5.1198E+20  1.6896E+21
6.0000E-16  1.3597E-15  9.6000E-16  1.5846E-15  4.2479E-21  1.6151E-43  2.7864E-44  3.6261E+01  4.4788E+02  2.3884E+22  1.2221E+21  5.0999E+20
6.0000E-16  8.6796E-15  9.6000E-16  8.3812E-15  1.4741E-21  1.3525E-43  1.1195E-44  3.1821E+01  3.1703E+02  2.4215E+22  5.8535E+20  8.1582E+20
6.0000E-16  5.2692E-15  9.6000E-16  1.7032E-14  3.5115E-21  3.3568E-44  4.8807E-45  3.0671E+01  2.3212E+01  1.7285E+22  2.8709E+20  8.0443E+21
