7.014826203454116449e-01 6.920203155570518738e-02 7.935648008180260504e-01
4.733190217141485662e-02 7.819986760401004267e-01 7.783867967107462871e-01
6.061567235763264394e-01 4.955525445467485329e-02 3.791838469569259185e-01
7.220401968388070468e-01 8.557137479840727645e-02 8.632545695953404152e-01
4.139307624849276057e-01 8.876238980430448122e-02 3.710470672062334274e-01
1.436492809130994475e-01 2.801445725351528471e-01 2.485667124131329120e-01
1.657858093401926858e-01 4.666749246577275856e-01 8.286845795523692937e-01
6.922261308755079945e-01 4.853772645695571958e-02 6.976178950452042171e-01
1.575999808235989397e-01 3.268849652393513439e-01 4.947169979227181158e-01
8.283423728520591944e-02 5.777295818907037805e-01 6.352964152045692536e-01
6.486927100093524690e-01 3.995917851847510111e-02 2.032128897305753301e-01
8.576068951764920234e-01 5.287199144000409579e-02 8.840017670846599396e-01
4.956039470423710680e-02 8.936224242608430401e-01 9.486429132181940505e-01
4.906292665118251461e-01 7.040856363661210371e-02 3.106961476499550123e-01
7.874013420222985005e-01 6.889692841316445715e-02 8.682445967810646925e-01
5.503670192221498114e-01 5.254068670679945541e-02 2.985424314975447802e-01
7.426477224352582285e-01 1.782067098100502400e-02 2.985579889097320430e-02
2.784561112166570318e-01 9.097070963707130919e-02 7.026185016241280612e-02
8.252874311968133592e-01 2.019077072051203917e-02 1.761349738646389718e-01
6.671646312742190998e-01 2.949561571078659211e-02 5.802361287780886945e-02
4.988408681849572091e-01 5.465936139652535081e-02 2.427363806602454432e-01
1.001949144332057173e-01 5.881497909811612690e-01 7.257859255907186391e-01
3.643720291243541798e-01 1.229589377145168250e-01 4.554239717982200841e-01
6.117559967636477802e-01 4.058732998728105390e-02 1.243222936251751759e-01
4.192183734598982081e-01 1.883342317759029716e-01 8.176702391822472382e-01
1.455693986054128197e-01 2.727712449035549214e-01 3.156690671639827972e-01
6.050251015925249831e-01 2.696126741080327738e-02 3.502439600989177421e-02
5.029186061870902780e-01 1.586758241209888509e-01 8.479267264961632966e-01
5.660430858017262423e-01 5.045768975381517696e-02 2.637664121546315910e-01
5.590945617294541536e-01 7.099604319198772606e-02 6.584093669745455513e-01
7.758454901073035259e-01 2.873209429140668666e-02 3.460105126757181404e-01
4.943130753768084085e-01 1.431527659216199344e-01 8.033112759241465284e-01
8.565363614163423733e-01 4.446642492187438678e-02 8.385376062424758636e-01
3.087593071608093487e-01 1.754671000731236608e-01 5.312073743067872167e-01
8.004306203023624222e-02 5.607579755391802756e-01 5.511860103268618749e-01
2.419112451279464282e-01 1.274343088433143312e-01 1.016050753852684174e-01
9.102992728483436102e-02 4.751024055839191962e-01 3.758723782756616116e-01
7.791994594719803269e-01 3.041795225105771092e-02 4.137822446914740104e-01
6.744639372159567936e-02 6.113706678386278126e-01 5.045586908070238685e-01
5.824080846316762594e-01 1.524668011384723854e-01 8.897167800846328412e-01
5.069579326786588513e-01 6.585214612172818338e-02 2.936251960454892562e-01
7.042837885283603772e-01 3.521910453434741461e-02 3.805795362785018288e-01
1.756027297440228008e-01 4.108502968295471014e-01 7.799394512617786601e-01
7.905348134697041118e-01 2.818562810067670038e-02 4.039935176344848777e-01
3.191236644796108246e-01 1.052423934872724343e-01 1.771279381058686320e-01
7.229376381559486919e-01 8.046712571380239265e-02 8.440321063372498989e-01
2.859546369366936514e-01 1.854835685320045391e-01 5.544579809202004883e-01
8.430290497130344951e-01 1.294726651961267475e-02 5.060192447099281371e-02
2.825600235329501775e-01 4.940549376493991729e-01 9.531156792363457697e-01
1.587363060981796525e-01 2.558678837326641142e-01 2.296984453375938706e-01
3.584235513898439973e-01 1.442218186586195772e-01 5.939048848099882649e-01
8.791036540762822704e-02 4.783740628752771173e-01 3.558675105973609920e-01
7.844857653207929493e-01 5.457081178365807972e-02 8.037443900132471564e-01
1.060983511361525966e-01 5.049425949174849437e-01 5.917654699017411701e-01
3.451032472520329519e-01 1.884992972151627033e-01 7.280252863731316859e-01
8.234188946294909162e-01 2.053267286128485775e-02 2.705236679689501100e-01
8.613803012336259668e-01 1.588019712914633813e-02 2.531566932112421231e-01
4.506659274498301948e-01 1.129153285749448649e-01 5.958219936526200078e-01
8.078736940429278590e-01 7.755875089320439508e-02 9.080714020742243209e-01
2.298908719882387930e-01 2.775822652844159855e-01 6.860289802089372113e-01
5.387988179205157602e-01 5.136077126891248207e-02 2.506249108357006539e-01
8.569208022117081880e-01 7.837085167746336498e-03 1.112219482360314315e-01
5.283952016108186545e-01 7.171400664877797260e-02 4.587574206110350827e-01
2.720392016066766061e-01 1.801643129620706385e-01 5.561370013443518445e-01
5.366245250695304836e-02 7.114343655312931336e-01 6.715793838772784463e-01
2.359204475471092244e-01 1.399357029225976323e-01 2.110562572535446269e-01
6.352608300421379306e-02 4.300034521330851067e-01 5.309442582442987918e-02
2.483334684418257166e-01 3.134680034377060331e-01 7.817999053404055543e-01
2.865718003453079921e-01 3.376090174543019407e-01 8.710899087771800664e-01
6.578001710220565679e-01 7.616188285005848213e-02 7.932254198821387936e-01
6.223426644986659179e-02 8.631767060272331760e-01 9.485582851719226438e-01
3.768638464008627897e-01 1.315086670574845129e-01 5.771349447024276547e-01
2.821391643968657603e-01 4.162069475886725489e-01 9.207394125551513486e-01
5.267806068210179049e-01 3.412978797926623231e-02 1.434081957520807749e-01
3.050144261534790679e-01 9.699079263645123128e-02 9.770768707078503201e-02
6.122449478985819704e-02 5.930873806698320205e-01 3.531964784956100334e-01
6.883636331494615845e-01 5.235818553659644936e-02 7.233754597157397992e-01
6.440294886522839324e-01 2.072055581335648100e-02 2.764379357615703858e-01
7.959097918360595880e-01 3.273946163346167643e-02 6.110726084767162947e-01
3.712198537773103713e-01 5.787541933838748903e-02 2.085119023248891562e-02
5.391442012401884698e-01 7.026811012401922019e-02 5.282147098572226307e-01
4.204883662069842654e-01 8.288685580573272593e-02 3.247053280007520804e-01
4.245940694510441094e-01 1.030555355905577175e-01 6.308575457853409230e-01
2.627672506372393801e-01 4.144047028247992426e-01 9.068886304368608542e-01
2.736327272129679966e-01 1.693009200814048210e-01 3.777753382281997530e-01
3.953678000600663323e-02 7.115395234592719609e-01 3.975613579736818615e-01
2.747226014737393363e-01 3.759546438074937713e-01 8.884622460918377707e-01
2.381062293757842674e-01 1.189322308889604329e-01 4.915623172311833072e-02
5.360203447777920349e-01 4.753439669456382966e-02 3.752452625542137543e-01
5.285037958959564186e-01 3.293638230066916334e-02 1.305721329933788588e-01
4.399878715050431488e-01 5.466985866520454596e-02 7.501059135418315649e-02
2.391325333521373553e-01 3.090480492653808198e-01 7.495298639610121771e-01
7.679042129694467478e-02 4.756218147197551760e-01 2.957141152960297004e-01
8.386740806646286739e-01 2.036040758096619580e-02 5.516735590519913357e-01
3.031201758407274793e-01 3.158436325287276580e-01 8.696367595282885610e-01
4.715501380454575342e-01 2.000038952581718599e-01 8.805620367238029544e-01
7.811038615725779399e-01 2.730151612196819039e-02 5.738300794457269483e-01
3.531254910081862985e-01 1.542098229757893069e-01 6.215362053794764030e-01
3.019286404801632684e-01 8.847607804822496536e-02 4.818831522073330209e-02
4.990383258630898822e-01 4.364872697616979658e-02 2.690437696808286039e-01
