1.7455E-15  2.7182E-15  7.2436E-15  2.2000E-15  7.0000E-22  3.0000E-44  3.2000E-45  5.2000E+00  5.3000E+01  1.0229E+22  1.9879E+21  1.3399E+22
3.3273E-15  1.0636E-14  2.0945E-15  2.2000E-15  7.0000E-22  3.0000E-44  3.2000E-45  5.2000E+00  5.3000E+01  1.5516E+22  3.2899E+21  6.8106E+21
3.8727E-15  9.5727E-15  8.7273E-15  2.2000E-15  7.0000E-22  3.0000E-44  3.2000E-45  5.2000E+00  5.3000E+01  9.0647E+21  2.2030E+21  1.4348E+22
2.9455E-15  5.6727E-15  7.4182E-15  2.2000E-15  7.0000E-22  3.0000E-44  3.2000E-45  5.2000E+00  5.3000E+01  9.8206E+21  2.4323E+21  1.3363E+22
1.4727E-15  2.6000E-15  6.6327E-15  2.2000E-15  7.0000E-22  3.0000E-44  3.2000E-45  5.2000E+00  5.3000E+01  1.0846E+22  1.8111E+21  1.2959E+22
4.3636E-15  5.5545E-15  4.0145E-15  2.2000E-15  7.0000E-22  3.0000E-44  3.2000E-45  5.2000E+00  5.3000E+01  1.1484E+22  4.5285E+21  9.6041E+21
5.8909E-15  8.9818E-15  8.6400E-15  2.2000E-15  7.0000E-22  3.0000E-44  3.2000E-45  5.2000E+00  5.3000E+01  8.5019E+21  3.2992E+21  1.3815E+22
4.2545E-15  1.1345E-14  7.7673E-15  2.2000E-15  7.0000E-22  3.0000E-44  3.2000E-45  5.2000E+00  5.3000E+01  9.6315E+21  2.3267E+21  1.3658E+22
5.7273E-15  7.4455E-15  2.2691E-15  2.2000E-15  7.0000E-22  3.0000E-44  3.2000E-45  5.2000E+00  5.3000E+01  1.2660E+22  5.8237E+21  7.1327E+21
2.1818E-15  9.3364E-15  7.8545E-15  2.2000E-15  7.0000E-22  3.0000E-44  3.2000E-45  5.2000E+00  5.3000E+01  1.0121E+22  1.4028E+21  1.4092E+22
5.2909E-15  6.3818E-15  6.2836E-15  2.2000E-15  7.0000E-22  3.0000E-44  3.2000E-45  5.2000E+00  5.3000E+01  9.5944E+21  4.1392E+21  1.1882E+22
5.4545E-15  8.8636E-15  1.4836E-15  2.2000E-15  7.0000E-22  3.0000E-44  3.2000E-45  5.2000E+00  5.3000E+01  1.4171E+22  5.6822E+21  5.7627E+21
4.6364E-15  7.2091E-15  5.5855E-15  2.2000E-15  7.0000E-22  3.0000E-44  3.2000E-45  5.2000E+00  5.3000E+01  1.0479E+22  3.7211E+21  1.1416E+22
1.9636E-15  5.9091E-15  6.4582E-15  2.2000E-15  7.0000E-22  3.0000E-44  3.2000E-45  5.2000E+00  5.3000E+01  1.1016E+22  1.7863E+21  1.2813E+22
2.7818E-15  2.9545E-15  8.3782E-15  2.2000E-15  7.0000E-22  3.0000E-44  3.2000E-45  5.2000E+00  5.3000E+01  8.9938E+21  2.7145E+21  1.3907E+22
9.8182E-16  4.0182E-15  4.5382E-15  2.2000E-15  7.0000E-22  3.0000E-44  3.2000E-45  5.2000E+00  5.3000E+01  1.3413E+22  1.3228E+21  1.0880E+22
4.4182E-15  2.1273E-15  6.5455E-15  2.2000E-15  7.0000E-22  3.0000E-44  3.2000E-45  5.2000E+00  5.3000E+01  8.8684E+21  4.9358E+21  1.1812E+22
4.0364E-15  2.8364E-15  1.2218E-15  2.2000E-15  7.0000E-22  3.0000E-44  3.2000E-45  5.2000E+00  5.3000E+01  1.3094E+22  7.0862E+21  5.4364E+21
1.3091E-15  1.1818E-14  3.3164E-15  2.2000E-15  7.0000E-22  3.0000E-44  3.2000E-45  5.2000E+00  5.3000E+01  1.5346E+22  1.1513E+21  9.1200E+21
3.1636E-15  1.2291E-14  5.2364E-15  2.2000E-15  7.0000E-22  3.0000E-44  3.2000E-45  5.2000E+00  5.3000E+01  1.2014E+22  2.0795E+21  1.1522E+22
9.2727E-16  7.9182E-15  6.9818E-15  2.2000E-15  7.0000E-22  3.0000E-44  3.2000E-45  5.2000E+00  5.3000E+01  1.1241E+22  7.2756E+20  1.3648E+22
3.6000E-15  1.0282E-14  5.3236E-15  2.2000E-15  7.0000E-22  3.0000E-44  3.2000E-45  5.2000E+00  5.3000E+01  1.1566E+22  2.5661E+21  1.1484E+22
2.7273E-15  4.2545E-15  4.6255E-15  2.2000E-15  7.0000E-22  3.0000E-44  3.2000E-45  5.2000E+00  5.3000E+01  1.1827E+22  3.2229E+21  1.0567E+22
1.9091E-15  4.1364E-15  1.7455E-15  2.2000E-15  7.0000E-22  3.0000E-44  3.2000E-45  5.2000E+00  5.3000E+01  1.6107E+22  3.4024E+21  6.1070E+21
7.6364E-16  3.4273E-15  7.0691E-15  2.2000E-15  7.0000E-22  3.0000E-44  3.2000E-45  5.2000E+00  5.3000E+01  1.1080E+22  8.6103E+20  1.3675E+22
4.3091E-15  1.0991E-14  3.8400E-15  2.2000E-15  7.0000E-22  3.0000E-44  3.2000E-45  5.2000E+00  5.3000E+01  1.2716E+22  3.3052E+21  9.5966E+21
4.5273E-15  6.8545E-15  8.9018E-15  2.2000E-15  7.0000E-22  3.0000E-44  3.2000E-45  5.2000E+00  5.3000E+01  8.5444E+21  2.9482E+21  1.4123E+22
1.2000E-15  8.1545E-15  4.2764E-15  2.2000E-15  7.0000E-22  3.0000E-44  3.2000E-45  5.2000E+00  5.3000E+01  1.3870E+22  1.1848E+21  1.0561E+22
1.5818E-15  1.4182E-15  1.1345E-15  2.2000E-15  7.0000E-22  3.0000E-44  3.2000E-45  5.2000E+00  5.3000E+01  1.6441E+22  4.3305E+21  4.8449E+21
3.7091E-15  3.5455E-15  4.1018E-15  2.2000E-15  7.0000E-22  3.0000E-44  3.2000E-45  5.2000E+00  5.3000E+01  1.1304E+22  4.6256E+21  9.6868E+21
3.0000E-15  1.1582E-14  5.7600E-15  2.2000E-15  7.0000E-22  3.0000E-44  3.2000E-45  5.2000E+00  5.3000E+01  1.1555E+22  1.9623E+21  1.2098E+22
4.9636E-15  3.0727E-15  2.7055E-15  2.2000E-15  7.0000E-22  3.0000E-44  3.2000E-45  5.2000E+00  5.3000E+01  1.1112E+22  6.7771E+21  7.7268E+21
4.7455E-15  6.9727E-15  1.0473E-15  2.2000E-15  7.0000E-22  3.0000E-44  3.2000E-45  5.2000E+00  5.3000E+01  1.4655E+22  6.0351E+21  4.9260E+21
4.0909E-15  1.1464E-14  2.6182E-15  2.2000E-15  7.0000E-22  3.0000E-44  3.2000E-45  5.2000E+00  5.3000E+01  1.4345E+22  3.5139E+21  7.7573E+21
5.0727E-15  6.7364E-15  1.3091E-15  2.2000E-15  7.0000E-22  3.0000E-44  3.2000E-45  5.2000E+00  5.3000E+01  1.3933E+22  6.2000E+21  5.4832E+21
5.7818E-15  1.2764E-14  7.6800E-15  2.2000E-15  7.0000E-22  3.0000E-44  3.2000E-45  5.2000E+00  5.3000E+01  9.3723E+21  2.8597E+21  1.3384E+22
5.2364E-15  1.1936E-14  9.3382E-15  2.2000E-15  7.0000E-22  3.0000E-44  3.2000E-45  5.2000E+00  5.3000E+01  8.5656E+21  2.4505E+21  1.4600E+22
3.4364E-15  3.1909E-15  9.2509E-15  2.2000E-15  7.0000E-22  3.0000E-44  3.2000E-45  5.2000E+00  5.3000E+01  8.3099E+21  3.0153E+21  1.4291E+22
5.6727E-15  1.1109E-14  9.4255E-15  2.2000E-15  7.0000E-22  3.0000E-44  3.2000E-45  5.2000E+00  5.3000E+01  8.3718E+21  2.7227E+21  1.4524E+22
1.3636E-15  7.6818E-15  8.1164E-15  2.2000E-15  7.0000E-22  3.0000E-44  3.2000E-45  5.2000E+00  5.3000E+01  1.0179E+22  9.7937E+20  1.4458E+22
1.1455E-15  5.0818E-15  1.3964E-15  2.2000E-15  7.0000E-22  3.0000E-44  3.2000E-45  5.2000E+00  5.3000E+01  1.8293E+22  2.1336E+21  5.1894E+21
2.3455E-15  4.4909E-15  4.7127E-15  2.2000E-15  7.0000E-22  3.0000E-44  3.2000E-45  5.2000E+00  5.3000E+01  1.2093E+22  2.7510E+21  1.0774E+22
3.3818E-15  6.6182E-15  4.1891E-15  2.2000E-15  7.0000E-22  3.0000E-44  3.2000E-45  5.2000E+00  5.3000E+01  1.2223E+22  3.3679E+21  1.0026E+22
5.8364E-15  9.9273E-15  4.8873E-15  2.2000E-15  7.0000E-22  3.0000E-44  3.2000E-45  5.2000E+00  5.3000E+01  1.0899E+22  4.0682E+21  1.0650E+22
5.1818E-15  1.1700E-14  5.4109E-15  2.2000E-15  7.0000E-22  3.0000E-44  3.2000E-45  5.2000E+00  5.3000E+01  1.0991E+22  3.2396E+21  1.1388E+22
5.3455E-15  4.7273E-15  3.5782E-15  2.2000E-15  7.0000E-22  3.0000E-44  3.2000E-45  5.2000E+00  5.3000E+01  1.0914E+22  5.8087E+21  8.8932E+21
4.1455E-15  5.7909E-15  2.4436E-15  2.2000E-15  7.0000E-22  3.0000E-44  3.2000E-45  5.2000E+00  5.3000E+01  1.3179E+22  5.0179E+21  7.4190E+21
2.0727E-15  8.3909E-15  8.8145E-15  2.2000E-15  7.0000E-22  3.0000E-44  3.2000E-45  5.2000E+00  5.3000E+01  9.5014E+21  1.3227E+21  1.4792E+22
2.1273E-15  2.3636E-15  2.8800E-15  2.2000E-15  7.0000E-22  3.0000E-44  3.2000E-45  5.2000E+00  5.3000E+01  1.3659E+22  3.7912E+21  8.1663E+21
5.5091E-15  1.2173E-14  2.7927E-15  2.2000E-15  7.0000E-22  3.0000E-44  3.2000E-45  5.2000E+00  5.3000E+01  1.3383E+22  4.2326E+21  8.0007E+21
2.8909E-15  3.9000E-15  6.3709E-15  2.2000E-15  7.0000E-22  3.0000E-44  3.2000E-45  5.2000E+00  5.3000E+01  1.0289E+22  2.9941E+21  1.2333E+22
5.4000E-15  1.6545E-15  3.4036E-15  2.2000E-15  7.0000E-22  3.0000E-44  3.2000E-45  5.2000E+00  5.3000E+01  9.5602E+21  7.5911E+21  8.4645E+21
5.6182E-15  1.7727E-15  7.3309E-15  2.2000E-15  7.0000E-22  3.0000E-44  3.2000E-45  5.2000E+00  5.3000E+01  7.7986E+21  5.8102E+21  1.2007E+22
3.2727E-15  1.0400E-14  2.3564E-15  2.2000E-15  7.0000E-22  3.0000E-44  3.2000E-45  5.2000E+00  5.3000E+01  1.5129E+22  3.1815E+21  7.3058E+21
1.8545E-15  1.0164E-14  5.8473E-15  2.2000E-15  7.0000E-22  3.0000E-44  3.2000E-45  5.2000E+00  5.3000E+01  1.1896E+22  1.3504E+21  1.2370E+22
2.4545E-15  1.2409E-14  3.6655E-15  2.2000E-15  7.0000E-22  3.0000E-44  3.2000E-45  5.2000E+00  5.3000E+01  1.4131E+22  1.9187E+21  9.5678E+21
1.6364E-15  1.2645E-14  6.8073E-15  2.2000E-15  7.0000E-22  3.0000E-44  3.2000E-45  5.2000E+00  5.3000E+01  1.1240E+22  9.6815E+20  1.3408E+22
1.2545E-15  1.5364E-15  6.1964E-15  2.2000E-15  7.0000E-22  3.0000E-44  3.2000E-45  5.2000E+00  5.3000E+01  1.1226E+22  1.8296E+21  1.2560E+22
1.0364E-15  1.0518E-14  6.8945E-15  2.2000E-15  7.0000E-22  3.0000E-44  3.2000E-45  5.2000E+00  5.3000E+01  1.1339E+22  6.9454E+20  1.3583E+22
1.4182E-15  4.3727E-15  3.4909E-15  2.2000E-15  7.0000E-22  3.0000E-44  3.2000E-45  5.2000E+00  5.3000E+01  1.4297E+22  2.0310E+21  9.2898E+21
6.0000E-16  2.0091E-15  2.5309E-15  2.2000E-15  7.0000E-22  3.0000E-44  3.2000E-45  5.2000E+00  5.3000E+01  1.6579E+22  1.3553E+21  7.6828E+21
2.6182E-15  1.2527E-14  5.0618E-15  2.2000E-15  7.0000E-22  3.0000E-44  3.2000E-45  5.2000E+00  5.3000E+01  1.2445E+22  1.7594E+21  1.1411E+22
7.0909E-16  5.4364E-15  4.4509E-15  2.2000E-15  7.0000E-22  3.0000E-44  3.2000E-45  5.2000E+00  5.3000E+01  1.3889E+22  8.6364E+20  1.0863E+22
4.6909E-15  9.8091E-15  9.1636E-15  2.2000E-15  7.0000E-22  3.0000E-44  3.2000E-45  5.2000E+00  5.3000E+01  8.6349E+21  2.5069E+21  1.4474E+22
3.6545E-15  9.6909E-15  8.2909E-15  2.2000E-15  7.0000E-22  3.0000E-44  3.2000E-45  5.2000E+00  5.3000E+01  9.3822E+21  2.1391E+21  1.4095E+22
2.2364E-15  1.0873E-14  6.0218E-15  2.2000E-15  7.0000E-22  3.0000E-44  3.2000E-45  5.2000E+00  5.3000E+01  1.1603E+22  1.5220E+21  1.2491E+22
4.4727E-15  1.3000E-14  7.9418E-15  2.2000E-15  7.0000E-22  3.0000E-44  3.2000E-45  5.2000E+00  5.3000E+01  9.5732E+21  2.2189E+21  1.3824E+22
4.8545E-15  7.5636E-15  3.7527E-15  2.2000E-15  7.0000E-22  3.0000E-44  3.2000E-45  5.2000E+00  5.3000E+01  1.1883E+22  4.4267E+21  9.3070E+21
5.0182E-15  3.3091E-15  9.5127E-15  2.2000E-15  7.0000E-22  3.0000E-44  3.2000E-45  5.2000E+00  5.3000E+01  7.6212E+21  4.0446E+21  1.3950E+22
2.6727E-15  1.1227E-14  1.5709E-15  2.2000E-15  7.0000E-22  3.0000E-44  3.2000E-45  5.2000E+00  5.3000E+01  1.7091E+22  2.8451E+21  5.6803E+21
1.8000E-15  8.2727E-15  1.9200E-15  2.2000E-15  7.0000E-22  3.0000E-44  3.2000E-45  5.2000E+00  5.3000E+01  1.6903E+22  2.2896E+21  6.4236E+21
3.7636E-15  8.6273E-15  8.0291E-15  2.2000E-15  7.0000E-22  3.0000E-44  3.2000E-45  5.2000E+00  5.3000E+01  9.4193E+21  2.3777E+21  1.3819E+22
2.4000E-15  3.7818E-15  1.6582E-15  2.2000E-15  7.0000E-22  3.0000E-44  3.2000E-45  5.2000E+00  5.3000E+01  1.5356E+22  4.2742E+21  5.9859E+21
2.5636E-15  2.2455E-15  3.1418E-15  2.2000E-15  7.0000E-22  3.0000E-44  3.2000E-45  5.2000E+00  5.3000E+01  1.2783E+22  4.3230E+21  8.5105E+21
4.9091E-15  1.0755E-14  5.1491E-15  2.2000E-15  7.0000E-22  3.0000E-44  3.2000E-45  5.2000E+00  5.3000E+01  1.1197E+22  3.3140E+21  1.1107E+22
3.2182E-15  8.5091E-15  5.4982E-15  2.2000E-15  7.0000E-22  3.0000E-44  3.2000E-45  5.2000E+00  5.3000E+01  1.1410E+22  2.5352E+21  1.1670E+22
3.0545E-15  9.1000E-15  8.4655E-15  2.2000E-15  7.0000E-22  3.0000E-44  3.2000E-45  5.2000E+00  5.3000E+01  9.4275E+21  1.8588E+21  1.4330E+22
4.8000E-15  5.3182E-15  8.2036E-15  2.2000E-15  7.0000E-22  3.0000E-44  3.2000E-45  5.2000E+00  5.3000E+01  8.5895E+21  3.6031E+21  1.3421E+22
1.5273E-15  9.2182E-15  9.6000E-16  2.2000E-15  7.0000E-22  3.0000E-44  3.2000E-45  5.2000E+00  5.3000E+01  1.9420E+22  2.1695E+21  4.0266E+21
3.4909E-15  4.8455E-15  2.1818E-15  2.2000E-15  7.0000E-22  3.0000E-44  3.2000E-45  5.2000E+00  5.3000E+01  1.3759E+22  4.8682E+21  6.9889E+21
8.7273E-16  8.7455E-15  4.9745E-15  2.2000E-15  7.0000E-22  3.0000E-44  3.2000E-45  5.2000E+00  5.3000E+01  1.3282E+22  7.8136E+20  1.1553E+22
3.1091E-15  7.0909E-15  7.5927E-15  2.2000E-15  7.0000E-22  3.0000E-44  3.2000E-45  5.2000E+00  5.3000E+01  9.7857E+21  2.2793E+21  1.3551E+22
2.2909E-15  3.6636E-15  3.9273E-15  2.2000E-15  7.0000E-22  3.0000E-44  3.2000E-45  5.2000E+00  5.3000E+01  1.2737E+22  3.1427E+21  9.7374E+21
1.0909E-15  1.0045E-14  8.9891E-15  2.2000E-15  7.0000E-22  3.0000E-44  3.2000E-45  5.2000E+00  5.3000E+01  9.7662E+21  6.3954E+20  1.5210E+22
2.8364E-15  7.3273E-15  7.1564E-15  2.2000E-15  7.0000E-22  3.0000E-44  3.2000E-45  5.2000E+00  5.3000E+01  1.0206E+22  2.1345E+21  1.3276E+22
5.5636E-15  8.0364E-15  5.9345E-15  2.2000E-15  7.0000E-22  3.0000E-44  3.2000E-45  5.2000E+00  5.3000E+01  9.9791E+21  3.9953E+21  1.1642E+22
4.2000E-15  5.2000E-15  9.0764E-15  2.2000E-15  7.0000E-22  3.0000E-44  3.2000E-45  5.2000E+00  5.3000E+01  8.3767E+21  3.0699E+21  1.4167E+22
5.9455E-15  2.4818E-15  6.7200E-15  2.2000E-15  7.0000E-22  3.0000E-44  3.2000E-45  5.2000E+00  5.3000E+01  8.1236E+21  5.8964E+21  1.1596E+22
1.6909E-15  4.9636E-15  6.1091E-15  2.2000E-15  7.0000E-22  3.0000E-44  3.2000E-45  5.2000E+00  5.3000E+01  1.1377E+22  1.7290E+21  1.2510E+22
5.1273E-15  6.0273E-15  4.3636E-15  2.2000E-15  7.0000E-22  3.0000E-44  3.2000E-45  5.2000E+00  5.3000E+01  1.0865E+22  4.8131E+21  9.9383E+21
2.5091E-15  6.2636E-15  8.5527E-15  2.2000E-15  7.0000E-22  3.0000E-44  3.2000E-45  5.2000E+00  5.3000E+01  9.3713E+21  1.8569E+21  1.4388E+22
3.9818E-15  1.8909E-15  2.0073E-15  2.2000E-15  7.0000E-22  3.0000E-44  3.2000E-45  5.2000E+00  5.3000E+01  1.1883E+22  6.9888E+21  6.7442E+21
3.8182E-15  1.2055E-14  3.2291E-15  2.2000E-15  7.0000E-22  3.0000E-44  3.2000E-45  5.2000E+00  5.3000E+01  1.3828E+22  3.0150E+21  8.7738E+21
2.0182E-15  9.4545E-15  5.6727E-15  2.2000E-15  7.0000E-22  3.0000E-44  3.2000E-45  5.2000E+00  5.3000E+01  1.1937E+22  1.5467E+21  1.2133E+22
6.5455E-16  1.3000E-15  9.6000E-15  2.2000E-15  7.0000E-22  3.0000E-44  3.2000E-45  5.2000E+00  5.3000E+01  9.3108E+21  7.6772E+20  1.5537E+22
6.0000E-15  4.6091E-15  7.5055E-15  2.2000E-15  7.0000E-22  3.0000E-44  3.2000E-45  5.2000E+00  5.3000E+01  8.3396E+21  4.7536E+21  1.2523E+22
3.9273E-15  7.8000E-15  1.8327E-15  2.2000E-15  7.0000E-22  3.0000E-44  3.2000E-45  5.2000E+00  5.3000E+01  1.4719E+22  4.5494E+21  6.3482E+21
3.5455E-15  6.1455E-15  2.9673E-15  2.2000E-15  7.0000E-22  3.0000E-44  3.2000E-45  5.2000E+00  5.3000E+01  1.3241E+22  4.0999E+21  8.2761E+21
8.1818E-16  6.5000E-15  4.8000E-15  2.2000E-15  7.0000E-22  3.0000E-44  3.2000E-45  5.2000E+00  5.3000E+01  1.3426E+22  8.7581E+20  1.1314E+22
4.5818E-15  1.2882E-14  3.0545E-15  2.2000E-15  7.0000E-22  3.0000E-44  3.2000E-45  5.2000E+00  5.3000E+01  1.3711E+22  3.4408E+21  8.4651E+21
