6.0000E-16  1.3000E-16  9.6000E-16  2.2000E-15  7.0000E-22  3.0000E-44  3.2000E-45  5.2000E+00  5.3000E+01  1.9041E+22  2.4894E+21  4.0853E+21
6.0000E-16  2.6000E-16  9.6000E-16  2.2000E-15  7.0000E-22  3.0000E-44  3.2000E-45  5.2000E+00  5.3000E+01  1.9111E+22  2.4303E+21  4.0745E+21
6.0000E-16  3.9000E-16  9.6000E-16  2.2000E-15  7.0000E-22  3.0000E-44  3.2000E-45  5.2000E+00  5.3000E+01  1.9178E+22  2.3739E+21  4.0641E+21
6.0000E-16  5.2000E-16  9.6000E-16  2.2000E-15  7.0000E-22  3.0000E-44  3.2000E-45  5.2000E+00  5.3000E+01  1.9242E+22  2.3201E+21  4.0543E+21
6.0000E-16  6.5000E-16  9.6000E-16  2.2000E-15  7.0000E-22  3.0000E-44  3.2000E-45  5.2000E+00  5.3000E+01  1.9303E+22  2.2686E+21  4.0448E+21
6.0000E-16  7.8000E-16  9.6000E-16  2.2000E-15  7.0000E-22  3.0000E-44  3.2000E-45  5.2000E+00  5.3000E+01  1.9361E+22  2.2194E+21  4.0358E+21
6.0000E-16  9.1000E-16  9.6000E-16  2.2000E-15  7.0000E-22  3.0000E-44  3.2000E-45  5.2000E+00  5.3000E+01  1.9417E+22  2.1722E+21  4.0271E+21
6.0000E-16  1.0400E-15  9.6000E-16  2.2000E-15  7.0000E-22  3.0000E-44  3.2000E-45  5.2000E+00  5.3000E+01  1.9470E+22  2.1270E+21  4.0188E+21
6.0000E-16  1.1700E-15  9.6000E-16  2.2000E-15  7.0000E-22  3.0000E-44  3.2000E-45  5.2000E+00  5.3000E+01  1.9521E+22  2.0836E+21  4.0109E+21
6.0000E-16  1.3000E-15  9.6000E-16  2.2000E-15  7.0000E-22  3.0000E-44  3.2000E-45  5.2000E+00  5.3000E+01  1.9571E+22  2.0420E+21  4.0032E+21
6.0000E-16  1.4300E-15  9.6000E-16  2.2000E-15  7.0000E-22  3.0000E-44  3.2000E-45  5.2000E+00  5.3000E+01  1.9618E+22  2.0019E+21  3.9959E+21
6.0000E-16  1.5600E-15  9.6000E-16  2.2000E-15  7.0000E-22  3.0000E-44  3.2000E-45  5.2000E+00  5.3000E+01  1.9664E+22  1.9634E+21  3.9888E+21
6.0000E-16  1.6900E-15  9.6000E-16  2.2000E-15  7.0000E-22  3.0000E-44  3.2000E-45  5.2000E+00  5.3000E+01  1.9708E+22  1.9264E+21  3.9820E+21
6.0000E-16  1.8200E-15  9.6000E-16  2.2000E-15  7.0000E-22  3.0000E-44  3.2000E-45  5.2000E+00  5.3000E+01  1.9750E+22  1.8907E+21  3.9755E+21
6.0000E-16  1.9500E-15  9.6000E-16  2.2000E-15  7.0000E-22  3.0000E-44  3.2000E-45  5.2000E+00  5.3000E+01  1.9790E+22  1.8563E+21  3.9692E+21
6.0000E-16  2.0800E-15  9.6000E-16  2.2000E-15  7.0000E-22  3.0000E-44  3.2000E-45  5.2000E+00  5.3000E+01  1.9830E+22  1.8231E+21  3.9631E+21
6.0000E-16  2.2100E-15  9.6000E-16  2.2000E-15  7.0000E-22  3.0000E-44  3.2000E-45  5.2000E+00  5.3000E+01  1.9868E+22  1.7911E+21  3.9572E+21
6.0000E-16  2.3400E-15  9.6000E-16  2.2000E-15  7.0000E-22  3.0000E-44  3.2000E-45  5.2000E+00  5.3000E+01  1.9904E+22  1.7602E+21  3.9515E+21
6.0000E-16  2.4700E-15  9.6000E-16  2.2000E-15  7.0000E-22  3.0000E-44  3.2000E-45  5.2000E+00  5.3000E+01  1.9940E+22  1.7303E+21  3.9461E+21
6.0000E-16  2.6000E-15  9.6000E-16  2.2000E-15  7.0000E-22  3.0000E-44  3.2000E-45  5.2000E+00  5.3000E+01  1.9974E+22  1.7015E+21  3.9408E+21
6.0000E-16  2.7300E-15  9.6000E-16  2.2000E-15  7.0000E-22  3.0000E-44  3.2000E-45  5.2000E+00  5.3000E+01  2.0007E+22  1.6735E+21  3.9356E+21
6.0000E-16  2.8600E-15  9.6000E-16  2.2000E-15  7.0000E-22  3.0000E-44  3.2000E-45  5.2000E+00  5.3000E+01  2.0039E+22  1.6465E+21  3.9307E+21
6.0000E-16  2.9900E-15  9.6000E-16  2.2000E-15  7.0000E-22  3.0000E-44  3.2000E-45  5.2000E+00  5.3000E+01  2.0070E+22  1.6203E+21  3.9259E+21
6.0000E-16  3.1200E-15  9.6000E-16  2.2000E-15  7.0000E-22  3.0000E-44  3.2000E-45  5.2000E+00  5.3000E+01  2.0100E+22  1.5950E+21  3.9212E+21
6.0000E-16  3.2500E-15  9.6000E-16  2.2000E-15  7.0000E-22  3.0000E-44  3.2000E-45  5.2000E+00  5.3000E+01  2.0129E+22  1.5704E+21  3.9167E+21
6.0000E-16  3.3800E-15  9.6000E-16  2.2000E-15  7.0000E-22  3.0000E-44  3.2000E-45  5.2000E+00  5.3000E+01  2.0157E+22  1.5466E+21  3.9124E+21
6.0000E-16  3.5100E-15  9.6000E-16  2.2000E-15  7.0000E-22  3.0000E-44  3.2000E-45  5.2000E+00  5.3000E+01  2.0184E+22  1.5234E+21  3.9081E+21
6.0000E-16  3.6400E-15  9.6000E-16  2.2000E-15  7.0000E-22  3.0000E-44  3.2000E-45  5.2000E+00  5.3000E+01  2.0211E+22  1.5010E+21  3.9040E+21
6.0000E-16  3.7700E-15  9.6000E-16  2.2000E-15  7.0000E-22  3.0000E-44  3.2000E-45  5.2000E+00  5.3000E+01  2.0237E+22  1.4792E+21  3.9000E+21
6.0000E-16  3.9000E-15  9.6000E-16  2.2000E-15  7.0000E-22  3.0000E-44  3.2000E-45  5.2000E+00  5.3000E+01  2.0262E+22  1.4580E+21  3.8961E+21
6.0000E-16  4.0300E-15  9.6000E-16  2.2000E-15  7.0000E-22  3.0000E-44  3.2000E-45  5.2000E+00  5.3000E+01  2.0286E+22  1.4374E+21  3.8923E+21
6.0000E-16  4.1600E-15  9.6000E-16  2.2000E-15  7.0000E-22  3.0000E-44  3.2000E-45  5.2000E+00  5.3000E+01  2.0310E+22  1.4174E+21  3.8887E+21
6.0000E-16  4.2900E-15  9.6000E-16  2.2000E-15  7.0000E-22  3.0000E-44  3.2000E-45  5.2000E+00  5.3000E+01  2.0333E+22  1.3980E+21  3.8851E+21
6.0000E-16  4.4200E-15  9.6000E-16  2.2000E-15  7.0000E-22  3.0000E-44  3.2000E-45  5.2000E+00  5.3000E+01  2.0355E+22  1.3790E+21  3.8816E+21
6.0000E-16  4.5500E-15  9.6000E-16  2.2000E-15  7.0000E-22  3.0000E-44  3.2000E-45  5.2000E+00  5.3000E+01  2.0377E+22  1.3606E+21  3.8783E+21
6.0000E-16  4.6800E-15  9.6000E-16  2.2000E-15  7.0000E-22  3.0000E-44  3.2000E-45  5.2000E+00  5.3000E+01  2.0398E+22  1.3426E+21  3.8750E+21
6.0000E-16  4.8100E-15  9.6000E-16  2.2000E-15  7.0000E-22  3.0000E-44  3.2000E-45  5.2000E+00  5.3000E+01  2.0419E+22  1.3252E+21  3.8718E+21
6.0000E-16  4.9400E-15  9.6000E-16  2.2000E-15  7.0000E-22  3.0000E-44  3.2000E-45  5.2000E+00  5.3000E+01  2.0439E+22  1.3081E+21  3.8686E+21
6.0000E-16  5.0700E-15  9.6000E-16  2.2000E-15  7.0000E-22  3.0000E-44  3.2000E-45  5.2000E+00  5.3000E+01  2.0459E+22  1.2915E+21  3.8656E+21
6.0000E-16  5.2000E-15  9.6000E-16  2.2000E-15  7.0000E-22  3.0000E-44  3.2000E-45  5.2000E+00  5.3000E+01  2.0478E+22  1.2753E+21  3.8626E+21
6.0000E-16  5.3300E-15  9.6000E-16  2.2000E-15  7.0000E-22  3.0000E-44  3.2000E-45  5.2000E+00  5.3000E+01  2.0497E+22  1.2596E+21  3.8597E+21
6.0000E-16  5.4600E-15  9.6000E-16  2.2000E-15  7.0000E-22  3.0000E-44  3.2000E-45  5.2000E+00  5.3000E+01  2.0515E+22  1.2442E+21  3.8569E+21
6.0000E-16  5.5900E-15  9.6000E-16  2.2000E-15  7.0000E-22  3.0000E-44  3.2000E-45  5.2000E+00  5.3000E+01  2.0533E+22  1.2291E+21  3.8542E+21
6.0000E-16  5.7200E-15  9.6000E-16  2.2000E-15  7.0000E-22  3.0000E-44  3.2000E-45  5.2000E+00  5.3000E+01  2.0550E+22  1.2145E+21  3.8515E+21
6.0000E-16  5.8500E-15  9.6000E-16  2.2000E-15  7.0000E-22  3.0000E-44  3.2000E-45  5.2000E+00  5.3000E+01  2.0567E+22  1.2001E+21  3.8488E+21
6.0000E-16  5.9800E-15  9.6000E-16  2.2000E-15  7.0000E-22  3.0000E-44  3.2000E-45  5.2000E+00  5.3000E+01  2.0584E+22  1.1861E+21  3.8463E+21
6.0000E-16  6.1100E-15  9.6000E-16  2.2000E-15  7.0000E-22  3.0000E-44  3.2000E-45  5.2000E+00  5.3000E+01  2.0600E+22  1.1725E+21  3.8438E+21
6.0000E-16  6.2400E-15  9.6000E-16  2.2000E-15  7.0000E-22  3.0000E-44  3.2000E-45  5.2000E+00  5.3000E+01  2.0616E+22  1.1591E+21  3.8413E+21
6.0000E-16  6.3700E-15  9.6000E-16  2.2000E-15  7.0000E-22  3.0000E-44  3.2000E-45  5.2000E+00  5.3000E+01  2.0631E+22  1.1460E+21  3.8389E+21
6.0000E-16  6.5000E-15  9.6000E-16  2.2000E-15  7.0000E-22  3.0000E-44  3.2000E-45  5.2000E+00  5.3000E+01  2.0646E+22  1.1333E+21  3.8366E+21
6.0000E-16  6.6300E-15  9.6000E-16  2.2000E-15  7.0000E-22  3.0000E-44  3.2000E-45  5.2000E+00  5.3000E+01  2.0661E+22  1.1208E+21  3.8343E+21
6.0000E-16  6.7600E-15  9.6000E-16  2.2000E-15  7.0000E-22  3.0000E-44  3.2000E-45  5.2000E+00  5.3000E+01  2.0675E+22  1.1086E+21  3.8321E+21
6.0000E-16  6.8900E-15  9.6000E-16  2.2000E-15  7.0000E-22  3.0000E-44  3.2000E-45  5.2000E+00  5.3000E+01  2.0689E+22  1.0966E+21  3.8299E+21
6.0000E-16  7.0200E-15  9.6000E-16  2.2000E-15  7.0000E-22  3.0000E-44  3.2000E-45  5.2000E+00  5.3000E+01  2.0703E+22  1.0849E+21  3.8277E+21
6.0000E-16  7.1500E-15  9.6000E-16  2.2000E-15  7.0000E-22  3.0000E-44  3.2000E-45  5.2000E+00  5.3000E+01  2.0717E+22  1.0735E+21  3.8256E+21
6.0000E-16  7.2800E-15  9.6000E-16  2.2000E-15  7.0000E-22  3.0000E-44  3.2000E-45  5.2000E+00  5.3000E+01  2.0730E+22  1.0622E+21  3.8236E+21
6.0000E-16  7.4100E-15  9.6000E-16  2.2000E-15  7.0000E-22  3.0000E-44  3.2000E-45  5.2000E+00  5.3000E+01  2.0743E+22  1.0513E+21  3.8216E+21
6.0000E-16  7.5400E-15  9.6000E-16  2.2000E-15  7.0000E-22  3.0000E-44  3.2000E-45  5.2000E+00  5.3000E+01  2.0756E+22  1.0405E+21  3.8196E+21
6.0000E-16  7.6700E-15  9.6000E-16  2.2000E-15  7.0000E-22  3.0000E-44  3.2000E-45  5.2000E+00  5.3000E+01  2.0768E+22  1.0300E+21  3.8176E+21
6.0000E-16  7.8000E-15  9.6000E-16  2.2000E-15  7.0000E-22  3.0000E-44  3.2000E-45  5.2000E+00  5.3000E+01  2.0781E+22  1.0196E+21  3.8158E+21
6.0000E-16  7.9300E-15  9.6000E-16  2.2000E-15  7.0000E-22  3.0000E-44  3.2000E-45  5.2000E+00  5.3000E+01  2.0793E+22  1.0095E+21  3.8139E+21
6.0000E-16  8.0600E-15  9.6000E-16  2.2000E-15  7.0000E-22  3.0000E-44  3.2000E-45  5.2000E+00  5.3000E+01  2.0804E+22  9.9958E+20  3.8121E+21
6.0000E-16  8.1900E-15  9.6000E-16  2.2000E-15  7.0000E-22  3.0000E-44  3.2000E-45  5.2000E+00  5.3000E+01  2.0816E+22  9.8985E+20  3.8103E+21
6.0000E-16  8.3200E-15  9.6000E-16  2.2000E-15  7.0000E-22  3.0000E-44  3.2000E-45  5.2000E+00  5.3000E+01  2.0827E+22  9.8031E+20  3.8085E+21
6.0000E-16  8.4500E-15  9.6000E-16  2.2000E-15  7.0000E-22  3.0000E-44  3.2000E-45  5.2000E+00  5.3000E+01  2.0838E+22  9.7094E+20  3.8068E+21
6.0000E-16  8.5800E-15  9.6000E-16  2.2000E-15  7.0000E-22  3.0000E-44  3.2000E-45  5.2000E+00  5.3000E+01  2.0849E+22  9.6176E+20  3.8051E+21
6.0000E-16  8.7100E-15  9.6000E-16  2.2000E-15  7.0000E-22  3.0000E-44  3.2000E-45  5.2000E+00  5.3000E+01  2.0860E+22  9.5274E+20  3.8035E+21
6.0000E-16  8.8400E-15  9.6000E-16  2.2000E-15  7.0000E-22  3.0000E-44  3.2000E-45  5.2000E+00  5.3000E+01  2.0870E+22  9.4389E+20  3.8019E+21
6.0000E-16  8.9700E-15  9.6000E-16  2.2000E-15  7.0000E-22  3.0000E-44  3.2000E-45  5.2000E+00  5.3000E+01  2.0880E+22  9.3521E+20  3.8003E+21
6.0000E-16  9.1000E-15  9.6000E-16  2.2000E-15  7.0000E-22  3.0000E-44  3.2000E-45  5.2000E+00  5.3000E+01  2.0891E+22  9.2668E+20  3.7987E+21
6.0000E-16  9.2300E-15  9.6000E-16  2.2000E-15  7.0000E-22  3.0000E-44  3.2000E-45  5.2000E+00  5.3000E+01  2.0900E+22  9.1831E+20  3.7972E+21
6.0000E-16  9.3600E-15  9.6000E-16  2.2000E-15  7.0000E-22  3.0000E-44  3.2000E-45  5.2000E+00  5.3000E+01  2.0910E+22  9.1008E+20  3.7957E+21
6.0000E-16  9.4900E-15  9.6000E-16  2.2000E-15  7.0000E-22  3.0000E-44  3.2000E-45  5.2000E+00  5.3000E+01  2.0920E+22  9.0201E+20  3.7942E+21
6.0000E-16  9.6200E-15  9.6000E-16  2.2000E-15  7.0000E-22  3.0000E-44  3.2000E-45  5.2000E+00  5.3000E+01  2.0929E+22  8.9407E+20  3.7927E+21
6.0000E-16  9.7500E-15  9.6000E-16  2.2000E-15  7.0000E-22  3.0000E-44  3.2000E-45  5.2000E+00  5.3000E+01  2.0938E+22  8.8627E+20  3.7913E+21
6.0000E-16  9.8800E-15  9.6000E-16  2.2000E-15  7.0000E-22  3.0000E-44  3.2000E-45  5.2000E+00  5.3000E+01  2.0947E+22  8.7861E+20  3.7899E+21
6.0000E-16  1.0010E-14  9.6000E-16  2.2000E-15  7.0000E-22  3.0000E-44  3.2000E-45  5.2000E+00  5.3000E+01  2.0956E+22  8.7165E+20  3.7886E+21
6.0000E-16  1.0140E-14  9.6000E-16  2.2000E-15  7.0000E-22  3.0000E-44  3.2000E-45  5.2000E+00  5.3000E+01  2.0962E+22  8.6594E+20  3.7876E+21
6.0000E-16  1.0270E-14  9.6000E-16  2.2000E-15  7.0000E-22  3.0000E-44  3.2000E-45  5.2000E+00  5.3000E+01  2.0976E+22  8.5473E+20  3.7855E+21
6.0000E-16  1.0400E-14  9.6000E-16  2.2000E-15  7.0000E-22  3.0000E-44  3.2000E-45  5.2000E+00  5.3000E+01  2.0982E+22  8.4924E+20  3.7845E+21
6.0000E-16  1.0530E-14  9.6000E-16  2.2000E-15  7.0000E-22  3.0000E-44  3.2000E-45  5.2000E+00  5.3000E+01  2.0989E+22  8.4381E+20  3.7835E+21
6.0000E-16  1.0660E-14  9.6000E-16  2.2000E-15  7.0000E-22  3.0000E-44  3.2000E-45  5.2000E+00  5.3000E+01  2.1001E+22  8.3317E+20  3.7816E+21
6.0000E-16  1.0790E-14  9.6000E-16  2.2000E-15  7.0000E-22  3.0000E-44  3.2000E-45  5.2000E+00  5.3000E+01  2.1007E+22  8.2795E+20  3.7806E+21
6.0000E-16  1.0920E-14  9.6000E-16  2.2000E-15  7.0000E-22  3.0000E-44  3.2000E-45  5.2000E+00  5.3000E+01  2.1013E+22  8.2279E+20  3.7797E+21
6.0000E-16  1.1050E-14  9.6000E-16  2.2000E-15  7.0000E-22  3.0000E-44  3.2000E-45  5.2000E+00  5.3000E+01  2.1025E+22  8.1266E+20  3.7778E+21
6.0000E-16  1.1180E-14  9.6000E-16  2.2000E-15  7.0000E-22  3.0000E-44  3.2000E-45  5.2000E+00  5.3000E+01  2.1031E+22  8.0769E+20  3.7769E+21
6.0000E-16  1.1310E-14  9.6000E-16  2.2000E-15  7.0000E-22  3.0000E-44  3.2000E-45  5.2000E+00  5.3000E+01  2.1037E+22  8.0279E+20  3.7760E+21
6.0000E-16  1.1440E-14  9.6000E-16  2.2000E-15  7.0000E-22  3.0000E-44  3.2000E-45  5.2000E+00  5.3000E+01  2.1043E+22  7.9794E+20  3.7751E+21
6.0000E-16  1.1570E-14  9.6000E-16  2.2000E-15  7.0000E-22  3.0000E-44  3.2000E-45  5.2000E+00  5.3000E+01  2.1054E+22  7.8841E+20  3.7734E+21
6.0000E-16  1.1700E-14  9.6000E-16  2.2000E-15  7.0000E-22  3.0000E-44  3.2000E-45  5.2000E+00  5.3000E+01  2.1060E+22  7.8373E+20  3.7725E+21
6.0000E-16  1.1830E-14  9.6000E-16  2.2000E-15  7.0000E-22  3.0000E-44  3.2000E-45  5.2000E+00  5.3000E+01  2.1065E+22  7.7911E+20  3.7717E+21
6.0000E-16  1.1960E-14  9.6000E-16  2.2000E-15  7.0000E-22  3.0000E-44  3.2000E-45  5.2000E+00  5.3000E+01  2.1076E+22  7.7002E+20  3.7700E+21
6.0000E-16  1.2090E-14  9.6000E-16  2.2000E-15  7.0000E-22  3.0000E-44  3.2000E-45  5.2000E+00  5.3000E+01  2.1081E+22  7.6556E+20  3.7692E+21
6.0000E-16  1.2220E-14  9.6000E-16  2.2000E-15  7.0000E-22  3.0000E-44  3.2000E-45  5.2000E+00  5.3000E+01  2.1086E+22  7.6115E+20  3.7684E+21
6.0000E-16  1.2350E-14  9.6000E-16  2.2000E-15  7.0000E-22  3.0000E-44  3.2000E-45  5.2000E+00  5.3000E+01  2.1097E+22  7.5247E+20  3.7668E+21
6.0000E-16  1.2480E-14  9.6000E-16  2.2000E-15  7.0000E-22  3.0000E-44  3.2000E-45  5.2000E+00  5.3000E+01  2.1102E+22  7.4821E+20  3.7660E+21
6.0000E-16  1.2610E-14  9.6000E-16  2.2000E-15  7.0000E-22  3.0000E-44  3.2000E-45  5.2000E+00  5.3000E+01  2.1107E+22  7.4399E+20  3.7652E+21
6.0000E-16  1.2740E-14  9.6000E-16  2.2000E-15  7.0000E-22  3.0000E-44  3.2000E-45  5.2000E+00  5.3000E+01  2.1112E+22  7.3982E+20  3.7645E+21
6.0000E-16  1.2870E-14  9.6000E-16  2.2000E-15  7.0000E-22  3.0000E-44  3.2000E-45  5.2000E+00  5.3000E+01  2.1121E+22  7.3163E+20  3.7630E+21
6.0000E-16  1.3000E-14  9.6000E-16  2.2000E-15  7.0000E-22  3.0000E-44  3.2000E-45  5.2000E+00  5.3000E+01  2.1126E+22  7.2760E+20  3.7622E+21
