4.7245E-15  1.2755E-15  1.7782E-15  8.2429E-15  7.0000E-22  3.0000E-44  3.2000E-45  5.2000E+00  5.3000E+01  1.1690E+22  4.2985E+21  9.6279E+21
5.3198E-15  1.0192E-14  9.1954E-15  4.0812E-15  7.0000E-22  3.0000E-44  3.2000E-45  5.2000E+00  5.3000E+01  8.3668E+21  2.4096E+21  1.4840E+22
1.8472E-15  4.2255E-15  2.2209E-15  4.6779E-15  7.0000E-22  3.0000E-44  3.2000E-45  5.2000E+00  5.3000E+01  1.5459E+22  2.3793E+21  7.7788E+21
2.3150E-15  7.8080E-15  5.2489E-15  2.1259E-14  7.0000E-22  3.0000E-44  3.2000E-45  5.2000E+00  5.3000E+01  1.1555E+22  8.0541E+20  1.3255E+22
5.4517E-15  6.8226E-15  9.2554E-15  6.1628E-15  7.0000E-22  3.0000E-44  3.2000E-45  5.2000E+00  5.3000E+01  7.9200E+21  2.5086E+21  1.5187E+22
5.7859E-15  9.2026E-15  1.0698E-15  1.9200E-14  7.0000E-22  3.0000E-44  3.2000E-45  5.2000E+00  5.3000E+01  1.3083E+22  2.3695E+21  1.0163E+22
3.4406E-15  1.1005E-14  8.8835E-15  1.4964E-14  7.0000E-22  3.0000E-44  3.2000E-45  5.2000E+00  5.3000E+01  8.7767E+21  9.9274E+20  1.5847E+22
2.5350E-15  1.1732E-14  2.0198E-15  1.2578E-14  7.0000E-22  3.0000E-44  3.2000E-45  5.2000E+00  5.3000E+01  1.5676E+22  1.4396E+21  8.5024E+21
2.2484E-15  1.9249E-16  7.0321E-15  3.7780E-15  7.0000E-22  3.0000E-44  3.2000E-45  5.2000E+00  5.3000E+01  9.6042E+21  2.7137E+21  1.3298E+22
2.6882E-15  9.6250E-15  2.5647E-16  5.6788E-15  7.0000E-22  3.0000E-44  3.2000E-45  5.2000E+00  5.3000E+01  1.8993E+22  2.9251E+21  3.6976E+21
2.2225E-15  8.0541E-15  3.9557E-15  2.0055E-14  7.0000E-22  3.0000E-44  3.2000E-45  5.2000E+00  5.3000E+01  1.2932E+22  8.9739E+20  1.1787E+22
1.9832E-15  8.9159E-15  4.3410E-16  1.1015E-14  7.0000E-22  3.0000E-44  3.2000E-45  5.2000E+00  5.3000E+01  1.9245E+22  1.7072E+21  4.6638E+21
5.4212E-15  2.1820E-15  4.9969E-16  2.4282E-15  7.0000E-22  3.0000E-44  3.2000E-45  5.2000E+00  5.3000E+01  1.1591E+22  9.1820E+21  4.8428E+21
5.7048E-15  7.0408E-15  2.4651E-15  1.7674E-14  7.0000E-22  3.0000E-44  3.2000E-45  5.2000E+00  5.3000E+01  1.1515E+22  2.3027E+21  1.1798E+22
2.5887E-15  6.6071E-15  4.6797E-16  1.8168E-14  7.0000E-22  3.0000E-44  3.2000E-45  5.2000E+00  5.3000E+01  1.7483E+22  1.6377E+21  6.4960E+21
7.8516E-16  8.2350E-15  2.3984E-15  1.3513E-14  7.0000E-22  3.0000E-44  3.2000E-45  5.2000E+00  5.3000E+01  1.6928E+22  5.3122E+20  8.1577E+21
1.4854E-16  8.0427E-15  2.7380E-16  4.3119E-15  7.0000E-22  3.0000E-44  3.2000E-45  5.2000E+00  5.3000E+01  2.4030E+22  2.5687E+20  1.3292E+21
3.7596E-15  7.0718E-15  5.3595E-15  2.0725E-14  7.0000E-22  3.0000E-44  3.2000E-45  5.2000E+00  5.3000E+01  1.0468E+22  1.2300E+21  1.3918E+22
4.6048E-15  1.1348E-14  1.3162E-15  1.4217E-14  7.0000E-22  3.0000E-44  3.2000E-45  5.2000E+00  5.3000E+01  1.4456E+22  2.3051E+21  8.8547E+21
3.3419E-15  8.3603E-15  4.8991E-15  8.9160E-15  7.0000E-22  3.0000E-44  3.2000E-45  5.2000E+00  5.3000E+01  1.1469E+22  1.8073E+21  1.2340E+22
3.6987E-16  9.4639E-15  4.2936E-15  1.2227E-14  7.0000E-22  3.0000E-44  3.2000E-45  5.2000E+00  5.3000E+01  1.4424E+22  2.0900E+20  1.0983E+22
3.9533E-15  1.2080E-14  8.4824E-15  1.1310E-14  7.0000E-22  3.0000E-44  3.2000E-45  5.2000E+00  5.3000E+01  8.9388E+21  1.2728E+21  1.5404E+22
3.9845E-16  6.1061E-15  5.2445E-15  1.0399E-14  7.0000E-22  3.0000E-44  3.2000E-45  5.2000E+00  5.3000E+01  1.3158E+22  2.5525E+20  1.2203E+22
1.0049E-15  9.8483E-15  3.0926E-15  1.8179E-14  7.0000E-22  3.0000E-44  3.2000E-45  5.2000E+00  5.3000E+01  1.5453E+22  4.9135E+20  9.6716E+21
3.6915E-16  5.2249E-15  7.5460E-15  7.5584E-15  7.0000E-22  3.0000E-44  3.2000E-45  5.2000E+00  5.3000E+01  1.0972E+22  2.3635E+20  1.4407E+22
1.2017E-15  1.1892E-14  3.8263E-15  9.7704E-15  7.0000E-22  3.0000E-44  3.2000E-45  5.2000E+00  5.3000E+01  1.4404E+22  6.8187E+20  1.0530E+22
3.9194E-15  7.1766E-15  4.1461E-15  2.1685E-14  7.0000E-22  3.0000E-44  3.2000E-45  5.2000E+00  5.3000E+01  1.1302E+22  1.3455E+21  1.2969E+22
5.4282E-15  9.7695E-15  6.7710E-15  1.5016E-14  7.0000E-22  3.0000E-44  3.2000E-45  5.2000E+00  5.3000E+01  9.0754E+21  1.6956E+21  1.4845E+22
4.2712E-16  8.8977E-15  6.1766E-15  1.9228E-14  7.0000E-22  3.0000E-44  3.2000E-45  5.2000E+00  5.3000E+01  1.2151E+22  1.6051E+20  1.3304E+22
9.8615E-17  8.0068E-15  8.5522E-15  1.6177E-15  7.0000E-22  3.0000E-44  3.2000E-45  5.2000E+00  5.3000E+01  1.0389E+22  7.2721E+19  1.5155E+22
3.7122E-15  4.0393E-16  5.8243E-15  8.5076E-15  7.0000E-22  3.0000E-44  3.2000E-45  5.2000E+00  5.3000E+01  9.4824E+21  2.7263E+21  1.3407E+22
1.0159E-15  1.2901E-14  6.8121E-15  1.5975E-14  7.0000E-22  3.0000E-44  3.2000E-45  5.2000E+00  5.3000E+01  1.1263E+22  3.4498E+20  1.4008E+22
1.1803E-15  1.1015E-14  9.5088E-15  1.6829E-14  7.0000E-22  3.0000E-44  3.2000E-45  5.2000E+00  5.3000E+01  9.2724E+21  3.3802E+20  1.6006E+22
7.9134E-16  9.1981E-15  1.5678E-16  1.4135E-14  7.0000E-22  3.0000E-44  3.2000E-45  5.2000E+00  5.3000E+01  2.2566E+22  7.0963E+20  2.3404E+21
2.1672E-15  1.5020E-15  2.8289E-15  1.4076E-14  7.0000E-22  3.0000E-44  3.2000E-45  5.2000E+00  5.3000E+01  1.3723E+22  1.5483E+21  1.0345E+22
2.3185E-15  9.0660E-15  7.4353E-15  4.5565E-15  7.0000E-22  3.0000E-44  3.2000E-45  5.2000E+00  5.3000E+01  1.0247E+22  1.3327E+21  1.4036E+22
4.8257E-15  1.2347E-14  3.4681E-15  1.9314E-14  7.0000E-22  3.0000E-44  3.2000E-45  5.2000E+00  5.3000E+01  1.1783E+22  1.5975E+21  1.2236E+22
3.7083E-15  7.4995E-15  7.3114E-15  1.7197E-14  7.0000E-22  3.0000E-44  3.2000E-45  5.2000E+00  5.3000E+01  9.3136E+21  1.1891E+21  1.5113E+22
1.9951E-15  7.4376E-15  8.8834E-15  2.0269E-14  7.0000E-22  3.0000E-44  3.2000E-45  5.2000E+00  5.3000E+01  9.1763E+21  5.6852E+20  1.5871E+22
3.7451E-15  1.2112E-16  2.6981E-15  1.2920E-14  7.0000E-22  3.0000E-44  3.2000E-45  5.2000E+00  5.3000E+01  1.1758E+22  2.6304E+21  1.1227E+22
3.3423E-15  1.2696E-14  6.8472E-15  1.2586E-14  7.0000E-22  3.0000E-44  3.2000E-45  5.2000E+00  5.3000E+01  1.0148E+22  1.1483E+21  1.4319E+22
1.1467E-15  9.4432E-15  3.5567E-16  1.9543E-14  7.0000E-22  3.0000E-44  3.2000E-45  5.2000E+00  5.3000E+01  2.0976E+22  7.7009E+20  3.8696E+21
1.2659E-15  2.1150E-15  3.2437E-15  1.3797E-14  7.0000E-22  3.0000E-44  3.2000E-45  5.2000E+00  5.3000E+01  1.4471E+22  9.3655E+20  1.0209E+22
2.4312E-15  4.6318E-15  1.4576E-15  9.7883E-15  7.0000E-22  3.0000E-44  3.2000E-45  5.2000E+00  5.3000E+01  1.5803E+22  2.1960E+21  7.6188E+21
1.6386E-15  6.3540E-15  1.6037E-15  1.5402E-14  7.0000E-22  3.0000E-44  3.2000E-45  5.2000E+00  5.3000E+01  1.6927E+22  1.1150E+21  7.5757E+21
6.3068E-16  1.0441E-14  7.3884E-15  1.6615E-14  7.0000E-22  3.0000E-44  3.2000E-45  5.2000E+00  5.3000E+01  1.0969E+22  2.2021E+20  1.4427E+22
4.0524E-15  8.6981E-15  1.4316E-16  9.7616E-15  7.0000E-22  3.0000E-44  3.2000E-45  5.2000E+00  5.3000E+01  1.6651E+22  3.1988E+21  5.7671E+21
1.4179E-15  7.4746E-15  2.6469E-15  2.0472E-14  7.0000E-22  3.0000E-44  3.2000E-45  5.2000E+00  5.3000E+01  1.5488E+22  6.9794E+20  9.4300E+21
2.2663E-15  3.2246E-15  5.6156E-16  1.7811E-14  7.0000E-22  3.0000E-44  3.2000E-45  5.2000E+00  5.3000E+01  1.7314E+22  1.6395E+21  6.6638E+21
4.6362E-15  8.0521E-15  5.7385E-15  2.9071E-15  7.0000E-22  3.0000E-44  3.2000E-45  5.2000E+00  5.3000E+01  1.0441E+22  3.2914E+21  1.1883E+22
3.0117E-15  5.9283E-16  4.9747E-15  2.0332E-14  7.0000E-22  3.0000E-44  3.2000E-45  5.2000E+00  5.3000E+01  1.0739E+22  1.2899E+21  1.3587E+22
2.4586E-17  3.3762E-15  9.3832E-15  1.9042E-14  7.0000E-22  3.0000E-44  3.2000E-45  5.2000E+00  5.3000E+01  9.8421E+21  8.9756E+18  1.5765E+22
1.6587E-15  1.4376E-15  7.1219E-16  2.6545E-15  7.0000E-22  3.0000E-44  3.2000E-45  5.2000E+00  5.3000E+01  1.7014E+22  4.4730E+21  4.1294E+21
4.4152E-15  1.9854E-15  2.6020E-15  2.1954E-14  7.0000E-22  3.0000E-44  3.2000E-45  5.2000E+00  5.3000E+01  1.1659E+22  1.8495E+21  1.2108E+22
5.5440E-15  7.5438E-15  3.4490E-15  1.8508E-14  7.0000E-22  3.0000E-44  3.2000E-45  5.2000E+00  5.3000E+01  1.0868E+22  2.0068E+21  1.2741E+22
2.2924E-15  1.0703E-14  5.2218E-15  1.8232E-15  7.0000E-22  3.0000E-44  3.2000E-45  5.2000E+00  5.3000E+01  1.2345E+22  1.7317E+21  1.1539E+22
1.9250E-15  4.4622E-16  9.2649E-15  1.6706E-14  7.0000E-22  3.0000E-44  3.2000E-45  5.2000E+00  5.3000E+01  8.7611E+21  7.7908E+20  1.6076E+22
1.4640E-15  6.5534E-15  2.1683E-15  1.1766E-14  7.0000E-22  3.0000E-44  3.2000E-45  5.2000E+00  5.3000E+01  1.6269E+22  1.1038E+21  8.2444E+21
4.5532E-15  1.1854E-14  8.2484E-15  1.0666E-14  7.0000E-22  3.0000E-44  3.2000E-45  5.2000E+00  5.3000E+01  8.8720E+21  1.5044E+21  1.5240E+22
5.4736E-15  7.5318E-15  1.1437E-15  1.4858E-15  7.0000E-22  3.0000E-44  3.2000E-45  5.2000E+00  5.3000E+01  1.4173E+22  6.8883E+21  4.5548E+21
1.8763E-15  5.6213E-15  9.2681E-15  2.1207E-15  7.0000E-22  3.0000E-44  3.2000E-45  5.2000E+00  5.3000E+01  9.1667E+21  1.4266E+21  1.5023E+22
4.8313E-15  8.8620E-15  8.2127E-15  1.9717E-14  7.0000E-22  3.0000E-44  3.2000E-45  5.2000E+00  5.3000E+01  8.4207E+21  1.2323E+21  1.5963E+22
5.0941E-15  7.3701E-15  6.9682E-15  4.2149E-15  7.0000E-22  3.0000E-44  3.2000E-45  5.2000E+00  5.3000E+01  9.2948E+21  3.0469E+21  1.3274E+22
5.6829E-15  8.8359E-15  5.7300E-15  1.9814E-14  7.0000E-22  3.0000E-44  3.2000E-45  5.2000E+00  5.3000E+01  9.3640E+21  1.6174E+21  1.4635E+22
2.1715E-15  1.0172E-14  6.0851E-16  1.2360E-14  7.0000E-22  3.0000E-44  3.2000E-45  5.2000E+00  5.3000E+01  1.8644E+22  1.6110E+21  5.3611E+21
5.2047E-15  3.9751E-15  7.0843E-15  1.6802E-14  7.0000E-22  3.0000E-44  3.2000E-45  5.2000E+00  5.3000E+01  8.5002E+21  1.7630E+21  1.5353E+22
2.3876E-15  3.9358E-15  1.9166E-15  1.9829E-15  7.0000E-22  3.0000E-44  3.2000E-45  5.2000E+00  5.3000E+01  1.5077E+22  4.1636E+21  6.3752E+21
4.8520E-15  9.0002E-15  4.5665E-15  1.0466E-14  7.0000E-22  3.0000E-44  3.2000E-45  5.2000E+00  5.3000E+01  1.0862E+22  2.2538E+21  1.2500E+22
4.2513E-15  7.0500E-15  9.9725E-16  2.3112E-15  7.0000E-22  3.0000E-44  3.2000E-45  5.2000E+00  5.3000E+01  1.5255E+22  5.5406E+21  4.8207E+21
2.1805E-15  8.0808E-15  2.1888E-15  1.3938E-14  7.0000E-22  3.0000E-44  3.2000E-45  5.2000E+00  5.3000E+01  1.5395E+22  1.3217E+21  8.8996E+21
3.0338E-15  4.1853E-15  6.8765E-15  1.1881E-15  7.0000E-22  3.0000E-44  3.2000E-45  5.2000E+00  5.3000E+01  9.9543E+21  3.2859E+21  1.2376E+22
4.0588E-15  4.2884E-15  5.2153E-15  9.2349E-15  7.0000E-22  3.0000E-44  3.2000E-45  5.2000E+00  5.3000E+01  1.0291E+22  2.3881E+21  1.2937E+22
5.4938E-15  8.9460E-15  7.8985E-17  1.9013E-14  7.0000E-22  3.0000E-44  3.2000E-45  5.2000E+00  5.3000E+01  1.4535E+22  2.5599E+21  8.5206E+21
5.6562E-15  7.0237E-15  9.0428E-15  5.4163E-15  7.0000E-22  3.0000E-44  3.2000E-45  5.2000E+00  5.3000E+01  7.9964E+21  2.7223E+21  1.4897E+22
1.0459E-15  9.4641E-15  5.3923E-16  1.7555E-14  7.0000E-22  3.0000E-44  3.2000E-45  5.2000E+00  5.3000E+01  2.0728E+22  7.3888E+20  4.1487E+21
4.1974E-15  5.3471E-15  5.4136E-15  6.8600E-15  7.0000E-22  3.0000E-44  3.2000E-45  5.2000E+00  5.3000E+01  1.0283E+22  2.6789E+21  1.2654E+22
1.1772E-15  5.0402E-15  1.8552E-15  9.9229E-15  7.0000E-22  3.0000E-44  3.2000E-45  5.2000E+00  5.3000E+01  1.7155E+22  1.1199E+21  7.3419E+21
2.7781E-15  5.3419E-15  2.3744E-16  1.4482E-14  7.0000E-22  3.0000E-44  3.2000E-45  5.2000E+00  5.3000E+01  1.7432E+22  2.1466E+21  6.0381E+21
3.1357E-15  8.9268E-15  3.7180E-15  5.1202E-15  7.0000E-22  3.0000E-44  3.2000E-45  5.2000E+00  5.3000E+01  1.3011E+22  2.3159E+21  1.0289E+22
9.8985E-16  1.2119E-14  2.0321E-15  1.4539E-14  7.0000E-22  3.0000E-44  3.2000E-45  5.2000E+00  5.3000E+01  1.7510E+22  5.8176E+20  7.5250E+21
5.7560E-15  4.9593E-15  2.9977E-15  1.0330E-14  7.0000E-22  3.0000E-44  3.2000E-45  5.2000E+00  5.3000E+01  1.0890E+22  3.3046E+21  1.1421E+22
7.4448E-16  1.1844E-14  3.2245E-15  1.8082E-14  7.0000E-22  3.0000E-44  3.2000E-45  5.2000E+00  5.3000E+01  1.5615E+22  3.4694E+20  9.6536E+21
2.5504E-15  6.2758E-16  1.1076E-15  1.4757E-14  7.0000E-22  3.0000E-44  3.2000E-45  5.2000E+00  5.3000E+01  1.5312E+22  2.1015E+21  8.2027E+21
5.4801E-15  1.0548E-14  5.6793E-15  2.0020E-14  7.0000E-22  3.0000E-44  3.2000E-45  5.2000E+00  5.3000E+01  9.6121E+21  1.5131E+21  1.4491E+22
1.2546E-15  1.7766E-15  6.6958E-15  6.9248E-15  7.0000E-22  3.0000E-44  3.2000E-45  5.2000E+00  5.3000E+01  1.0881E+22  1.0596E+21  1.3675E+22
1.4993E-15  6.9339E-16  4.2659E-15  3.4639E-16  7.0000E-22  3.0000E-44  3.2000E-45  5.2000E+00  5.3000E+01  1.2195E+22  4.2587E+21  9.1625E+21
8.4675E-16  8.3760E-15  4.8558E-16  2.6862E-15  7.0000E-22  3.0000E-44  3.2000E-45  5.2000E+00  5.3000E+01  2.1715E+22  1.4231E+21  2.4778E+21
3.8498E-15  1.1947E-14  7.0935E-15  1.5492E-14  7.0000E-22  3.0000E-44  3.2000E-45  5.2000E+00  5.3000E+01  9.6583E+21  1.1711E+21  1.4787E+22
5.9800E-15  1.7573E-16  3.6831E-15  1.1726E-14  7.0000E-22  3.0000E-44  3.2000E-45  5.2000E+00  5.3000E+01  9.2452E+21  3.5068E+21  1.2864E+22
2.7449E-15  9.0529E-15  2.8119E-16  3.2644E-15  7.0000E-22  3.0000E-44  3.2000E-45  5.2000E+00  5.3000E+01  1.8987E+22  3.6525E+21  2.9762E+21
1.3928E-15  7.3337E-15  6.5607E-15  1.1037E-14  7.0000E-22  3.0000E-44  3.2000E-45  5.2000E+00  5.3000E+01  1.1158E+22  6.8772E+20  1.3770E+22
5.6318E-15  6.2165E-15  7.0675E-15  4.2540E-15  7.0000E-22  3.0000E-44  3.2000E-45  5.2000E+00  5.3000E+01  8.8758E+21  3.4743E+21  1.3266E+22
1.3991E-15  3.8735E-15  1.2889E-15  8.7516E-15  7.0000E-22  3.0000E-44  3.2000E-45  5.2000E+00  5.3000E+01  1.7702E+22  1.6036E+21  6.3113E+21
5.2997E-15  8.0805E-15  9.9475E-17  1.0153E-14  7.0000E-22  3.0000E-44  3.2000E-45  5.2000E+00  5.3000E+01  1.5012E+22  3.7757E+21  6.8290E+21
3.8170E-15  7.7062E-15  3.8842E-15  1.4490E-14  7.0000E-22  3.0000E-44  3.2000E-45  5.2000E+00  5.3000E+01  1.1801E+22  1.7260E+21  1.2089E+22
1.1426E-15  8.4635E-15  1.0171E-15  1.5772E-14  7.0000E-22  3.0000E-44  3.2000E-45  5.2000E+00  5.3000E+01  1.9238E+22  8.1686E+20  5.5611E+21
3.1237E-15  6.1468E-15  9.3916E-15  1.2008E-14  7.0000E-22  3.0000E-44  3.2000E-45  5.2000E+00  5.3000E+01  8.4660E+21  1.1702E+21  1.5980E+22
5.7948E-15  4.8175E-16  6.7083E-15  5.8227E-15  7.0000E-22  3.0000E-44  3.2000E-45  5.2000E+00  5.3000E+01  7.7846E+21  4.4436E+21  1.3388E+22
3.5101E-15  7.9529E-15  2.5234E-15  9.9222E-16  7.0000E-22  3.0000E-44  3.2000E-45  5.2000E+00  5.3000E+01  1.4380E+22  4.2829E+21  6.9527E+21
5.1688E-15  1.0624E-14  6.3283E-15  1.5812E-14  7.0000E-22  3.0000E-44  3.2000E-45  5.2000E+00  5.3000E+01  9.4738E+21  1.5962E+21  1.4546E+22
