9.2563E-16  1.3000E-15  2.7401E-15  2.2000E-15  7.0000E-22  3.0000E-44  3.2000E-45  5.2000E+00  5.3000E+01  1.5434E+22  2.1441E+21  8.0391E+21
2.7166E-15  1.3000E-15  3.0006E-15  2.2000E-15  7.0000E-22  3.0000E-44  3.2000E-45  5.2000E+00  5.3000E+01  1.2278E+22  5.0968E+21  8.2411E+21
3.4221E-15  1.3000E-15  6.4306E-15  2.2000E-15  7.0000E-22  3.0000E-44  3.2000E-45  5.2000E+00  5.3000E+01  9.2827E+21  4.4359E+21  1.1897E+22
1.5769E-15  1.3000E-15  8.3843E-15  2.2000E-15  7.0000E-22  3.0000E-44  3.2000E-45  5.2000E+00  5.3000E+01  9.4364E+21  1.9390E+21  1.4243E+22
4.9417E-15  1.3000E-15  7.2121E-15  2.2000E-15  7.0000E-22  3.0000E-44  3.2000E-45  5.2000E+00  5.3000E+01  8.0101E+21  5.5848E+21  1.2021E+22
4.9960E-15  1.3000E-15  5.0846E-15  2.2000E-15  7.0000E-22  3.0000E-44  3.2000E-45  5.2000E+00  5.3000E+01  8.8655E+21  6.5381E+21  1.0210E+22
1.9025E-15  1.3000E-15  8.6448E-15  2.2000E-15  7.0000E-22  3.0000E-44  3.2000E-45  5.2000E+00  5.3000E+01  9.0844E+21  2.2599E+21  1.4272E+22
4.1276E-15  1.3000E-15  2.4362E-15  2.2000E-15  7.0000E-22  3.0000E-44  3.2000E-45  5.2000E+00  5.3000E+01  1.1018E+22  7.2442E+21  7.3539E+21
2.4452E-15  1.3000E-15  9.5566E-15  2.2000E-15  7.0000E-22  3.0000E-44  3.2000E-45  5.2000E+00  5.3000E+01  8.3310E+21  2.6629E+21  1.4622E+22
4.2633E-15  1.3000E-15  6.5608E-15  2.2000E-15  7.0000E-22  3.0000E-44  3.2000E-45  5.2000E+00  5.3000E+01  8.6696E+21  5.2224E+21  1.1724E+22
3.0151E-15  1.3000E-15  6.3871E-15  2.2000E-15  7.0000E-22  3.0000E-44  3.2000E-45  5.2000E+00  5.3000E+01  9.5966E+21  4.0138E+21  1.2006E+22
5.8372E-15  1.3000E-15  4.2163E-15  2.2000E-15  7.0000E-22  3.0000E-44  3.2000E-45  5.2000E+00  5.3000E+01  8.6756E+21  7.7275E+21  9.2117E+21
2.3367E-15  1.3000E-15  6.4740E-15  2.2000E-15  7.0000E-22  3.0000E-44  3.2000E-45  5.2000E+00  5.3000E+01  1.0059E+22  3.2114E+21  1.2345E+22
1.8211E-15  1.3000E-15  6.9081E-15  2.2000E-15  7.0000E-22  3.0000E-44  3.2000E-45  5.2000E+00  5.3000E+01  1.0181E+22  2.4849E+21  1.2951E+22
9.7990E-16  1.3000E-15  1.8283E-15  2.2000E-15  7.0000E-22  3.0000E-44  3.2000E-45  5.2000E+00  5.3000E+01  1.6755E+22  2.6219E+21  6.2398E+21
1.2241E-15  1.3000E-15  6.1266E-15  2.2000E-15  7.0000E-22  3.0000E-44  3.2000E-45  5.2000E+00  5.3000E+01  1.1276E+22  1.8530E+21  1.2487E+22
7.8995E-16  1.3000E-15  5.4320E-15  2.2000E-15  7.0000E-22  3.0000E-44  3.2000E-45  5.2000E+00  5.3000E+01  1.2357E+22  1.3173E+21  1.1942E+22
9.5276E-16  1.3000E-15  2.5664E-15  2.2000E-15  7.0000E-22  3.0000E-44  3.2000E-45  5.2000E+00  5.3000E+01  1.5639E+22  2.2603E+21  7.7176E+21
1.6583E-15  1.3000E-15  4.9978E-15  2.2000E-15  7.0000E-22  3.0000E-44  3.2000E-45  5.2000E+00  5.3000E+01  1.1793E+22  2.7266E+21  1.1097E+22
1.9568E-15  1.3000E-15  3.1309E-15  2.2000E-15  7.0000E-22  3.0000E-44  3.2000E-45  5.2000E+00  5.3000E+01  1.3202E+22  3.8760E+21  8.5388E+21
2.0653E-15  1.3000E-15  4.3031E-15  2.2000E-15  7.0000E-22  3.0000E-44  3.2000E-45  5.2000E+00  5.3000E+01  1.1945E+22  3.5442E+21  1.0128E+22
1.7668E-15  1.3000E-15  1.6547E-15  2.2000E-15  7.0000E-22  3.0000E-44  3.2000E-45  5.2000E+00  5.3000E+01  1.5241E+22  4.3880E+21  5.9874E+21
1.2784E-15  1.3000E-15  3.4348E-15  2.2000E-15  7.0000E-22  3.0000E-44  3.2000E-45  5.2000E+00  5.3000E+01  1.3891E+22  2.5934E+21  9.1327E+21
5.9186E-15  1.3000E-15  5.7793E-15  2.2000E-15  7.0000E-22  3.0000E-44  3.2000E-45  5.2000E+00  5.3000E+01  8.0240E+21  6.9842E+21  1.0608E+22
3.6935E-15  1.3000E-15  6.3437E-15  2.2000E-15  7.0000E-22  3.0000E-44  3.2000E-45  5.2000E+00  5.3000E+01  9.1420E+21  4.7462E+21  1.1728E+22
2.7980E-15  1.3000E-15  8.7317E-15  2.2000E-15  7.0000E-22  3.0000E-44  3.2000E-45  5.2000E+00  5.3000E+01  8.5210E+21  3.1690E+21  1.3926E+22
1.8482E-15  1.3000E-15  8.9053E-15  2.2000E-15  7.0000E-22  3.0000E-44  3.2000E-45  5.2000E+00  5.3000E+01  8.9786E+21  2.1604E+21  1.4477E+22
2.9065E-15  1.3000E-15  1.1771E-15  2.2000E-15  7.0000E-22  3.0000E-44  3.2000E-45  5.2000E+00  5.3000E+01  1.3619E+22  6.7015E+21  5.2958E+21
4.8874E-15  1.3000E-15  7.3857E-15  2.2000E-15  7.0000E-22  3.0000E-44  3.2000E-45  5.2000E+00  5.3000E+01  7.9715E+21  5.4759E+21  1.2168E+22
5.5658E-15  1.3000E-15  3.9558E-15  2.2000E-15  7.0000E-22  3.0000E-44  3.2000E-45  5.2000E+00  5.3000E+01  8.9701E+21  7.6513E+21  8.9938E+21
2.8251E-15  1.3000E-15  4.3465E-15  2.2000E-15  7.0000E-22  3.0000E-44  3.2000E-45  5.2000E+00  5.3000E+01  1.1085E+22  4.5593E+21  9.9715E+21
5.9457E-15  1.3000E-15  1.0468E-15  2.2000E-15  7.0000E-22  3.0000E-44  3.2000E-45  5.2000E+00  5.3000E+01  9.9178E+21  1.0083E+22  5.6151E+21
1.8754E-15  1.3000E-15  4.5202E-15  2.2000E-15  7.0000E-22  3.0000E-44  3.2000E-45  5.2000E+00  5.3000E+01  1.1972E+22  3.1904E+21  1.0454E+22
1.6040E-15  1.3000E-15  5.6925E-15  2.2000E-15  7.0000E-22  3.0000E-44  3.2000E-45  5.2000E+00  5.3000E+01  1.1264E+22  2.4712E+21  1.1882E+22
2.9879E-15  1.3000E-15  5.1715E-15  2.2000E-15  7.0000E-22  3.0000E-44  3.2000E-45  5.2000E+00  5.3000E+01  1.0361E+22  4.4146E+21  1.0840E+22
4.9688E-15  1.3000E-15  5.8227E-15  2.2000E-15  7.0000E-22  3.0000E-44  3.2000E-45  5.2000E+00  5.3000E+01  8.5606E+21  6.1693E+21  1.0886E+22
4.5347E-15  1.3000E-15  3.5216E-15  2.2000E-15  7.0000E-22  3.0000E-44  3.2000E-45  5.2000E+00  5.3000E+01  9.9903E+21  6.9536E+21  8.6718E+21
5.7558E-15  1.3000E-15  2.1757E-15  2.2000E-15  7.0000E-22  3.0000E-44  3.2000E-45  5.2000E+00  5.3000E+01  9.6012E+21  9.0065E+21  7.0086E+21
4.0191E-15  1.3000E-15  7.6462E-15  2.2000E-15  7.0000E-22  3.0000E-44  3.2000E-45  5.2000E+00  5.3000E+01  8.3318E+21  4.6218E+21  1.2662E+22
1.4683E-15  1.3000E-15  2.6098E-15  2.2000E-15  7.0000E-22  3.0000E-44  3.2000E-45  5.2000E+00  5.3000E+01  1.4591E+22  3.2718E+21  7.7536E+21
1.3327E-15  1.3000E-15  8.2107E-15  2.2000E-15  7.0000E-22  3.0000E-44  3.2000E-45  5.2000E+00  5.3000E+01  9.7028E+21  1.6800E+21  1.4233E+22
2.5809E-15  1.3000E-15  9.4697E-15  2.2000E-15  7.0000E-22  3.0000E-44  3.2000E-45  5.2000E+00  5.3000E+01  8.3000E+21  2.8101E+21  1.4506E+22
5.2945E-15  1.3000E-15  3.3914E-15  2.2000E-15  7.0000E-22  3.0000E-44  3.2000E-45  5.2000E+00  5.3000E+01  9.4256E+21  7.7591E+21  8.4310E+21
5.0774E-15  1.3000E-15  8.5580E-15  2.2000E-15  7.0000E-22  3.0000E-44  3.2000E-45  5.2000E+00  5.3000E+01  7.4542E+21  5.2382E+21  1.2924E+22
1.3869E-15  1.3000E-15  7.5160E-15  2.2000E-15  7.0000E-22  3.0000E-44  3.2000E-45  5.2000E+00  5.3000E+01  1.0109E+22  1.8422E+21  1.3665E+22
3.4764E-15  1.3000E-15  5.1280E-15  2.2000E-15  7.0000E-22  3.0000E-44  3.2000E-45  5.2000E+00  5.3000E+01  9.9732E+21  4.9934E+21  1.0648E+22
5.3216E-15  1.3000E-15  2.2191E-15  2.2000E-15  7.0000E-22  3.0000E-44  3.2000E-45  5.2000E+00  5.3000E+01  9.9582E+21  8.5984E+21  7.0596E+21
4.3447E-15  1.3000E-15  3.6084E-15  2.2000E-15  7.0000E-22  3.0000E-44  3.2000E-45  5.2000E+00  5.3000E+01  1.0110E+22  6.7065E+21  8.7992E+21
5.3759E-15  1.3000E-15  9.5132E-15  2.2000E-15  7.0000E-22  3.0000E-44  3.2000E-45  5.2000E+00  5.3000E+01  7.0196E+21  5.1791E+21  1.3417E+22
3.3136E-15  1.3000E-15  4.0860E-15  2.2000E-15  7.0000E-22  3.0000E-44  3.2000E-45  5.2000E+00  5.3000E+01  1.0780E+22  5.2885E+21  9.5470E+21
5.8643E-15  1.3000E-15  6.5174E-15  2.2000E-15  7.0000E-22  3.0000E-44  3.2000E-45  5.2000E+00  5.3000E+01  7.7874E+21  6.6118E+21  1.1217E+22
7.0854E-16  1.3000E-15  4.2597E-15  2.2000E-15  7.0000E-22  3.0000E-44  3.2000E-45  5.2000E+00  5.3000E+01  1.3753E+22  1.3588E+21  1.0505E+22
2.6623E-15  1.3000E-15  9.3829E-15  2.2000E-15  7.0000E-22  3.0000E-44  3.2000E-45  5.2000E+00  5.3000E+01  8.2967E+21  2.9049E+21  1.4414E+22
5.7286E-15  1.3000E-15  5.4754E-15  2.2000E-15  7.0000E-22  3.0000E-44  3.2000E-45  5.2000E+00  5.3000E+01  8.2458E+21  6.9763E+21  1.0394E+22
4.7246E-15  1.3000E-15  3.7387E-15  2.2000E-15  7.0000E-22  3.0000E-44  3.2000E-45  5.2000E+00  5.3000E+01  9.7148E+21  7.0112E+21  8.8895E+21
6.5427E-16  1.3000E-15  4.0426E-15  2.2000E-15  7.0000E-22  3.0000E-44  3.2000E-45  5.2000E+00  5.3000E+01  1.4107E+22  1.2954E+21  1.0216E+22
2.6352E-15  1.3000E-15  5.2583E-15  2.2000E-15  7.0000E-22  3.0000E-44  3.2000E-45  5.2000E+00  5.3000E+01  1.0617E+22  3.9540E+21  1.1044E+22
1.3055E-15  1.3000E-15  2.0888E-15  2.2000E-15  7.0000E-22  3.0000E-44  3.2000E-45  5.2000E+00  5.3000E+01  1.5612E+22  3.2061E+21  6.7980E+21
7.6281E-16  1.3000E-15  5.9964E-15  2.2000E-15  7.0000E-22  3.0000E-44  3.2000E-45  5.2000E+00  5.3000E+01  1.1848E+22  1.2028E+21  1.2565E+22
3.1508E-15  1.3000E-15  2.8704E-15  2.2000E-15  7.0000E-22  3.0000E-44  3.2000E-45  5.2000E+00  5.3000E+01  1.1839E+22  5.7675E+21  8.0097E+21
4.6161E-15  1.3000E-15  7.2555E-15  2.2000E-15  7.0000E-22  3.0000E-44  3.2000E-45  5.2000E+00  5.3000E+01  8.1672E+21  5.2887E+21  1.2160E+22
2.9337E-15  1.3000E-15  7.4726E-15  2.2000E-15  7.0000E-22  3.0000E-44  3.2000E-45  5.2000E+00  5.3000E+01  9.0602E+21  3.6086E+21  1.2947E+22
2.3638E-15  1.3000E-15  6.1701E-15  2.2000E-15  7.0000E-22  3.0000E-44  3.2000E-45  5.2000E+00  5.3000E+01  1.0234E+22  3.3281E+21  1.2053E+22
2.4995E-15  1.3000E-15  5.8661E-15  2.2000E-15  7.0000E-22  3.0000E-44  3.2000E-45  5.2000E+00  5.3000E+01  1.0323E+22  3.5833E+21  1.1709E+22
4.6704E-15  1.3000E-15  4.7373E-15  2.2000E-15  7.0000E-22  3.0000E-44  3.2000E-45  5.2000E+00  5.3000E+01  9.2563E+21  6.4093E+21  9.9487E+21
5.3487E-15  1.3000E-15  9.4263E-15  2.2000E-15  7.0000E-22  3.0000E-44  3.2000E-45  5.2000E+00  5.3000E+01  7.0571E+21  5.1841E+21  1.3375E+22
3.8291E-15  1.3000E-15  7.2989E-15  2.2000E-15  7.0000E-22  3.0000E-44  3.2000E-45  5.2000E+00  5.3000E+01  8.5947E+21  4.5541E+21  1.2467E+22
1.0613E-15  1.3000E-15  6.0398E-15  2.2000E-15  7.0000E-22  3.0000E-44  3.2000E-45  5.2000E+00  5.3000E+01  1.1507E+22  1.6361E+21  1.2473E+22
3.9648E-15  1.3000E-15  8.6014E-15  2.2000E-15  7.0000E-22  3.0000E-44  3.2000E-45  5.2000E+00  5.3000E+01  7.9646E+21  4.2921E+21  1.3359E+22
2.2010E-15  1.3000E-15  4.4768E-15  2.2000E-15  7.0000E-22  3.0000E-44  3.2000E-45  5.2000E+00  5.3000E+01  1.1644E+22  3.6715E+21  1.0301E+22
2.2824E-15  1.3000E-15  3.7821E-15  2.2000E-15  7.0000E-22  3.0000E-44  3.2000E-45  5.2000E+00  5.3000E+01  1.2144E+22  4.0732E+21  9.3989E+21
4.9146E-15  1.3000E-15  3.3045E-15  2.2000E-15  7.0000E-22  3.0000E-44  3.2000E-45  5.2000E+00  5.3000E+01  9.7776E+21  7.4627E+21  8.3756E+21
4.7518E-15  1.3000E-15  3.8255E-15  2.2000E-15  7.0000E-22  3.0000E-44  3.2000E-45  5.2000E+00  5.3000E+01  9.6482E+21  6.9864E+21  8.9809E+21
3.6663E-15  1.3000E-15  4.9544E-15  2.2000E-15  7.0000E-22  3.0000E-44  3.2000E-45  5.2000E+00  5.3000E+01  9.9193E+21  5.2787E+21  1.0417E+22
3.3407E-15  1.3000E-15  7.9936E-15  2.2000E-15  7.0000E-22  3.0000E-44  3.2000E-45  5.2000E+00  5.3000E+01  8.5590E+21  3.8789E+21  1.3178E+22
5.0231E-15  1.3000E-15  9.6000E-16  2.2000E-15  7.0000E-22  3.0000E-44  3.2000E-45  5.2000E+00  5.3000E+01  1.0879E+22  9.3800E+21  5.3573E+21
3.5307E-15  1.3000E-15  5.5188E-15  2.2000E-15  7.0000E-22  3.0000E-44  3.2000E-45  5.2000E+00  5.3000E+01  9.7028E+21  4.8906E+21  1.1020E+22
5.2402E-15  1.3000E-15  2.5230E-15  2.2000E-15  7.0000E-22  3.0000E-44  3.2000E-45  5.2000E+00  5.3000E+01  9.8841E+21  8.2997E+21  7.4324E+21
1.4141E-15  1.3000E-15  1.6113E-15  2.2000E-15  7.0000E-22  3.0000E-44  3.2000E-45  5.2000E+00  5.3000E+01  1.6068E+22  3.7055E+21  5.8429E+21
5.5387E-15  1.3000E-15  3.9124E-15  2.2000E-15  7.0000E-22  3.0000E-44  3.2000E-45  5.2000E+00  5.3000E+01  9.0082E+21  7.6537E+21  8.9534E+21
4.8060E-15  1.3000E-15  1.5244E-15  2.2000E-15  7.0000E-22  3.0000E-44  3.2000E-45  5.2000E+00  5.3000E+01  1.0818E+22  8.6728E+21  6.1256E+21
5.6472E-15  1.3000E-15  1.7415E-15  2.2000E-15  7.0000E-22  3.0000E-44  3.2000E-45  5.2000E+00  5.3000E+01  9.8875E+21  9.2553E+21  6.4734E+21
2.6080E-15  1.3000E-15  2.6533E-15  2.2000E-15  7.0000E-22  3.0000E-44  3.2000E-45  5.2000E+00  5.3000E+01  1.2731E+22  5.1476E+21  7.7375E+21
1.9839E-15  1.3000E-15  3.8689E-15  2.2000E-15  7.0000E-22  3.0000E-44  3.2000E-45  5.2000E+00  5.3000E+01  1.2437E+22  3.5932E+21  9.5866E+21
5.8101E-15  1.3000E-15  1.3942E-15  2.2000E-15  7.0000E-22  3.0000E-44  3.2000E-45  5.2000E+00  5.3000E+01  9.8938E+21  9.6764E+21  6.0460E+21
1.4955E-15  1.3000E-15  2.4796E-15  2.2000E-15  7.0000E-22  3.0000E-44  3.2000E-45  5.2000E+00  5.3000E+01  1.4708E+22  3.3856E+21  7.5230E+21
8.7136E-16  1.3000E-15  8.8185E-15  2.2000E-15  7.0000E-22  3.0000E-44  3.2000E-45  5.2000E+00  5.3000E+01  9.6387E+21  1.0719E+21  1.4905E+22
3.7749E-15  1.3000E-15  6.3003E-15  2.2000E-15  7.0000E-22  3.0000E-44  3.2000E-45  5.2000E+00  5.3000E+01  9.1091E+21  4.8444E+21  1.1662E+22
4.4533E-15  1.3000E-15  5.3017E-15  2.2000E-15  7.0000E-22  3.0000E-44  3.2000E-45  5.2000E+00  5.3000E+01  9.1367E+21  5.9275E+21  1.0549E+22
1.7397E-15  1.3000E-15  1.4376E-15  2.2000E-15  7.0000E-22  3.0000E-44  3.2000E-45  5.2000E+00  5.3000E+01  1.5582E+22  4.4896E+21  5.5450E+21
7.3568E-16  1.3000E-15  1.9152E-15  2.2000E-15  7.0000E-22  3.0000E-44  3.2000E-45  5.2000E+00  5.3000E+01  1.7212E+22  2.0025E+21  6.4017E+21
3.0693E-15  1.3000E-15  9.3395E-15  2.2000E-15  7.0000E-22  3.0000E-44  3.2000E-45  5.2000E+00  5.3000E+01  8.1087E+21  3.2991E+21  1.4208E+22
2.4724E-15  1.3000E-15  2.3928E-15  2.2000E-15  7.0000E-22  3.0000E-44  3.2000E-45  5.2000E+00  5.3000E+01  1.3173E+22  5.1072E+21  7.3362E+21
6.0000E-16  1.3000E-15  7.9067E-15  2.2000E-15  7.0000E-22  3.0000E-44  3.2000E-45  5.2000E+00  5.3000E+01  1.0439E+22  8.0338E+20  1.4374E+22
4.4804E-15  1.3000E-15  1.3508E-15  2.2000E-15  7.0000E-22  3.0000E-44  3.2000E-45  5.2000E+00  5.3000E+01  1.1279E+22  8.4946E+21  5.8423E+21
6.0000E-15  1.3000E-15  4.6505E-15  2.2000E-15  7.0000E-22  3.0000E-44  3.2000E-45  5.2000E+00  5.3000E+01  8.4001E+21  7.6174E+21  9.5966E+21
5.7015E-15  1.3000E-15  2.9572E-15  2.2000E-15  7.0000E-22  3.0000E-44  3.2000E-45  5.2000E+00  5.3000E+01  9.3032E+21  8.3998E+21  7.9130E+21
3.9106E-15  1.3000E-15  9.0790E-15  2.2000E-15  7.0000E-22  3.0000E-44  3.2000E-45  5.2000E+00  5.3000E+01  7.8038E+21  4.1177E+21  1.3694E+22
4.1548E-15  1.3000E-15  7.9502E-15  2.2000E-15  7.0000E-22  3.0000E-44  3.2000E-45  5.2000E+00  5.3000E+01  8.1307E+21  4.6504E+21  1.2835E+22
4.3719E-15  1.3000E-15  8.7751E-15  2.2000E-15  7.0000E-22  3.0000E-44  3.2000E-45  5.2000E+00  5.3000E+01  7.7007E+21  4.5953E+21  1.3320E+22
3.3678E-15  1.3000E-15  5.5622E-15  2.2000E-15  7.0000E-22  3.0000E-44  3.2000E-45  5.2000E+00  5.3000E+01  9.8048E+21  4.6956E+21  1.1114E+22
3.2864E-15  1.3000E-15  4.4334E-15  2.2000E-15  7.0000E-22  3.0000E-44  3.2000E-45  5.2000E+00  5.3000E+01  1.0575E+22  5.0869E+21  9.9539E+21
5.8915E-15  1.3000E-15  6.9950E-15  2.2000E-15  7.0000E-22  3.0000E-44  3.2000E-45  5.2000E+00  5.3000E+01  7.6083E+21  6.4350E+21  1.1573E+22
4.5075E-15  1.3000E-15  7.1686E-15  2.2000E-15  7.0000E-22  3.0000E-44  3.2000E-45  5.2000E+00  5.3000E+01  8.2626E+21  5.2236E+21  1.2130E+22
2.8794E-15  1.3000E-15  6.0832E-15  2.2000E-15  7.0000E-22  3.0000E-44  3.2000E-45  5.2000E+00  5.3000E+01  9.8770E+21  3.9604E+21  1.1777E+22
5.6201E-15  1.3000E-15  2.7835E-15  2.2000E-15  7.0000E-22  3.0000E-44  3.2000E-45  5.2000E+00  5.3000E+01  9.4440E+21  8.4501E+21  7.7220E+21
4.1005E-15  1.3000E-15  7.7765E-15  2.2000E-15  7.0000E-22  3.0000E-44  3.2000E-45  5.2000E+00  5.3000E+01  8.2318E+21  4.6553E+21  1.2729E+22
2.1739E-15  1.3000E-15  8.4277E-15  2.2000E-15  7.0000E-22  3.0000E-44  3.2000E-45  5.2000E+00  5.3000E+01  9.0337E+21  2.5895E+21  1.3991E+22
4.8332E-15  1.3000E-15  7.0384E-15  2.2000E-15  7.0000E-22  3.0000E-44  3.2000E-45  5.2000E+00  5.3000E+01  8.1365E+21  5.5564E+21  1.1923E+22
1.0070E-15  1.3000E-15  7.8633E-15  2.2000E-15  7.0000E-22  3.0000E-44  3.2000E-45  5.2000E+00  5.3000E+01  1.0160E+22  1.3259E+21  1.4130E+22
3.5849E-15  1.3000E-15  4.8241E-15  2.2000E-15  7.0000E-22  3.0000E-44  3.2000E-45  5.2000E+00  5.3000E+01  1.0064E+22  5.2482E+21  1.0303E+22
1.1970E-15  1.3000E-15  5.9095E-15  2.2000E-15  7.0000E-22  3.0000E-44  3.2000E-45  5.2000E+00  5.3000E+01  1.1484E+22  1.8530E+21  1.2279E+22
2.3910E-15  1.3000E-15  1.8718E-15  2.2000E-15  7.0000E-22  3.0000E-44  3.2000E-45  5.2000E+00  5.3000E+01  1.3823E+22  5.3346E+21  6.4588E+21
2.7437E-15  1.3000E-15  3.9992E-15  2.2000E-15  7.0000E-22  3.0000E-44  3.2000E-45  5.2000E+00  5.3000E+01  1.1432E+22  4.6124E+21  9.5713E+21
4.2362E-15  1.3000E-15  7.7331E-15  2.2000E-15  7.0000E-22  3.0000E-44  3.2000E-45  5.2000E+00  5.3000E+01  8.1768E+21  4.7912E+21  1.2648E+22
5.4302E-15  1.3000E-15  5.9530E-15  2.2000E-15  7.0000E-22  3.0000E-44  3.2000E-45  5.2000E+00  5.3000E+01  8.2328E+21  6.5081E+21  1.0875E+22
2.9608E-15  1.3000E-15  3.2611E-15  2.2000E-15  7.0000E-22  3.0000E-44  3.2000E-45  5.2000E+00  5.3000E+01  1.1762E+22  5.2827E+21  8.5713E+21
1.4412E-15  1.3000E-15  9.2527E-15  2.2000E-15  7.0000E-22  3.0000E-44  3.2000E-45  5.2000E+00  5.3000E+01  9.0344E+21  1.6742E+21  1.4907E+22
4.4261E-15  1.3000E-15  1.9586E-15  2.2000E-15  7.0000E-22  3.0000E-44  3.2000E-45  5.2000E+00  5.3000E+01  1.0984E+22  7.9298E+21  6.7029E+21
2.0382E-15  1.3000E-15  6.2569E-15  2.2000E-15  7.0000E-22  3.0000E-44  3.2000E-45  5.2000E+00  5.3000E+01  1.0447E+22  2.9038E+21  1.2265E+22
2.0925E-15  1.3000E-15  5.0412E-15  2.2000E-15  7.0000E-22  3.0000E-44  3.2000E-45  5.2000E+00  5.3000E+01  1.1300E+22  3.3240E+21  1.0993E+22
5.1859E-15  1.3000E-15  8.2975E-15  2.2000E-15  7.0000E-22  3.0000E-44  3.2000E-45  5.2000E+00  5.3000E+01  7.4944E+21  5.4081E+21  1.2713E+22
3.8834E-15  1.3000E-15  4.6070E-15  2.2000E-15  7.0000E-22  3.0000E-44  3.2000E-45  5.2000E+00  5.3000E+01  9.9405E+21  5.6770E+21  9.9974E+21
4.2905E-15  1.3000E-15  6.6911E-15  2.2000E-15  7.0000E-22  3.0000E-44  3.2000E-45  5.2000E+00  5.3000E+01  8.5942E+21  5.1992E+21  1.1822E+22
3.3950E-15  1.3000E-15  7.6028E-15  2.2000E-15  7.0000E-22  3.0000E-44  3.2000E-45  5.2000E+00  5.3000E+01  8.7107E+21  4.0406E+21  1.2865E+22
1.1698E-15  1.3000E-15  3.0874E-15  2.2000E-15  7.0000E-22  3.0000E-44  3.2000E-45  5.2000E+00  5.3000E+01  1.4503E+22  2.5122E+21  8.6021E+21
2.1196E-15  1.3000E-15  9.2092E-15  2.2000E-15  7.0000E-22  3.0000E-44  3.2000E-45  5.2000E+00  5.3000E+01  8.6678E+21  2.3963E+21  1.4550E+22
1.2513E-15  1.3000E-15  6.6476E-15  2.2000E-15  7.0000E-22  3.0000E-44  3.2000E-45  5.2000E+00  5.3000E+01  1.0838E+22  1.8030E+21  1.2975E+22
1.3598E-15  1.3000E-15  8.0804E-15  2.2000E-15  7.0000E-22  3.0000E-44  3.2000E-45  5.2000E+00  5.3000E+01  9.7649E+21  1.7292E+21  1.4122E+22
4.1819E-15  1.3000E-15  1.5678E-15  2.2000E-15  7.0000E-22  3.0000E-44  3.2000E-45  5.2000E+00  5.3000E+01  1.1502E+22  7.9865E+21  6.1280E+21
3.1779E-15  1.3000E-15  6.7779E-15  2.2000E-15  7.0000E-22  3.0000E-44  3.2000E-45  5.2000E+00  5.3000E+01  9.2654E+21  4.0657E+21  1.2285E+22
3.2593E-15  1.3000E-15  2.3059E-15  2.2000E-15  7.0000E-22  3.0000E-44  3.2000E-45  5.2000E+00  5.3000E+01  1.2142E+22  6.2886E+21  7.1858E+21
1.6312E-15  1.3000E-15  1.0034E-15  2.2000E-15  7.0000E-22  3.0000E-44  3.2000E-45  5.2000E+00  5.3000E+01  1.6430E+22  4.6066E+21  4.5793E+21
1.1427E-15  1.3000E-15  7.0818E-15  2.2000E-15  7.0000E-22  3.0000E-44  3.2000E-45  5.2000E+00  5.3000E+01  1.0606E+22  1.5946E+21  1.3416E+22
1.0884E-15  1.3000E-15  1.2639E-15  2.2000E-15  7.0000E-22  3.0000E-44  3.2000E-45  5.2000E+00  5.3000E+01  1.7440E+22  3.1861E+21  4.9904E+21
5.4030E-15  1.3000E-15  5.6056E-15  2.2000E-15  7.0000E-22  3.0000E-44  3.2000E-45  5.2000E+00  5.3000E+01  8.3869E+21  6.6442E+21  1.0585E+22
4.0462E-15  1.3000E-15  8.5146E-15  2.2000E-15  7.0000E-22  3.0000E-44  3.2000E-45  5.2000E+00  5.3000E+01  7.9585E+21  4.3881E+21  1.3269E+22
5.6744E-15  1.3000E-15  6.9516E-15  2.2000E-15  7.0000E-22  3.0000E-44  3.2000E-45  5.2000E+00  5.3000E+01  7.7303E+21  6.2836E+21  1.1602E+22
8.4422E-16  1.3000E-15  3.6953E-15  2.2000E-15  7.0000E-22  3.0000E-44  3.2000E-45  5.2000E+00  5.3000E+01  1.4256E+22  1.7207E+21  9.6413E+21
4.6975E-15  1.3000E-15  3.1743E-15  2.2000E-15  7.0000E-22  3.0000E-44  3.2000E-45  5.2000E+00  5.3000E+01  1.0033E+22  7.3354E+21  8.2473E+21
3.4492E-15  1.3000E-15  8.6882E-15  2.2000E-15  7.0000E-22  3.0000E-44  3.2000E-45  5.2000E+00  5.3000E+01  8.1915E+21  3.8021E+21  1.3622E+22
2.1467E-15  1.3000E-15  2.3493E-15  2.2000E-15  7.0000E-22  3.0000E-44  3.2000E-45  5.2000E+00  5.3000E+01  1.3730E+22  4.6135E+21  7.2732E+21
1.6854E-15  1.3000E-15  3.2177E-15  2.2000E-15  7.0000E-22  3.0000E-44  3.2000E-45  5.2000E+00  5.3000E+01  1.3513E+22  3.3866E+21  8.7170E+21
4.0734E-15  1.3000E-15  7.5594E-15  2.2000E-15  7.0000E-22  3.0000E-44  3.2000E-45  5.2000E+00  5.3000E+01  8.3390E+21  4.6992E+21  1.2578E+22
5.5930E-15  1.3000E-15  2.8269E-15  2.2000E-15  7.0000E-22  3.0000E-44  3.2000E-45  5.2000E+00  5.3000E+01  9.4463E+21  8.3967E+21  7.7730E+21
1.0342E-15  1.3000E-15  8.2541E-15  2.2000E-15  7.0000E-22  3.0000E-44  3.2000E-45  5.2000E+00  5.3000E+01  9.8826E+21  1.3183E+21  1.4415E+22
3.8563E-15  1.3000E-15  4.5636E-15  2.2000E-15  7.0000E-22  3.0000E-44  3.2000E-45  5.2000E+00  5.3000E+01  9.9882E+21  5.6690E+21  9.9577E+21
3.6121E-15  1.3000E-15  4.9110E-15  2.2000E-15  7.0000E-22  3.0000E-44  3.2000E-45  5.2000E+00  5.3000E+01  9.9895E+21  5.2388E+21  1.0386E+22
3.7206E-15  1.3000E-15  1.4810E-15  2.2000E-15  7.0000E-22  3.0000E-44  3.2000E-45  5.2000E+00  5.3000E+01  1.2147E+22  7.5248E+21  5.9445E+21
4.3990E-15  1.3000E-15  2.9138E-15  2.2000E-15  7.0000E-22  3.0000E-44  3.2000E-45  5.2000E+00  5.3000E+01  1.0454E+22  7.2034E+21  7.9586E+21
2.7709E-15  1.3000E-15  4.6939E-15  2.2000E-15  7.0000E-22  3.0000E-44  3.2000E-45  5.2000E+00  5.3000E+01  1.0887E+22  4.3415E+21  1.0387E+22
5.0503E-15  1.3000E-15  5.7359E-15  2.2000E-15  7.0000E-22  3.0000E-44  3.2000E-45  5.2000E+00  5.3000E+01  8.5473E+21  6.2801E+21  1.0788E+22
3.1236E-15  1.3000E-15  1.1337E-15  2.2000E-15  7.0000E-22  3.0000E-44  3.2000E-45  5.2000E+00  5.3000E+01  1.3297E+22  7.0535E+21  5.2658E+21
4.3176E-15  1.3000E-15  1.3073E-15  2.2000E-15  7.0000E-22  3.0000E-44  3.2000E-45  5.2000E+00  5.3000E+01  1.1499E+22  8.3609E+21  5.7563E+21
5.1588E-15  1.3000E-15  8.1238E-15  2.2000E-15  7.0000E-22  3.0000E-44  3.2000E-45  5.2000E+00  5.3000E+01  7.5671E+21  5.4441E+21  1.2605E+22
1.9296E-15  1.3000E-15  1.7849E-15  2.2000E-15  7.0000E-22  3.0000E-44  3.2000E-45  5.2000E+00  5.3000E+01  1.4754E+22  4.6028E+21  6.2593E+21
5.1045E-15  1.3000E-15  1.2205E-15  2.2000E-15  7.0000E-22  3.0000E-44  3.2000E-45  5.2000E+00  5.3000E+01  1.0660E+22  9.2193E+21  5.7368E+21
2.2281E-15  1.3000E-15  6.8213E-15  2.2000E-15  7.0000E-22  3.0000E-44  3.2000E-45  5.2000E+00  5.3000E+01  9.9224E+21  2.9938E+21  1.2699E+22
6.2714E-16  1.3000E-15  7.1252E-15  2.2000E-15  7.0000E-22  3.0000E-44  3.2000E-45  5.2000E+00  5.3000E+01  1.1010E+22  8.9658E+20  1.3710E+22
4.6432E-15  1.3000E-15  3.0440E-15  2.2000E-15  7.0000E-22  3.0000E-44  3.2000E-45  5.2000E+00  5.3000E+01  1.0152E+22  7.3668E+21  8.0972E+21
5.4844E-15  1.3000E-15  1.6981E-15  2.2000E-15  7.0000E-22  3.0000E-44  3.2000E-45  5.2000E+00  5.3000E+01  1.0056E+22  9.1517E+21  6.4091E+21
3.2050E-15  1.3000E-15  4.8675E-15  2.2000E-15  7.0000E-22  3.0000E-44  3.2000E-45  5.2000E+00  5.3000E+01  1.0366E+22  4.7957E+21  1.0453E+22
4.8603E-15  1.3000E-15  4.1294E-15  2.2000E-15  7.0000E-22  3.0000E-44  3.2000E-45  5.2000E+00  5.3000E+01  9.4109E+21  6.9156E+21  9.2886E+21
3.6392E-15  1.3000E-15  3.3479E-15  2.2000E-15  7.0000E-22  3.0000E-44  3.2000E-45  5.2000E+00  5.3000E+01  1.0947E+22  6.0820E+21  8.5870E+21
2.2553E-15  1.3000E-15  7.4291E-15  2.2000E-15  7.0000E-22  3.0000E-44  3.2000E-45  5.2000E+00  5.3000E+01  9.5350E+21  2.8829E+21  1.3197E+22
5.2131E-15  1.3000E-15  5.3885E-15  2.2000E-15  7.0000E-22  3.0000E-44  3.2000E-45  5.2000E+00  5.3000E+01  8.5931E+21  6.5839E+21  1.0439E+22
1.5226E-15  1.3000E-15  7.3423E-15  2.2000E-15  7.0000E-22  3.0000E-44  3.2000E-45  5.2000E+00  5.3000E+01  1.0122E+22  2.0368E+21  1.3457E+22
5.5116E-15  1.3000E-15  9.0356E-15  2.2000E-15  7.0000E-22  3.0000E-44  3.2000E-45  5.2000E+00  5.3000E+01  7.1124E+21  5.4238E+21  1.3080E+22
2.6894E-15  1.3000E-15  8.8619E-15  2.2000E-15  7.0000E-22  3.0000E-44  3.2000E-45  5.2000E+00  5.3000E+01  8.5200E+21  3.0343E+21  1.4062E+22
1.7940E-15  1.3000E-15  9.2961E-15  2.2000E-15  7.0000E-22  3.0000E-44  3.2000E-45  5.2000E+00  5.3000E+01  8.8082E+21  2.0456E+21  1.4763E+22
3.7477E-15  1.3000E-15  6.6042E-15  2.2000E-15  7.0000E-22  3.0000E-44  3.2000E-45  5.2000E+00  5.3000E+01  8.9753E+21  4.7079E+21  1.1933E+22
2.4181E-15  1.3000E-15  9.6000E-15  2.2000E-15  7.0000E-22  3.0000E-44  3.2000E-45  5.2000E+00  5.3000E+01  8.3254E+21  2.6290E+21  1.4661E+22
5.2673E-15  1.3000E-15  3.4782E-15  2.2000E-15  7.0000E-22  3.0000E-44  3.2000E-45  5.2000E+00  5.3000E+01  9.4065E+21  7.6797E+21  8.5295E+21
2.5538E-15  1.3000E-15  5.2149E-15  2.2000E-15  7.0000E-22  3.0000E-44  3.2000E-45  5.2000E+00  5.3000E+01  1.0722E+22  3.8679E+21  1.1026E+22
5.4573E-15  1.3000E-15  8.4712E-15  2.2000E-15  7.0000E-22  3.0000E-44  3.2000E-45  5.2000E+00  5.3000E+01  7.3152E+21  5.5628E+21  1.2738E+22
3.2322E-15  1.3000E-15  2.6967E-15  2.2000E-15  7.0000E-22  3.0000E-44  3.2000E-45  5.2000E+00  5.3000E+01  1.1873E+22  5.9855E+21  7.7575E+21
3.0422E-15  1.3000E-15  8.3409E-15  2.2000E-15  7.0000E-22  3.0000E-44  3.2000E-45  5.2000E+00  5.3000E+01  8.5672E+21  3.4986E+21  1.3550E+22
4.7789E-15  1.3000E-15  1.0903E-15  2.2000E-15  7.0000E-22  3.0000E-44  3.2000E-45  5.2000E+00  5.3000E+01  1.1083E+22  9.0287E+21  5.5049E+21
1.5497E-15  1.3000E-15  9.1658E-15  2.2000E-15  7.0000E-22  3.0000E-44  3.2000E-45  5.2000E+00  5.3000E+01  9.0170E+21  1.8025E+21  1.4796E+22
3.5035E-15  1.3000E-15  9.1224E-15  2.2000E-15  7.0000E-22  3.0000E-44  3.2000E-45  5.2000E+00  5.3000E+01  7.9834E+21  3.7460E+21  1.3886E+22
8.9849E-16  1.3000E-15  3.6519E-15  2.2000E-15  7.0000E-22  3.0000E-44  3.2000E-45  5.2000E+00  5.3000E+01  1.4224E+22  1.8331E+21  9.5601E+21
3.0965E-15  1.3000E-15  7.6896E-15  2.2000E-15  7.0000E-22  3.0000E-44  3.2000E-45  5.2000E+00  5.3000E+01  8.8486E+21  3.7181E+21  1.3049E+22
2.3095E-15  1.3000E-15  6.2135E-15  2.2000E-15  7.0000E-22  3.0000E-44  3.2000E-45  5.2000E+00  5.3000E+01  1.0250E+22  3.2500E+21  1.2115E+22
1.1156E-15  1.3000E-15  7.8199E-15  2.2000E-15  7.0000E-22  3.0000E-44  3.2000E-45  5.2000E+00  5.3000E+01  1.0109E+22  1.4660E+21  1.4041E+22
2.8523E-15  1.3000E-15  6.7345E-15  2.2000E-15  7.0000E-22  3.0000E-44  3.2000E-45  5.2000E+00  5.3000E+01  9.5160E+21  3.7279E+21  1.2372E+22
5.7829E-15  1.3000E-15  4.7807E-15  2.2000E-15  7.0000E-22  3.0000E-44  3.2000E-45  5.2000E+00  5.3000E+01  8.4840E+21  7.3719E+21  9.7581E+21
4.2090E-15  1.3000E-15  2.0454E-15  2.2000E-15  7.0000E-22  3.0000E-44  3.2000E-45  5.2000E+00  5.3000E+01  1.1172E+22  7.6279E+21  6.8168E+21
5.9729E-15  1.3000E-15  8.1672E-15  2.2000E-15  7.0000E-22  3.0000E-44  3.2000E-45  5.2000E+00  5.3000E+01  7.1897E+21  6.0541E+21  1.2372E+22
1.7126E-15  1.3000E-15  6.8647E-15  2.2000E-15  7.0000E-22  3.0000E-44  3.2000E-45  5.2000E+00  5.3000E+01  1.0296E+22  2.3596E+21  1.2961E+22
5.1317E-15  1.3000E-15  4.1729E-15  2.2000E-15  7.0000E-22  3.0000E-44  3.2000E-45  5.2000E+00  5.3000E+01  9.1862E+21  7.1427E+21  9.2861E+21
2.5266E-15  1.3000E-15  8.9922E-15  2.2000E-15  7.0000E-22  3.0000E-44  3.2000E-45  5.2000E+00  5.3000E+01  8.5482E+21  2.8466E+21  1.4221E+22
3.9920E-15  1.3000E-15  4.3899E-15  2.2000E-15  7.0000E-22  3.0000E-44  3.2000E-45  5.2000E+00  5.3000E+01  9.9735E+21  5.9019E+21  9.7396E+21
3.8020E-15  1.3000E-15  8.0370E-15  2.2000E-15  7.0000E-22  3.0000E-44  3.2000E-45  5.2000E+00  5.3000E+01  8.2828E+21  4.3039E+21  1.3029E+22
2.0111E-15  1.3000E-15  8.9487E-15  2.2000E-15  7.0000E-22  3.0000E-44  3.2000E-45  5.2000E+00  5.3000E+01  8.8601E+21  2.3262E+21  1.4429E+22
6.8141E-16  1.3000E-15  5.6490E-15  2.2000E-15  7.0000E-22  3.0000E-44  3.2000E-45  5.2000E+00  5.3000E+01  1.2265E+22  1.1187E+21  1.2232E+22
4.5889E-15  1.3000E-15  2.1323E-15  2.2000E-15  7.0000E-22  3.0000E-44  3.2000E-45  5.2000E+00  5.3000E+01  1.0710E+22  7.9632E+21  6.9429E+21
3.9377E-15  1.3000E-15  3.5650E-15  2.2000E-15  7.0000E-22  3.0000E-44  3.2000E-45  5.2000E+00  5.3000E+01  1.0511E+22  6.2949E+21  8.8099E+21
3.5578E-15  1.3000E-15  2.2625E-15  2.2000E-15  7.0000E-22  3.0000E-44  3.2000E-45  5.2000E+00  5.3000E+01  1.1795E+22  6.7019E+21  7.1195E+21
8.1709E-16  1.3000E-15  5.3451E-15  2.2000E-15  7.0000E-22  3.0000E-44  3.2000E-45  5.2000E+00  5.3000E+01  1.2412E+22  1.3727E+21  1.1831E+22
4.5618E-15  1.3000E-15  2.0020E-15  2.2000E-15  7.0000E-22  3.0000E-44  3.2000E-45  5.2000E+00  5.3000E+01  1.0813E+22  8.0368E+21  6.7669E+21
