6.0000E-16  6.2204E-15  4.8495E-15  2.2000E-15  7.0000E-22  3.0000E-44  3.2000E-45  5.2000E+00  5.3000E+01  1.3529E+22  6.6004E+20  1.1427E+22
6.0000E-16  9.4666E-15  1.2745E-15  2.2000E-15  7.0000E-22  3.0000E-44  3.2000E-45  5.2000E+00  5.3000E+01  2.0056E+22  8.5166E+20  4.7086E+21
6.0000E-16  8.0069E-15  6.3675E-15  2.2000E-15  7.0000E-22  3.0000E-44  3.2000E-45  5.2000E+00  5.3000E+01  1.1958E+22  4.9945E+20  1.3158E+22
6.0000E-16  8.6942E-15  4.1223E-15  2.2000E-15  7.0000E-22  3.0000E-44  3.2000E-45  5.2000E+00  5.3000E+01  1.4562E+22  5.9807E+20  1.0456E+22
6.0000E-16  1.2404E-15  3.7745E-15  2.2000E-15  7.0000E-22  3.0000E-44  3.2000E-45  5.2000E+00  5.3000E+01  1.4539E+22  1.2463E+21  9.8323E+21
6.0000E-16  4.3635E-15  3.3795E-15  2.2000E-15  7.0000E-22  3.0000E-44  3.2000E-45  5.2000E+00  5.3000E+01  1.5442E+22  9.2343E+20  9.2519E+21
6.0000E-16  6.8443E-16  5.6623E-15  2.2000E-15  7.0000E-22  3.0000E-44  3.2000E-45  5.2000E+00  5.3000E+01  1.2283E+22  1.0739E+21  1.2260E+22
6.0000E-16  8.9893E-16  2.8917E-15  2.2000E-15  7.0000E-22  3.0000E-44  3.2000E-45  5.2000E+00  5.3000E+01  1.5775E+22  1.4882E+21  8.3537E+21
6.0000E-16  8.9603E-15  9.3652E-15  2.2000E-15  7.0000E-22  3.0000E-44  3.2000E-45  5.2000E+00  5.3000E+01  9.6687E+21  3.7085E+20  1.5576E+22
6.0000E-16  6.3712E-15  2.6937E-15  2.2000E-15  7.0000E-22  3.0000E-44  3.2000E-45  5.2000E+00  5.3000E+01  1.6742E+22  8.5139E+20  8.0234E+21
6.0000E-16  1.1169E-14  3.6012E-15  2.2000E-15  7.0000E-22  3.0000E-44  3.2000E-45  5.2000E+00  5.3000E+01  1.5407E+22  5.4565E+20  9.6656E+21
6.0000E-16  8.4170E-15  2.5983E-15  2.2000E-15  7.0000E-22  3.0000E-44  3.2000E-45  5.2000E+00  5.3000E+01  1.7037E+22  7.4010E+20  7.8401E+21
6.0000E-16  7.2336E-15  5.2669E-15  2.2000E-15  7.0000E-22  3.0000E-44  3.2000E-45  5.2000E+00  5.3000E+01  1.3077E+22  5.8542E+20  1.1954E+22
6.0000E-16  5.2111E-15  4.2884E-15  2.2000E-15  7.0000E-22  3.0000E-44  3.2000E-45  5.2000E+00  5.3000E+01  1.4191E+22  7.6362E+20  1.0661E+22
6.0000E-16  1.0620E-14  3.7288E-15  2.2000E-15  7.0000E-22  3.0000E-44  3.2000E-45  5.2000E+00  5.3000E+01  1.5195E+22  5.5490E+20  9.8684E+21
6.0000E-16  2.9978E-15  2.4699E-15  2.2000E-15  7.0000E-22  3.0000E-44  3.2000E-45  5.2000E+00  5.3000E+01  1.6835E+22  1.2155E+21  7.5658E+21
6.0000E-16  9.5707E-16  9.0380E-16  2.2000E-15  7.0000E-22  3.0000E-44  3.2000E-45  5.2000E+00  5.3000E+01  1.9562E+22  2.1858E+21  3.8684E+21
6.0000E-16  3.6019E-16  5.1439E-15  2.2000E-15  7.0000E-22  3.0000E-44  3.2000E-45  5.2000E+00  5.3000E+01  1.2774E+22  1.1912E+21  1.1651E+22
6.0000E-16  7.9411E-15  2.8833E-15  2.2000E-15  7.0000E-22  3.0000E-44  3.2000E-45  5.2000E+00  5.3000E+01  1.6489E+22  7.3548E+20  8.3931E+21
6.0000E-16  1.3623E-15  9.5088E-15  2.2000E-15  7.0000E-22  3.0000E-44  3.2000E-45  5.2000E+00  5.3000E+01  9.3999E+21  7.0464E+20  1.5511E+22
6.0000E-16  7.8296E-15  9.3452E-15  2.2000E-15  7.0000E-22  3.0000E-44  3.2000E-45  5.2000E+00  5.3000E+01  9.6659E+21  3.9978E+20  1.5550E+22
6.0000E-16  1.1762E-14  9.6944E-17  2.2000E-15  7.0000E-22  3.0000E-44  3.2000E-45  5.2000E+00  5.3000E+01  2.3921E+22  9.3647E+20  7.5851E+20
6.0000E-16  4.6561E-16  3.8115E-15  2.2000E-15  7.0000E-22  3.0000E-44  3.2000E-45  5.2000E+00  5.3000E+01  1.4367E+22  1.3855E+21  9.8656E+21
6.0000E-16  5.9060E-15  1.4334E-15  2.2000E-15  7.0000E-22  3.0000E-44  3.2000E-45  5.2000E+00  5.3000E+01  1.9358E+22  1.0880E+21  5.1697E+21
6.0000E-16  8.4964E-16  7.9870E-15  2.2000E-15  7.0000E-22  3.0000E-44  3.2000E-45  5.2000E+00  5.3000E+01  1.0353E+22  8.4546E+20  1.4417E+22
6.0000E-16  2.9027E-15  8.7427E-15  2.2000E-15  7.0000E-22  3.0000E-44  3.2000E-45  5.2000E+00  5.3000E+01  9.9381E+21  6.2775E+20  1.5050E+22
6.0000E-16  5.9318E-16  7.0227E-16  2.2000E-15  7.0000E-22  3.0000E-44  3.2000E-45  5.2000E+00  5.3000E+01  1.9840E+22  2.4491E+21  3.3273E+21
6.0000E-16  3.5029E-15  2.6878E-17  2.2000E-15  7.0000E-22  3.0000E-44  3.2000E-45  5.2000E+00  5.3000E+01  2.2839E+22  1.9336E+21  8.4301E+20
6.0000E-16  7.0072E-15  6.6150E-16  2.2000E-15  7.0000E-22  3.0000E-44  3.2000E-45  5.2000E+00  5.3000E+01  2.1563E+22  1.1567E+21  2.8959E+21
6.0000E-16  7.8765E-15  5.1441E-15  2.2000E-15  7.0000E-22  3.0000E-44  3.2000E-45  5.2000E+00  5.3000E+01  1.3237E+22  5.6631E+20  1.1813E+22
6.0000E-16  1.2795E-15  3.7128E-15  2.2000E-15  7.0000E-22  3.0000E-44  3.2000E-45  5.2000E+00  5.3000E+01  1.4629E+22  1.2502E+21  9.7383E+21
6.0000E-16  5.8442E-16  2.2601E-15  2.2000E-15  7.0000E-22  3.0000E-44  3.2000E-45  5.2000E+00  5.3000E+01  1.6747E+22  1.7387E+21  7.1312E+21
6.0000E-16  1.2641E-15  2.7416E-15  2.2000E-15  7.0000E-22  3.0000E-44  3.2000E-45  5.2000E+00  5.3000E+01  1.6088E+22  1.4467E+21  8.0819E+21
6.0000E-16  5.2250E-15  4.3958E-15  2.2000E-15  7.0000E-22  3.0000E-44  3.2000E-45  5.2000E+00  5.3000E+01  1.4051E+22  7.5333E+20  1.0811E+22
6.0000E-16  1.1706E-14  3.5167E-16  2.2000E-15  7.0000E-22  3.0000E-44  3.2000E-45  5.2000E+00  5.3000E+01  2.2995E+22  8.8669E+20  1.7340E+21
6.0000E-16  5.4003E-15  1.9587E-15  2.2000E-15  7.0000E-22  3.0000E-44  3.2000E-45  5.2000E+00  5.3000E+01  1.8115E+22  1.0373E+21  6.4639E+21
6.0000E-16  5.4987E-15  6.5524E-16  2.2000E-15  7.0000E-22  3.0000E-44  3.2000E-45  5.2000E+00  5.3000E+01  2.1376E+22  1.3250E+21  2.9153E+21
6.0000E-16  1.5142E-15  8.1395E-15  2.2000E-15  7.0000E-22  3.0000E-44  3.2000E-45  5.2000E+00  5.3000E+01  1.0286E+22  7.6783E+20  1.4562E+22
6.0000E-16  9.0778E-15  1.4293E-16  2.2000E-15  7.0000E-22  3.0000E-44  3.2000E-45  5.2000E+00  5.3000E+01  2.3503E+22  1.1091E+21  1.0038E+21
6.0000E-16  5.8732E-15  5.7762E-15  2.2000E-15  7.0000E-22  3.0000E-44  3.2000E-45  5.2000E+00  5.3000E+01  1.2483E+22  6.1759E+20  1.2516E+22
6.0000E-16  2.3414E-15  1.7069E-16  2.2000E-15  7.0000E-22  3.0000E-44  3.2000E-45  5.2000E+00  5.3000E+01  2.1985E+22  2.1602E+21  1.4706E+21
6.0000E-16  8.5792E-15  3.3564E-15  2.2000E-15  7.0000E-22  3.0000E-44  3.2000E-45  5.2000E+00  5.3000E+01  1.5712E+22  6.6093E+20  9.2445E+21
6.0000E-16  1.6064E-15  5.9162E-15  2.2000E-15  7.0000E-22  3.0000E-44  3.2000E-45  5.2000E+00  5.3000E+01  1.2120E+22  9.2716E+20  1.2569E+22
6.0000E-16  5.4371E-15  2.7812E-15  2.2000E-15  7.0000E-22  3.0000E-44  3.2000E-45  5.2000E+00  5.3000E+01  1.6519E+22  9.0965E+20  8.1885E+21
6.0000E-16  6.9019E-15  8.8498E-15  2.2000E-15  7.0000E-22  3.0000E-44  3.2000E-45  5.2000E+00  5.3000E+01  9.9691E+21  4.4194E+20  1.5205E+22
6.0000E-16  1.1724E-14  8.9416E-15  2.2000E-15  7.0000E-22  3.0000E-44  3.2000E-45  5.2000E+00  5.3000E+01  9.9716E+21  3.2548E+20  1.5319E+22
6.0000E-16  5.7485E-15  6.2228E-15  2.2000E-15  7.0000E-22  3.0000E-44  3.2000E-45  5.2000E+00  5.3000E+01  1.2035E+22  5.9807E+20  1.2983E+22
6.0000E-16  9.8293E-15  6.5461E-15  2.2000E-15  7.0000E-22  3.0000E-44  3.2000E-45  5.2000E+00  5.3000E+01  1.1827E+22  4.3746E+20  1.3352E+22
6.0000E-16  1.2930E-14  2.9197E-16  2.2000E-15  7.0000E-22  3.0000E-44  3.2000E-45  5.2000E+00  5.3000E+01  2.3287E+22  8.3593E+20  1.4932E+21
6.0000E-16  1.2854E-14  2.2510E-15  2.2000E-15  7.0000E-22  3.0000E-44  3.2000E-45  5.2000E+00  5.3000E+01  1.7908E+22  5.9370E+20  7.1147E+21
6.0000E-16  7.0298E-15  8.8578E-15  2.2000E-15  7.0000E-22  3.0000E-44  3.2000E-45  5.2000E+00  5.3000E+01  9.9661E+21  4.3762E+20  1.5212E+22
6.0000E-16  7.1351E-15  9.0926E-15  2.2000E-15  7.0000E-22  3.0000E-44  3.2000E-45  5.2000E+00  5.3000E+01  9.8148E+21  4.2707E+20  1.5374E+22
6.0000E-16  9.7091E-15  3.5894E-15  2.2000E-15  7.0000E-22  3.0000E-44  3.2000E-45  5.2000E+00  5.3000E+01  1.5382E+22  5.9647E+20  9.6394E+21
6.0000E-16  7.6747E-16  6.0572E-15  2.2000E-15  7.0000E-22  3.0000E-44  3.2000E-45  5.2000E+00  5.3000E+01  1.1913E+22  1.0192E+21  1.2684E+22
6.0000E-16  9.4562E-15  3.1093E-16  2.2000E-15  7.0000E-22  3.0000E-44  3.2000E-45  5.2000E+00  5.3000E+01  2.2951E+22  1.0371E+21  1.6275E+21
6.0000E-16  1.0730E-14  8.9431E-15  2.2000E-15  7.0000E-22  3.0000E-44  3.2000E-45  5.2000E+00  5.3000E+01  9.9604E+21  3.4376E+20  1.5312E+22
6.0000E-16  1.2405E-14  6.8972E-16  2.2000E-15  7.0000E-22  3.0000E-44  3.2000E-45  5.2000E+00  5.3000E+01  2.1919E+22  7.9260E+20  2.9046E+21
6.0000E-16  5.4636E-15  1.6122E-15  2.2000E-15  7.0000E-22  3.0000E-44  3.2000E-45  5.2000E+00  5.3000E+01  1.8889E+22  1.0955E+21  5.6320E+21
6.0000E-16  8.6848E-15  8.3412E-15  2.2000E-15  7.0000E-22  3.0000E-44  3.2000E-45  5.2000E+00  5.3000E+01  1.0348E+22  4.0633E+20  1.4862E+22
6.0000E-16  1.3593E-15  4.5458E-15  2.2000E-15  7.0000E-22  3.0000E-44  3.2000E-45  5.2000E+00  5.3000E+01  1.3569E+22  1.1119E+21  1.0935E+22
6.0000E-16  5.2489E-15  5.4405E-15  2.2000E-15  7.0000E-22  3.0000E-44  3.2000E-45  5.2000E+00  5.3000E+01  1.2814E+22  6.7211E+20  1.2130E+22
6.0000E-16  4.8734E-15  7.8771E-15  2.2000E-15  7.0000E-22  3.0000E-44  3.2000E-45  5.2000E+00  5.3000E+01  1.0608E+22  5.5818E+20  1.4450E+22
6.0000E-16  8.2352E-15  1.4835E-15  2.2000E-15  7.0000E-22  3.0000E-44  3.2000E-45  5.2000E+00  5.3000E+01  1.9439E+22  8.9452E+20  5.2820E+21
6.0000E-16  2.8953E-15  9.4584E-15  2.2000E-15  7.0000E-22  3.0000E-44  3.2000E-45  5.2000E+00  5.3000E+01  9.4890E+21  5.9616E+20  1.5531E+22
6.0000E-16  1.2189E-14  6.9021E-15  2.2000E-15  7.0000E-22  3.0000E-44  3.2000E-45  5.2000E+00  5.3000E+01  1.1539E+22  3.7150E+20  1.3705E+22
6.0000E-16  1.2677E-14  6.8577E-15  2.2000E-15  7.0000E-22  3.0000E-44  3.2000E-45  5.2000E+00  5.3000E+01  1.1585E+22  3.6354E+20  1.3668E+22
6.0000E-16  7.6154E-15  3.1941E-15  2.2000E-15  7.0000E-22  3.0000E-44  3.2000E-45  5.2000E+00  5.3000E+01  1.5937E+22  7.2224E+20  8.9578E+21
6.0000E-16  1.1778E-14  5.0669E-15  2.2000E-15  7.0000E-22  3.0000E-44  3.2000E-45  5.2000E+00  5.3000E+01  1.3418E+22  4.4914E+20  1.1749E+22
6.0000E-16  1.2144E-14  2.5442E-15  2.2000E-15  7.0000E-22  3.0000E-44  3.2000E-45  5.2000E+00  5.3000E+01  1.7288E+22  5.9194E+20  7.7363E+21
6.0000E-16  7.5155E-16  8.6932E-15  2.2000E-15  7.0000E-22  3.0000E-44  3.2000E-45  5.2000E+00  5.3000E+01  9.8698E+21  8.0939E+20  1.4937E+22
6.0000E-16  7.2255E-16  1.6958E-15  2.2000E-15  7.0000E-22  3.0000E-44  3.2000E-45  5.2000E+00  5.3000E+01  1.7823E+22  1.8975E+21  5.8961E+21
6.0000E-16  1.1778E-14  1.8673E-15  2.2000E-15  7.0000E-22  3.0000E-44  3.2000E-45  5.2000E+00  5.3000E+01  1.8715E+22  6.6769E+20  6.2334E+21
6.0000E-16  6.4918E-15  3.7410E-16  2.2000E-15  7.0000E-22  3.0000E-44  3.2000E-45  5.2000E+00  5.3000E+01  2.2387E+22  1.2916E+21  1.9369E+21
6.0000E-16  1.0946E-14  2.4845E-15  2.2000E-15  7.0000E-22  3.0000E-44  3.2000E-45  5.2000E+00  5.3000E+01  1.7365E+22  6.3934E+20  7.6119E+21
6.0000E-16  9.5582E-15  5.4235E-15  2.2000E-15  7.0000E-22  3.0000E-44  3.2000E-45  5.2000E+00  5.3000E+01  1.2962E+22  4.9327E+20  1.2160E+22
6.0000E-16  3.1669E-15  8.4846E-15  2.2000E-15  7.0000E-22  3.0000E-44  3.2000E-45  5.2000E+00  5.3000E+01  1.0120E+22  6.2328E+20  1.4873E+22
6.0000E-16  7.2751E-15  6.0367E-15  2.2000E-15  7.0000E-22  3.0000E-44  3.2000E-45  5.2000E+00  5.3000E+01  1.2262E+22  5.4176E+20  1.2813E+22
6.0000E-16  2.0358E-16  1.6325E-15  2.2000E-15  7.0000E-22  3.0000E-44  3.2000E-45  5.2000E+00  5.3000E+01  1.7756E+22  2.0980E+21  5.7618E+21
6.0000E-16  1.8730E-15  3.9272E-16  2.2000E-15  7.0000E-22  3.0000E-44  3.2000E-45  5.2000E+00  5.3000E+01  2.1187E+22  2.1695E+21  2.2597E+21
6.0000E-16  5.4670E-15  8.6501E-15  2.2000E-15  7.0000E-22  3.0000E-44  3.2000E-45  5.2000E+00  5.3000E+01  1.0074E+22  5.0057E+20  1.5042E+22
6.0000E-16  1.1690E-14  7.0224E-15  2.2000E-15  7.0000E-22  3.0000E-44  3.2000E-45  5.2000E+00  5.3000E+01  1.1427E+22  3.7774E+20  1.3811E+22
6.0000E-16  1.1414E-14  2.8081E-15  2.2000E-15  7.0000E-22  3.0000E-44  3.2000E-45  5.2000E+00  5.3000E+01  1.6762E+22  5.9496E+20  8.2598E+21
6.0000E-16  4.6131E-15  2.5496E-15  2.2000E-15  7.0000E-22  3.0000E-44  3.2000E-45  5.2000E+00  5.3000E+01  1.6870E+22  1.0151E+21  7.7319E+21
6.0000E-16  8.7189E-15  2.7344E-15  2.2000E-15  7.0000E-22  3.0000E-44  3.2000E-45  5.2000E+00  5.3000E+01  1.6796E+22  7.1108E+20  8.1102E+21
6.0000E-16  6.8503E-15  1.1715E-15  2.2000E-15  7.0000E-22  3.0000E-44  3.2000E-45  5.2000E+00  5.3000E+01  2.0116E+22  1.0550E+21  4.4455E+21
6.0000E-16  9.8991E-16  1.2165E-15  2.2000E-15  7.0000E-22  3.0000E-44  3.2000E-45  5.2000E+00  5.3000E+01  1.8889E+22  2.0178E+21  4.7088E+21
6.0000E-16  7.0122E-15  2.8909E-15  2.2000E-15  7.0000E-22  3.0000E-44  3.2000E-45  5.2000E+00  5.3000E+01  1.6426E+22  7.8710E+20  8.4036E+21
6.0000E-16  3.7760E-15  5.7717E-15  2.2000E-15  7.0000E-22  3.0000E-44  3.2000E-45  5.2000E+00  5.3000E+01  1.2399E+22  7.4298E+20  1.2474E+22
6.0000E-16  9.0870E-15  1.1124E-15  2.2000E-15  7.0000E-22  3.0000E-44  3.2000E-45  5.2000E+00  5.3000E+01  2.0464E+22  9.0074E+20  4.2509E+21
6.0000E-16  9.6973E-16  3.3299E-15  2.2000E-15  7.0000E-22  3.0000E-44  3.2000E-45  5.2000E+00  5.3000E+01  1.5124E+22  1.3777E+21  9.1161E+21
6.0000E-16  6.4461E-15  9.1869E-15  2.2000E-15  7.0000E-22  3.0000E-44  3.2000E-45  5.2000E+00  5.3000E+01  9.7427E+21  4.4608E+20  1.5427E+22
6.0000E-16  8.5499E-15  9.4974E-15  2.2000E-15  7.0000E-22  3.0000E-44  3.2000E-45  5.2000E+00  5.3000E+01  9.5818E+21  3.7720E+20  1.5657E+22
6.0000E-16  4.8729E-15  5.1547E-15  2.2000E-15  7.0000E-22  3.0000E-44  3.2000E-45  5.2000E+00  5.3000E+01  1.3114E+22  7.1497E+20  1.1787E+22
6.0000E-16  9.1014E-16  4.8277E-15  2.2000E-15  7.0000E-22  3.0000E-44  3.2000E-45  5.2000E+00  5.3000E+01  1.3188E+22  1.1421E+21  1.1285E+22
6.0000E-16  1.2014E-14  2.6231E-15  2.2000E-15  7.0000E-22  3.0000E-44  3.2000E-45  5.2000E+00  5.3000E+01  1.7131E+22  5.8976E+20  7.8964E+21
6.0000E-16  4.4252E-15  5.9761E-15  2.2000E-15  7.0000E-22  3.0000E-44  3.2000E-45  5.2000E+00  5.3000E+01  1.2225E+22  6.8539E+20  1.2705E+22
6.0000E-16  7.0417E-15  8.7909E-15  2.2000E-15  7.0000E-22  3.0000E-44  3.2000E-45  5.2000E+00  5.3000E+01  1.0011E+22  4.3938E+20  1.5166E+22
6.0000E-16  5.3067E-15  1.4056E-15  2.2000E-15  7.0000E-22  3.0000E-44  3.2000E-45  5.2000E+00  5.3000E+01  1.9358E+22  1.1548E+21  5.1033E+21
6.0000E-16  6.5146E-15  5.6628E-15  2.2000E-15  7.0000E-22  3.0000E-44  3.2000E-45  5.2000E+00  5.3000E+01  1.2622E+22  5.9386E+20  1.2400E+22
6.0000E-16  1.2425E-14  2.2664E-15  2.2000E-15  7.0000E-22  3.0000E-44  3.2000E-45  5.2000E+00  5.3000E+01  1.7862E+22  6.0631E+20  7.1484E+21
