6.3333E-16  1.2278E-15  1.0133E-15  2.2000E-15  7.0000E-22  3.0000E-44  3.2000E-45  5.2000E+00  5.3000E+01  1.9306E+22  2.1382E+21  4.1718E+21
6.3333E-16  1.9500E-15  1.0133E-15  2.2000E-15  7.0000E-22  3.0000E-44  3.2000E-45  5.2000E+00  5.3000E+01  1.9557E+22  1.9242E+21  4.1345E+21
6.3333E-16  1.9500E-15  4.8000E-16  2.2000E-15  7.0000E-22  3.0000E-44  3.2000E-45  5.2000E+00  5.3000E+01  2.0861E+22  2.1953E+21  2.5600E+21
3.0000E-16  1.9500E-15  4.8000E-16  2.2000E-15  7.0000E-22  3.0000E-44  3.2000E-45  5.2000E+00  5.3000E+01  2.2230E+22  1.1201E+21  2.2662E+21
4.3333E-16  1.8056E-15  1.3333E-15  2.2000E-15  7.0000E-22  3.0000E-44  3.2000E-45  5.2000E+00  5.3000E+01  1.9399E+22  1.2915E+21  4.9260E+21
4.3333E-16  1.0833E-15  1.3333E-15  2.2000E-15  7.0000E-22  3.0000E-44  3.2000E-45  5.2000E+00  5.3000E+01  1.9232E+22  1.4402E+21  4.9442E+21
7.6667E-16  1.0833E-15  1.3333E-15  2.2000E-15  7.0000E-22  3.0000E-44  3.2000E-45  5.2000E+00  5.3000E+01  1.8148E+22  2.4058E+21  5.0627E+21
7.6667E-16  1.0833E-15  8.0000E-16  2.2000E-15  7.0000E-22  3.0000E-44  3.2000E-45  5.2000E+00  5.3000E+01  1.9228E+22  2.7130E+21  3.6749E+21
7.0000E-16  7.9444E-16  1.0133E-15  2.2000E-15  7.0000E-22  3.0000E-44  3.2000E-45  5.2000E+00  5.3000E+01  1.8883E+22  2.4983E+21  4.2346E+21
7.0000E-16  7.9444E-16  4.8000E-16  2.2000E-15  7.0000E-22  3.0000E-44  3.2000E-45  5.2000E+00  5.3000E+01  2.0015E+22  2.8594E+21  2.7415E+21
7.0000E-16  1.5167E-15  4.8000E-16  2.2000E-15  7.0000E-22  3.0000E-44  3.2000E-45  5.2000E+00  5.3000E+01  2.0410E+22  2.5490E+21  2.6566E+21
3.6667E-16  1.5167E-15  4.8000E-16  2.2000E-15  7.0000E-22  3.0000E-44  3.2000E-45  5.2000E+00  5.3000E+01  2.1817E+22  1.4439E+21  2.3546E+21
5.0000E-16  9.3889E-16  1.4400E-15  2.2000E-15  7.0000E-22  3.0000E-44  3.2000E-45  5.2000E+00  5.3000E+01  1.8730E+22  1.6405E+21  5.2459E+21
5.0000E-16  9.3889E-16  9.0667E-16  2.2000E-15  7.0000E-22  3.0000E-44  3.2000E-45  5.2000E+00  5.3000E+01  1.9937E+22  1.8647E+21  3.8148E+21
8.3333E-16  9.3889E-16  9.0667E-16  2.2000E-15  7.0000E-22  3.0000E-44  3.2000E-45  5.2000E+00  5.3000E+01  1.8699E+22  2.9019E+21  4.0148E+21
8.3333E-16  1.6611E-15  9.0667E-16  2.2000E-15  7.0000E-22  3.0000E-44  3.2000E-45  5.2000E+00  5.3000E+01  1.9049E+22  2.6085E+21  3.9582E+21
9.0000E-16  6.5000E-16  1.3333E-15  2.2000E-15  7.0000E-22  3.0000E-44  3.2000E-45  5.2000E+00  5.3000E+01  1.7535E+22  2.9511E+21  5.1297E+21
9.0000E-16  1.3722E-15  1.3333E-15  2.2000E-15  7.0000E-22  3.0000E-44  3.2000E-45  5.2000E+00  5.3000E+01  1.7874E+22  2.6496E+21  5.0926E+21
9.0000E-16  1.3722E-15  8.0000E-16  2.2000E-15  7.0000E-22  3.0000E-44  3.2000E-45  5.2000E+00  5.3000E+01  1.8916E+22  2.9709E+21  3.7295E+21
5.6667E-16  1.3722E-15  8.0000E-16  2.2000E-15  7.0000E-22  3.0000E-44  3.2000E-45  5.2000E+00  5.3000E+01  2.0095E+22  1.9976E+21  3.5233E+21
7.0000E-16  1.0833E-15  6.9333E-16  2.2000E-15  7.0000E-22  3.0000E-44  3.2000E-45  5.2000E+00  5.3000E+01  1.9707E+22  2.5791E+21  3.3303E+21
7.0000E-16  1.0833E-15  1.2267E-15  2.2000E-15  7.0000E-22  3.0000E-44  3.2000E-45  5.2000E+00  5.3000E+01  1.8571E+22  2.2736E+21  4.7716E+21
3.6667E-16  1.0833E-15  1.2267E-15  2.2000E-15  7.0000E-22  3.0000E-44  3.2000E-45  5.2000E+00  5.3000E+01  1.9719E+22  1.2654E+21  4.6312E+21
3.6667E-16  1.8056E-15  1.2267E-15  2.2000E-15  7.0000E-22  3.0000E-44  3.2000E-45  5.2000E+00  5.3000E+01  1.9871E+22  1.1321E+21  4.6126E+21
7.0000E-16  1.2278E-15  1.1200E-15  2.2000E-15  7.0000E-22  3.0000E-44  3.2000E-45  5.2000E+00  5.3000E+01  1.8850E+22  2.2777E+21  4.4886E+21
7.0000E-16  1.9500E-15  1.1200E-15  2.2000E-15  7.0000E-22  3.0000E-44  3.2000E-45  5.2000E+00  5.3000E+01  1.9109E+22  2.0537E+21  4.4535E+21
3.6667E-16  1.9500E-15  1.1200E-15  2.2000E-15  7.0000E-22  3.0000E-44  3.2000E-45  5.2000E+00  5.3000E+01  2.0169E+22  1.1372E+21  4.3101E+21
3.6667E-16  1.9500E-15  5.8667E-16  2.2000E-15  7.0000E-22  3.0000E-44  3.2000E-45  5.2000E+00  5.3000E+01  2.1626E+22  1.3070E+21  2.6827E+21
7.0000E-16  7.9444E-16  1.2267E-15  2.2000E-15  7.0000E-22  3.0000E-44  3.2000E-45  5.2000E+00  5.3000E+01  1.8451E+22  2.3789E+21  4.7863E+21
7.0000E-16  1.5167E-15  1.2267E-15  2.2000E-15  7.0000E-22  3.0000E-44  3.2000E-45  5.2000E+00  5.3000E+01  1.8732E+22  2.1319E+21  4.7519E+21
7.0000E-16  1.5167E-15  6.9333E-16  2.2000E-15  7.0000E-22  3.0000E-44  3.2000E-45  5.2000E+00  5.3000E+01  1.9911E+22  2.4132E+21  3.2918E+21
3.6667E-16  1.5167E-15  6.9333E-16  2.2000E-15  7.0000E-22  3.0000E-44  3.2000E-45  5.2000E+00  5.3000E+01  2.1212E+22  1.3568E+21  3.0472E+21
9.0000E-16  1.9500E-15  1.1200E-15  2.2000E-15  7.0000E-22  3.0000E-44  3.2000E-45  5.2000E+00  5.3000E+01  1.8525E+22  2.5581E+21  4.5326E+21
9.0000E-16  1.2278E-15  1.1200E-15  2.2000E-15  7.0000E-22  3.0000E-44  3.2000E-45  5.2000E+00  5.3000E+01  1.8214E+22  2.8274E+21  4.5748E+21
9.0000E-16  1.2278E-15  5.8667E-16  2.2000E-15  7.0000E-22  3.0000E-44  3.2000E-45  5.2000E+00  5.3000E+01  1.9268E+22  3.1904E+21  3.1574E+21
5.6667E-16  1.2278E-15  5.8667E-16  2.2000E-15  7.0000E-22  3.0000E-44  3.2000E-45  5.2000E+00  5.3000E+01  2.0556E+22  2.1620E+21  2.8981E+21
3.0000E-16  6.5000E-16  5.8667E-16  2.2000E-15  7.0000E-22  3.0000E-44  3.2000E-45  5.2000E+00  5.3000E+01  2.1564E+22  1.3564E+21  2.6951E+21
3.0000E-16  6.5000E-16  1.1200E-15  2.2000E-15  7.0000E-22  3.0000E-44  3.2000E-45  5.2000E+00  5.3000E+01  2.0141E+22  1.1612E+21  4.3139E+21
3.0000E-16  1.3722E-15  1.1200E-15  2.2000E-15  7.0000E-22  3.0000E-44  3.2000E-45  5.2000E+00  5.3000E+01  2.0295E+22  1.0278E+21  4.2930E+21
6.3333E-16  1.3722E-15  1.1200E-15  2.2000E-15  7.0000E-22  3.0000E-44  3.2000E-45  5.2000E+00  5.3000E+01  1.9124E+22  2.0406E+21  4.4515E+21
9.0000E-16  1.0833E-15  8.0000E-16  2.2000E-15  7.0000E-22  3.0000E-44  3.2000E-45  5.2000E+00  5.3000E+01  1.8758E+22  3.1005E+21  3.7570E+21
9.0000E-16  1.0833E-15  1.3333E-15  2.2000E-15  7.0000E-22  3.0000E-44  3.2000E-45  5.2000E+00  5.3000E+01  1.7747E+22  2.7625E+21  5.1065E+21
9.0000E-16  1.8056E-15  1.3333E-15  2.2000E-15  7.0000E-22  3.0000E-44  3.2000E-45  5.2000E+00  5.3000E+01  1.8046E+22  2.4966E+21  5.0738E+21
5.6667E-16  1.8056E-15  1.3333E-15  2.2000E-15  7.0000E-22  3.0000E-44  3.2000E-45  5.2000E+00  5.3000E+01  1.8992E+22  1.6537E+21  4.9704E+21
8.3333E-16  1.0833E-15  1.0133E-15  2.2000E-15  7.0000E-22  3.0000E-44  3.2000E-45  5.2000E+00  5.3000E+01  1.8563E+22  2.7704E+21  4.2821E+21
8.3333E-16  1.0833E-15  4.8000E-16  2.2000E-15  7.0000E-22  3.0000E-44  3.2000E-45  5.2000E+00  5.3000E+01  1.9650E+22  3.1464E+21  2.8199E+21
8.3333E-16  1.8056E-15  4.8000E-16  2.2000E-15  7.0000E-22  3.0000E-44  3.2000E-45  5.2000E+00  5.3000E+01  2.0055E+22  2.8281E+21  2.7329E+21
5.0000E-16  1.8056E-15  4.8000E-16  2.2000E-15  7.0000E-22  3.0000E-44  3.2000E-45  5.2000E+00  5.3000E+01  2.1335E+22  1.8228E+21  2.4582E+21
5.6667E-16  6.5000E-16  1.0133E-15  2.2000E-15  7.0000E-22  3.0000E-44  3.2000E-45  5.2000E+00  5.3000E+01  1.9316E+22  2.1294E+21  4.1702E+21
5.6667E-16  1.3722E-15  1.0133E-15  2.2000E-15  7.0000E-22  3.0000E-44  3.2000E-45  5.2000E+00  5.3000E+01  1.9592E+22  1.8950E+21  4.1294E+21
5.6667E-16  1.3722E-15  4.8000E-16  2.2000E-15  7.0000E-22  3.0000E-44  3.2000E-45  5.2000E+00  5.3000E+01  2.0885E+22  2.1758E+21  2.5547E+21
9.0000E-16  1.3722E-15  4.8000E-16  2.2000E-15  7.0000E-22  3.0000E-44  3.2000E-45  5.2000E+00  5.3000E+01  1.9575E+22  3.2053E+21  2.8360E+21
8.3333E-16  7.9444E-16  6.9333E-16  2.2000E-15  7.0000E-22  3.0000E-44  3.2000E-45  5.2000E+00  5.3000E+01  1.9037E+22  3.1229E+21  3.4562E+21
8.3333E-16  7.9444E-16  1.2267E-15  2.2000E-15  7.0000E-22  3.0000E-44  3.2000E-45  5.2000E+00  5.3000E+01  1.8012E+22  2.7642E+21  4.8400E+21
8.3333E-16  1.5167E-15  1.2267E-15  2.2000E-15  7.0000E-22  3.0000E-44  3.2000E-45  5.2000E+00  5.3000E+01  1.8332E+22  2.4833E+21  4.8009E+21
5.0000E-16  1.5167E-15  1.2267E-15  2.2000E-15  7.0000E-22  3.0000E-44  3.2000E-45  5.2000E+00  5.3000E+01  1.9367E+22  1.5748E+21  4.6742E+21
5.6667E-16  6.5000E-16  9.0667E-16  2.2000E-15  7.0000E-22  3.0000E-44  3.2000E-45  5.2000E+00  5.3000E+01  1.9551E+22  2.1875E+21  3.8770E+21
5.6667E-16  1.3722E-15  9.0667E-16  2.2000E-15  7.0000E-22  3.0000E-44  3.2000E-45  5.2000E+00  5.3000E+01  1.9841E+22  1.9448E+21  3.8302E+21
5.6667E-16  1.3722E-15  1.4400E-15  2.2000E-15  7.0000E-22  3.0000E-44  3.2000E-45  5.2000E+00  5.3000E+01  1.8641E+22  1.7202E+21  5.2544E+21
9.0000E-16  1.3722E-15  1.4400E-15  2.2000E-15  7.0000E-22  3.0000E-44  3.2000E-45  5.2000E+00  5.3000E+01  1.7675E+22  2.5938E+21  5.3475E+21
8.3333E-16  1.5167E-15  1.0133E-15  2.2000E-15  7.0000E-22  3.0000E-44  3.2000E-45  5.2000E+00  5.3000E+01  1.8764E+22  2.5998E+21  4.2523E+21
5.0000E-16  1.5167E-15  1.0133E-15  2.2000E-15  7.0000E-22  3.0000E-44  3.2000E-45  5.2000E+00  5.3000E+01  1.9872E+22  1.6563E+21  4.0878E+21
5.0000E-16  7.9444E-16  1.0133E-15  2.2000E-15  7.0000E-22  3.0000E-44  3.2000E-45  5.2000E+00  5.3000E+01  1.9634E+22  1.8592E+21  4.1231E+21
5.0000E-16  7.9444E-16  4.8000E-16  2.2000E-15  7.0000E-22  3.0000E-44  3.2000E-45  5.2000E+00  5.3000E+01  2.0916E+22  2.1518E+21  2.5481E+21
8.3333E-16  7.9444E-16  1.0133E-15  2.2000E-15  7.0000E-22  3.0000E-44  3.2000E-45  5.2000E+00  5.3000E+01  1.8415E+22  2.8971E+21  4.3042E+21
5.0000E-16  7.9444E-16  1.0133E-15  2.2000E-15  7.0000E-22  3.0000E-44  3.2000E-45  5.2000E+00  5.3000E+01  1.9634E+22  1.8592E+21  4.1231E+21
5.0000E-16  1.5167E-15  1.0133E-15  2.2000E-15  7.0000E-22  3.0000E-44  3.2000E-45  5.2000E+00  5.3000E+01  1.9872E+22  1.6563E+21  4.0878E+21
5.0000E-16  1.5167E-15  4.8000E-16  2.2000E-15  7.0000E-22  3.0000E-44  3.2000E-45  5.2000E+00  5.3000E+01  2.1229E+22  1.9063E+21  2.4810E+21
5.0000E-16  1.5167E-15  5.8667E-16  2.2000E-15  7.0000E-22  3.0000E-44  3.2000E-45  5.2000E+00  5.3000E+01  2.0946E+22  1.8500E+21  2.8195E+21
5.0000E-16  1.5167E-15  1.1200E-15  2.2000E-15  7.0000E-22  3.0000E-44  3.2000E-45  5.2000E+00  5.3000E+01  1.9617E+22  1.6145E+21  4.3848E+21
5.0000E-16  7.9444E-16  1.1200E-15  2.2000E-15  7.0000E-22  3.0000E-44  3.2000E-45  5.2000E+00  5.3000E+01  1.9390E+22  1.8104E+21  4.4155E+21
8.3333E-16  7.9444E-16  1.1200E-15  2.2000E-15  7.0000E-22  3.0000E-44  3.2000E-45  5.2000E+00  5.3000E+01  1.8212E+22  2.8291E+21  4.5750E+21
7.6667E-16  6.5000E-16  5.8667E-16  2.2000E-15  7.0000E-22  3.0000E-44  3.2000E-45  5.2000E+00  5.3000E+01  1.9421E+22  3.0685E+21  3.1267E+21
7.6667E-16  6.5000E-16  1.1200E-15  2.2000E-15  7.0000E-22  3.0000E-44  3.2000E-45  5.2000E+00  5.3000E+01  1.8364E+22  2.6977E+21  4.5544E+21
7.6667E-16  1.3722E-15  1.1200E-15  2.2000E-15  7.0000E-22  3.0000E-44  3.2000E-45  5.2000E+00  5.3000E+01  1.8693E+22  2.4132E+21  4.5099E+21
4.3333E-16  1.3722E-15  1.1200E-15  2.2000E-15  7.0000E-22  3.0000E-44  3.2000E-45  5.2000E+00  5.3000E+01  1.9809E+22  1.4478E+21  4.3587E+21
8.3333E-16  1.9500E-15  9.0667E-16  2.2000E-15  7.0000E-22  3.0000E-44  3.2000E-45  5.2000E+00  5.3000E+01  1.9170E+22  2.5070E+21  3.9386E+21
5.0000E-16  1.9500E-15  9.0667E-16  2.2000E-15  7.0000E-22  3.0000E-44  3.2000E-45  5.2000E+00  5.3000E+01  2.0258E+22  1.5951E+21  3.7628E+21
5.0000E-16  1.2278E-15  9.0667E-16  2.2000E-15  7.0000E-22  3.0000E-44  3.2000E-45  5.2000E+00  5.3000E+01  2.0039E+22  1.7788E+21  3.7982E+21
5.0000E-16  1.2278E-15  1.4400E-15  2.2000E-15  7.0000E-22  3.0000E-44  3.2000E-45  5.2000E+00  5.3000E+01  1.8810E+22  1.5680E+21  5.2382E+21
5.6667E-16  9.3889E-16  6.9333E-16  2.2000E-15  7.0000E-22  3.0000E-44  3.2000E-45  5.2000E+00  5.3000E+01  2.0170E+22  2.2025E+21  3.2430E+21
5.6667E-16  1.6611E-15  6.9333E-16  2.2000E-15  7.0000E-22  3.0000E-44  3.2000E-45  5.2000E+00  5.3000E+01  2.0463E+22  1.9647E+21  3.1880E+21
9.0000E-16  1.6611E-15  6.9333E-16  2.2000E-15  7.0000E-22  3.0000E-44  3.2000E-45  5.2000E+00  5.3000E+01  1.9284E+22  2.9222E+21  3.4097E+21
9.0000E-16  1.6611E-15  1.2267E-15  2.2000E-15  7.0000E-22  3.0000E-44  3.2000E-45  5.2000E+00  5.3000E+01  1.8198E+22  2.6012E+21  4.8173E+21
7.0000E-16  7.9444E-16  5.8667E-16  2.2000E-15  7.0000E-22  3.0000E-44  3.2000E-45  5.2000E+00  5.3000E+01  1.9783E+22  2.7788E+21  3.0536E+21
3.6667E-16  7.9444E-16  5.8667E-16  2.2000E-15  7.0000E-22  3.0000E-44  3.2000E-45  5.2000E+00  5.3000E+01  2.1279E+22  1.5840E+21  2.7525E+21
3.6667E-16  1.5167E-15  5.8667E-16  2.2000E-15  7.0000E-22  3.0000E-44  3.2000E-45  5.2000E+00  5.3000E+01  2.1511E+22  1.3989E+21  2.7058E+21
3.6667E-16  1.5167E-15  1.1200E-15  2.2000E-15  7.0000E-22  3.0000E-44  3.2000E-45  5.2000E+00  5.3000E+01  2.0081E+22  1.2129E+21  4.3220E+21
5.6667E-16  7.9444E-16  1.1200E-15  2.2000E-15  7.0000E-22  3.0000E-44  3.2000E-45  5.2000E+00  5.3000E+01  1.9142E+22  2.0248E+21  4.4490E+21
5.6667E-16  7.9444E-16  5.8667E-16  2.2000E-15  7.0000E-22  3.0000E-44  3.2000E-45  5.2000E+00  5.3000E+01  2.0353E+22  2.3242E+21  2.9390E+21
9.0000E-16  7.9444E-16  5.8667E-16  2.2000E-15  7.0000E-22  3.0000E-44  3.2000E-45  5.2000E+00  5.3000E+01  1.8992E+22  3.4106E+21  3.2129E+21
9.0000E-16  1.5167E-15  5.8667E-16  2.2000E-15  7.0000E-22  3.0000E-44  3.2000E-45  5.2000E+00  5.3000E+01  1.9433E+22  3.0585E+21  3.1241E+21
8.3333E-16  1.6611E-15  9.0667E-16  2.2000E-15  7.0000E-22  3.0000E-44  3.2000E-45  5.2000E+00  5.3000E+01  1.9049E+22  2.6085E+21  3.9582E+21
8.3333E-16  1.6611E-15  1.4400E-15  2.2000E-15  7.0000E-22  3.0000E-44  3.2000E-45  5.2000E+00  5.3000E+01  1.7966E+22  2.3305E+21  5.3195E+21
5.0000E-16  1.6611E-15  1.4400E-15  2.2000E-15  7.0000E-22  3.0000E-44  3.2000E-45  5.2000E+00  5.3000E+01  1.8918E+22  1.4706E+21  5.2279E+21
5.0000E-16  9.3889E-16  1.4400E-15  2.2000E-15  7.0000E-22  3.0000E-44  3.2000E-45  5.2000E+00  5.3000E+01  1.8730E+22  1.6405E+21  5.2459E+21
5.0000E-16  1.2278E-15  4.8000E-16  2.2000E-15  7.0000E-22  3.0000E-44  3.2000E-45  5.2000E+00  5.3000E+01  2.1112E+22  1.9975E+21  2.5059E+21
8.3333E-16  1.2278E-15  4.8000E-16  2.2000E-15  7.0000E-22  3.0000E-44  3.2000E-45  5.2000E+00  5.3000E+01  1.9738E+22  3.0772E+21  2.8010E+21
8.3333E-16  1.9500E-15  4.8000E-16  2.2000E-15  7.0000E-22  3.0000E-44  3.2000E-45  5.2000E+00  5.3000E+01  2.0126E+22  2.7719E+21  2.7176E+21
8.3333E-16  1.9500E-15  1.0133E-15  2.2000E-15  7.0000E-22  3.0000E-44  3.2000E-45  5.2000E+00  5.3000E+01  1.8941E+22  2.4489E+21  4.2260E+21
7.6667E-16  1.0833E-15  8.0000E-16  2.2000E-15  7.0000E-22  3.0000E-44  3.2000E-45  5.2000E+00  5.3000E+01  1.9228E+22  2.7130E+21  3.6749E+21
7.6667E-16  1.8056E-15  8.0000E-16  2.2000E-15  7.0000E-22  3.0000E-44  3.2000E-45  5.2000E+00  5.3000E+01  1.9560E+22  2.4392E+21  3.6169E+21
4.3333E-16  1.8056E-15  8.0000E-16  2.2000E-15  7.0000E-22  3.0000E-44  3.2000E-45  5.2000E+00  5.3000E+01  2.0736E+22  1.4690E+21  3.4114E+21
4.3333E-16  1.8056E-15  1.3333E-15  2.2000E-15  7.0000E-22  3.0000E-44  3.2000E-45  5.2000E+00  5.3000E+01  1.9399E+22  1.2915E+21  4.9260E+21
3.0000E-16  1.2278E-15  1.0133E-15  2.2000E-15  7.0000E-22  3.0000E-44  3.2000E-45  5.2000E+00  5.3000E+01  2.0547E+22  1.0815E+21  3.9876E+21
3.0000E-16  1.2278E-15  4.8000E-16  2.2000E-15  7.0000E-22  3.0000E-44  3.2000E-45  5.2000E+00  5.3000E+01  2.2049E+22  1.2622E+21  2.3050E+21
6.3333E-16  1.2278E-15  4.8000E-16  2.2000E-15  7.0000E-22  3.0000E-44  3.2000E-45  5.2000E+00  5.3000E+01  2.0537E+22  2.4493E+21  2.6294E+21
6.3333E-16  1.9500E-15  4.8000E-16  2.2000E-15  7.0000E-22  3.0000E-44  3.2000E-45  5.2000E+00  5.3000E+01  2.0861E+22  2.1953E+21  2.5600E+21
5.0000E-16  1.8056E-15  1.1200E-15  2.2000E-15  7.0000E-22  3.0000E-44  3.2000E-45  5.2000E+00  5.3000E+01  1.9694E+22  1.5474E+21  4.3743E+21
8.3333E-16  1.8056E-15  1.1200E-15  2.2000E-15  7.0000E-22  3.0000E-44  3.2000E-45  5.2000E+00  5.3000E+01  1.8661E+22  2.4404E+21  4.5141E+21
8.3333E-16  1.8056E-15  5.8667E-16  2.2000E-15  7.0000E-22  3.0000E-44  3.2000E-45  5.2000E+00  5.3000E+01  1.9814E+22  2.7548E+21  3.0476E+21
8.3333E-16  1.0833E-15  5.8667E-16  2.2000E-15  7.0000E-22  3.0000E-44  3.2000E-45  5.2000E+00  5.3000E+01  1.9428E+22  3.0631E+21  3.1253E+21
4.3333E-16  1.3722E-15  1.4400E-15  2.2000E-15  7.0000E-22  3.0000E-44  3.2000E-45  5.2000E+00  5.3000E+01  1.9058E+22  1.3441E+21  5.2144E+21
4.3333E-16  1.3722E-15  9.0667E-16  2.2000E-15  7.0000E-22  3.0000E-44  3.2000E-45  5.2000E+00  5.3000E+01  2.0339E+22  1.5273E+21  3.7497E+21
4.3333E-16  6.5000E-16  9.0667E-16  2.2000E-15  7.0000E-22  3.0000E-44  3.2000E-45  5.2000E+00  5.3000E+01  2.0104E+22  1.7239E+21  3.7876E+21
7.6667E-16  6.5000E-16  9.0667E-16  2.2000E-15  7.0000E-22  3.0000E-44  3.2000E-45  5.2000E+00  5.3000E+01  1.8780E+22  2.8345E+21  4.0018E+21
6.3333E-16  1.5167E-15  4.8000E-16  2.2000E-15  7.0000E-22  3.0000E-44  3.2000E-45  5.2000E+00  5.3000E+01  2.0675E+22  2.3410E+21  2.5998E+21
6.3333E-16  7.9444E-16  4.8000E-16  2.2000E-15  7.0000E-22  3.0000E-44  3.2000E-45  5.2000E+00  5.3000E+01  2.0306E+22  2.6313E+21  2.6791E+21
3.0000E-16  7.9444E-16  4.8000E-16  2.2000E-15  7.0000E-22  3.0000E-44  3.2000E-45  5.2000E+00  5.3000E+01  2.1917E+22  1.3660E+21  2.3333E+21
3.0000E-16  7.9444E-16  1.0133E-15  2.2000E-15  7.0000E-22  3.0000E-44  3.2000E-45  5.2000E+00  5.3000E+01  2.0449E+22  1.1646E+21  4.0021E+21
5.6667E-16  1.2278E-15  9.0667E-16  2.2000E-15  7.0000E-22  3.0000E-44  3.2000E-45  5.2000E+00  5.3000E+01  1.9788E+22  1.9890E+21  3.8387E+21
9.0000E-16  1.2278E-15  9.0667E-16  2.2000E-15  7.0000E-22  3.0000E-44  3.2000E-45  5.2000E+00  5.3000E+01  1.8628E+22  2.9620E+21  4.0264E+21
9.0000E-16  1.9500E-15  9.0667E-16  2.2000E-15  7.0000E-22  3.0000E-44  3.2000E-45  5.2000E+00  5.3000E+01  1.8967E+22  2.6773E+21  3.9714E+21
9.0000E-16  1.9500E-15  1.4400E-15  2.2000E-15  7.0000E-22  3.0000E-44  3.2000E-45  5.2000E+00  5.3000E+01  1.7891E+22  2.3987E+21  5.3267E+21
5.6667E-16  1.3722E-15  1.0133E-15  2.2000E-15  7.0000E-22  3.0000E-44  3.2000E-45  5.2000E+00  5.3000E+01  1.9592E+22  1.8950E+21  4.1294E+21
9.0000E-16  1.3722E-15  1.0133E-15  2.2000E-15  7.0000E-22  3.0000E-44  3.2000E-45  5.2000E+00  5.3000E+01  1.8490E+22  2.8332E+21  4.2930E+21
9.0000E-16  6.5000E-16  1.0133E-15  2.2000E-15  7.0000E-22  3.0000E-44  3.2000E-45  5.2000E+00  5.3000E+01  1.8106E+22  3.1603E+21  4.3502E+21
9.0000E-16  6.5000E-16  4.8000E-16  2.2000E-15  7.0000E-22  3.0000E-44  3.2000E-45  5.2000E+00  5.3000E+01  1.9092E+22  3.5844E+21  2.9397E+21
5.6667E-16  7.9444E-16  9.0667E-16  2.2000E-15  7.0000E-22  3.0000E-44  3.2000E-45  5.2000E+00  5.3000E+01  1.9615E+22  2.1343E+21  3.8667E+21
5.6667E-16  1.5167E-15  9.0667E-16  2.2000E-15  7.0000E-22  3.0000E-44  3.2000E-45  5.2000E+00  5.3000E+01  1.9891E+22  1.9026E+21  3.8221E+21
5.6667E-16  1.5167E-15  1.4400E-15  2.2000E-15  7.0000E-22  3.0000E-44  3.2000E-45  5.2000E+00  5.3000E+01  1.8681E+22  1.6841E+21  5.2506E+21
9.0000E-16  1.5167E-15  1.4400E-15  2.2000E-15  7.0000E-22  3.0000E-44  3.2000E-45  5.2000E+00  5.3000E+01  1.7732E+22  2.5421E+21  5.3420E+21
9.0000E-16  1.2278E-15  4.8000E-16  2.2000E-15  7.0000E-22  3.0000E-44  3.2000E-45  5.2000E+00  5.3000E+01  1.9486E+22  3.2747E+21  2.8550E+21
5.6667E-16  1.2278E-15  4.8000E-16  2.2000E-15  7.0000E-22  3.0000E-44  3.2000E-45  5.2000E+00  5.3000E+01  2.0820E+22  2.2270E+21  2.5686E+21
5.6667E-16  1.2278E-15  1.0133E-15  2.2000E-15  7.0000E-22  3.0000E-44  3.2000E-45  5.2000E+00  5.3000E+01  1.9542E+22  1.9376E+21  4.1368E+21
5.6667E-16  1.9500E-15  1.0133E-15  2.2000E-15  7.0000E-22  3.0000E-44  3.2000E-45  5.2000E+00  5.3000E+01  1.9772E+22  1.7415E+21  4.1026E+21
3.0000E-16  1.3722E-15  4.8000E-16  2.2000E-15  7.0000E-22  3.0000E-44  3.2000E-45  5.2000E+00  5.3000E+01  2.2088E+22  1.2310E+21  2.2965E+21
3.0000E-16  1.3722E-15  1.0133E-15  2.2000E-15  7.0000E-22  3.0000E-44  3.2000E-45  5.2000E+00  5.3000E+01  2.0576E+22  1.0564E+21  3.9832E+21
3.0000E-16  6.5000E-16  1.0133E-15  2.2000E-15  7.0000E-22  3.0000E-44  3.2000E-45  5.2000E+00  5.3000E+01  2.0413E+22  1.1952E+21  4.0074E+21
6.3333E-16  6.5000E-16  1.0133E-15  2.2000E-15  7.0000E-22  3.0000E-44  3.2000E-45  5.2000E+00  5.3000E+01  1.9061E+22  2.3468E+21  4.2082E+21
3.0000E-16  7.9444E-16  9.0667E-16  2.2000E-15  7.0000E-22  3.0000E-44  3.2000E-45  5.2000E+00  5.3000E+01  2.0730E+22  1.1996E+21  3.6866E+21
3.0000E-16  7.9444E-16  1.4400E-15  2.2000E-15  7.0000E-22  3.0000E-44  3.2000E-45  5.2000E+00  5.3000E+01  1.9389E+22  1.0445E+21  5.1825E+21
3.0000E-16  1.5167E-15  1.4400E-15  2.2000E-15  7.0000E-22  3.0000E-44  3.2000E-45  5.2000E+00  5.3000E+01  1.9515E+22  9.3048E+20  5.1704E+21
6.3333E-16  1.5167E-15  1.4400E-15  2.2000E-15  7.0000E-22  3.0000E-44  3.2000E-45  5.2000E+00  5.3000E+01  1.8484E+22  1.8628E+21  5.2696E+21
9.0000E-16  1.2278E-15  9.0667E-16  2.2000E-15  7.0000E-22  3.0000E-44  3.2000E-45  5.2000E+00  5.3000E+01  1.8628E+22  2.9620E+21  4.0264E+21
9.0000E-16  1.9500E-15  9.0667E-16  2.2000E-15  7.0000E-22  3.0000E-44  3.2000E-45  5.2000E+00  5.3000E+01  1.8967E+22  2.6773E+21  3.9714E+21
9.0000E-16  1.9500E-15  1.4400E-15  2.2000E-15  7.0000E-22  3.0000E-44  3.2000E-45  5.2000E+00  5.3000E+01  1.7891E+22  2.3987E+21  5.3267E+21
5.6667E-16  1.9500E-15  1.4400E-15  2.2000E-15  7.0000E-22  3.0000E-44  3.2000E-45  5.2000E+00  5.3000E+01  1.8791E+22  1.5846E+21  5.2400E+21
5.6667E-16  1.3722E-15  9.0667E-16  2.2000E-15  7.0000E-22  3.0000E-44  3.2000E-45  5.2000E+00  5.3000E+01  1.9841E+22  1.9448E+21  3.8302E+21
5.6667E-16  1.3722E-15  1.4400E-15  2.2000E-15  7.0000E-22  3.0000E-44  3.2000E-45  5.2000E+00  5.3000E+01  1.8641E+22  1.7202E+21  5.2544E+21
5.6667E-16  6.5000E-16  1.4400E-15  2.2000E-15  7.0000E-22  3.0000E-44  3.2000E-45  5.2000E+00  5.3000E+01  1.8413E+22  1.9262E+21  5.2764E+21
9.0000E-16  6.5000E-16  1.4400E-15  2.2000E-15  7.0000E-22  3.0000E-44  3.2000E-45  5.2000E+00  5.3000E+01  1.7350E+22  2.8876E+21  5.3789E+21
7.6667E-16  1.8056E-15  1.1200E-15  2.2000E-15  7.0000E-22  3.0000E-44  3.2000E-45  5.2000E+00  5.3000E+01  1.8859E+22  2.2695E+21  4.4873E+21
4.3333E-16  1.8056E-15  1.1200E-15  2.2000E-15  7.0000E-22  3.0000E-44  3.2000E-45  5.2000E+00  5.3000E+01  1.9915E+22  1.3566E+21  4.3444E+21
4.3333E-16  1.8056E-15  5.8667E-16  2.2000E-15  7.0000E-22  3.0000E-44  3.2000E-45  5.2000E+00  5.3000E+01  2.1314E+22  1.5561E+21  2.7454E+21
4.3333E-16  1.0833E-15  5.8667E-16  2.2000E-15  7.0000E-22  3.0000E-44  3.2000E-45  5.2000E+00  5.3000E+01  2.1074E+22  1.7484E+21  2.7939E+21
5.6667E-16  1.5167E-15  1.4400E-15  2.2000E-15  7.0000E-22  3.0000E-44  3.2000E-45  5.2000E+00  5.3000E+01  1.8681E+22  1.6841E+21  5.2506E+21
5.6667E-16  1.5167E-15  9.0667E-16  2.2000E-15  7.0000E-22  3.0000E-44  3.2000E-45  5.2000E+00  5.3000E+01  1.9891E+22  1.9026E+21  3.8221E+21
9.0000E-16  1.5167E-15  9.0667E-16  2.2000E-15  7.0000E-22  3.0000E-44  3.2000E-45  5.2000E+00  5.3000E+01  1.8772E+22  2.8412E+21  4.0031E+21
9.0000E-16  7.9444E-16  9.0667E-16  2.2000E-15  7.0000E-22  3.0000E-44  3.2000E-45  5.2000E+00  5.3000E+01  1.8387E+22  3.1635E+21  4.0653E+21
3.6667E-16  9.3889E-16  1.1200E-15  2.2000E-15  7.0000E-22  3.0000E-44  3.2000E-45  5.2000E+00  5.3000E+01  1.9945E+22  1.3310E+21  4.3404E+21
7.0000E-16  9.3889E-16  1.1200E-15  2.2000E-15  7.0000E-22  3.0000E-44  3.2000E-45  5.2000E+00  5.3000E+01  1.8730E+22  2.3815E+21  4.5049E+21
7.0000E-16  9.3889E-16  5.8667E-16  2.2000E-15  7.0000E-22  3.0000E-44  3.2000E-45  5.2000E+00  5.3000E+01  1.9865E+22  2.7133E+21  3.0371E+21
7.0000E-16  1.6611E-15  5.8667E-16  2.2000E-15  7.0000E-22  3.0000E-44  3.2000E-45  5.2000E+00  5.3000E+01  2.0224E+22  2.4267E+21  2.9649E+21
7.0000E-16  1.5167E-15  1.0133E-15  2.2000E-15  7.0000E-22  3.0000E-44  3.2000E-45  5.2000E+00  5.3000E+01  1.9191E+22  2.2357E+21  4.1888E+21
7.0000E-16  7.9444E-16  1.0133E-15  2.2000E-15  7.0000E-22  3.0000E-44  3.2000E-45  5.2000E+00  5.3000E+01  1.8883E+22  2.4983E+21  4.2346E+21
7.0000E-16  7.9444E-16  4.8000E-16  2.2000E-15  7.0000E-22  3.0000E-44  3.2000E-45  5.2000E+00  5.3000E+01  2.0015E+22  2.8594E+21  2.7415E+21
3.6667E-16  7.9444E-16  4.8000E-16  2.2000E-15  7.0000E-22  3.0000E-44  3.2000E-45  5.2000E+00  5.3000E+01  2.1571E+22  1.6376E+21  2.4076E+21
8.3333E-16  1.2278E-15  1.3333E-15  2.2000E-15  7.0000E-22  3.0000E-44  3.2000E-45  5.2000E+00  5.3000E+01  1.8006E+22  2.5315E+21  5.0781E+21
8.3333E-16  1.2278E-15  8.0000E-16  2.2000E-15  7.0000E-22  3.0000E-44  3.2000E-45  5.2000E+00  5.3000E+01  1.9067E+22  2.8463E+21  3.7031E+21
5.0000E-16  1.2278E-15  8.0000E-16  2.2000E-15  7.0000E-22  3.0000E-44  3.2000E-45  5.2000E+00  5.3000E+01  2.0300E+22  1.8286E+21  3.4875E+21
5.0000E-16  1.9500E-15  8.0000E-16  2.2000E-15  7.0000E-22  3.0000E-44  3.2000E-45  5.2000E+00  5.3000E+01  2.0531E+22  1.6381E+21  3.4472E+21
9.0000E-16  1.2278E-15  1.3333E-15  2.2000E-15  7.0000E-22  3.0000E-44  3.2000E-45  5.2000E+00  5.3000E+01  1.7812E+22  2.7049E+21  5.0994E+21
9.0000E-16  1.9500E-15  1.3333E-15  2.2000E-15  7.0000E-22  3.0000E-44  3.2000E-45  5.2000E+00  5.3000E+01  1.8099E+22  2.4495E+21  5.0680E+21
5.6667E-16  1.9500E-15  1.3333E-15  2.2000E-15  7.0000E-22  3.0000E-44  3.2000E-45  5.2000E+00  5.3000E+01  1.9029E+22  1.6209E+21  4.9664E+21
5.6667E-16  1.9500E-15  8.0000E-16  2.2000E-15  7.0000E-22  3.0000E-44  3.2000E-45  5.2000E+00  5.3000E+01  2.0294E+22  1.8333E+21  3.4885E+21
7.6667E-16  1.8056E-15  4.8000E-16  2.2000E-15  7.0000E-22  3.0000E-44  3.2000E-45  5.2000E+00  5.3000E+01  2.0297E+22  2.6380E+21  2.6810E+21
7.6667E-16  1.8056E-15  1.0133E-15  2.2000E-15  7.0000E-22  3.0000E-44  3.2000E-45  5.2000E+00  5.3000E+01  1.9089E+22  2.3233E+21  4.2041E+21
4.3333E-16  1.8056E-15  1.0133E-15  2.2000E-15  7.0000E-22  3.0000E-44  3.2000E-45  5.2000E+00  5.3000E+01  2.0182E+22  1.3919E+21  4.0417E+21
4.3333E-16  1.0833E-15  1.0133E-15  2.2000E-15  7.0000E-22  3.0000E-44  3.2000E-45  5.2000E+00  5.3000E+01  1.9989E+22  1.5568E+21  4.0704E+21
9.0000E-16  1.6611E-15  1.4400E-15  2.2000E-15  7.0000E-22  3.0000E-44  3.2000E-45  5.2000E+00  5.3000E+01  1.7787E+22  2.4924E+21  5.3367E+21
9.0000E-16  1.6611E-15  9.0667E-16  2.2000E-15  7.0000E-22  3.0000E-44  3.2000E-45  5.2000E+00  5.3000E+01  1.8840E+22  2.7844E+21  3.9921E+21
9.0000E-16  9.3889E-16  9.0667E-16  2.2000E-15  7.0000E-22  3.0000E-44  3.2000E-45  5.2000E+00  5.3000E+01  1.8471E+22  3.0934E+21  4.0517E+21
5.6667E-16  9.3889E-16  9.0667E-16  2.2000E-15  7.0000E-22  3.0000E-44  3.2000E-45  5.2000E+00  5.3000E+01  1.9675E+22  2.0836E+21  3.8569E+21
9.0000E-16  9.3889E-16  1.1200E-15  2.2000E-15  7.0000E-22  3.0000E-44  3.2000E-45  5.2000E+00  5.3000E+01  1.8070E+22  2.9516E+21  4.5942E+21
9.0000E-16  1.6611E-15  1.1200E-15  2.2000E-15  7.0000E-22  3.0000E-44  3.2000E-45  5.2000E+00  5.3000E+01  1.8408E+22  2.6594E+21  4.5484E+21
5.6667E-16  1.6611E-15  1.1200E-15  2.2000E-15  7.0000E-22  3.0000E-44  3.2000E-45  5.2000E+00  5.3000E+01  1.9436E+22  1.7703E+21  4.4092E+21
5.6667E-16  1.6611E-15  5.8667E-16  2.2000E-15  7.0000E-22  3.0000E-44  3.2000E-45  5.2000E+00  5.3000E+01  2.0733E+22  2.0207E+21  2.8625E+21
3.6667E-16  1.3722E-15  1.4400E-15  2.2000E-15  7.0000E-22  3.0000E-44  3.2000E-45  5.2000E+00  5.3000E+01  1.9272E+22  1.1498E+21  5.1937E+21
3.6667E-16  1.3722E-15  9.0667E-16  2.2000E-15  7.0000E-22  3.0000E-44  3.2000E-45  5.2000E+00  5.3000E+01  2.0598E+22  1.3101E+21  3.7079E+21
3.6667E-16  6.5000E-16  9.0667E-16  2.2000E-15  7.0000E-22  3.0000E-44  3.2000E-45  5.2000E+00  5.3000E+01  2.0393E+22  1.4815E+21  3.7409E+21
7.0000E-16  6.5000E-16  9.0667E-16  2.2000E-15  7.0000E-22  3.0000E-44  3.2000E-45  5.2000E+00  5.3000E+01  1.9030E+22  2.6249E+21  3.9613E+21
3.6667E-16  1.0833E-15  4.8000E-16  2.2000E-15  7.0000E-22  3.0000E-44  3.2000E-45  5.2000E+00  5.3000E+01  2.1677E+22  1.5543E+21  2.3848E+21
3.6667E-16  1.8056E-15  4.8000E-16  2.2000E-15  7.0000E-22  3.0000E-44  3.2000E-45  5.2000E+00  5.3000E+01  2.1901E+22  1.3785E+21  2.3368E+21
7.0000E-16  1.8056E-15  4.8000E-16  2.2000E-15  7.0000E-22  3.0000E-44  3.2000E-45  5.2000E+00  5.3000E+01  2.0546E+22  2.4426E+21  2.6276E+21
7.0000E-16  1.8056E-15  1.0133E-15  2.2000E-15  7.0000E-22  3.0000E-44  3.2000E-45  5.2000E+00  5.3000E+01  1.9298E+22  2.1454E+21  4.1730E+21
3.6667E-16  9.3889E-16  4.8000E-16  2.2000E-15  7.0000E-22  3.0000E-44  3.2000E-45  5.2000E+00  5.3000E+01  2.1625E+22  1.5949E+21  2.3959E+21
7.0000E-16  9.3889E-16  4.8000E-16  2.2000E-15  7.0000E-22  3.0000E-44  3.2000E-45  5.2000E+00  5.3000E+01  2.0101E+22  2.7915E+21  2.7229E+21
7.0000E-16  9.3889E-16  1.0133E-15  2.2000E-15  7.0000E-22  3.0000E-44  3.2000E-45  5.2000E+00  5.3000E+01  1.8950E+22  2.4410E+21  4.2246E+21
7.0000E-16  1.6611E-15  1.0133E-15  2.2000E-15  7.0000E-22  3.0000E-44  3.2000E-45  5.2000E+00  5.3000E+01  1.9246E+22  2.1897E+21  4.1808E+21