3.4461E-15  1.2930E-14  8.7170E-15  2.2000E-15  7.0000E-22  3.0000E-44  3.2000E-45  5.2000E+00  5.3000E+01  9.3676E+21  1.6711E+21  1.4577E+22
2.6886E-15  8.8733E-15  1.7218E-15  2.2000E-15  7.0000E-22  3.0000E-44  3.2000E-45  5.2000E+00  5.3000E+01  1.6376E+22  3.2004E+21  6.0395E+21
5.9784E-15  2.5661E-15  8.9940E-15  2.2000E-15  7.0000E-22  3.0000E-44  3.2000E-45  5.2000E+00  5.3000E+01  7.3033E+21  5.1157E+21  1.3197E+22
6.8657E-16  7.7010E-15  7.6261E-15  2.2000E-15  7.0000E-22  3.0000E-44  3.2000E-45  5.2000E+00  5.3000E+01  1.0824E+22  5.2331E+20  1.4269E+22
3.4136E-15  2.0503E-15  8.4053E-15  2.2000E-15  7.0000E-22  3.0000E-44  3.2000E-45  5.2000E+00  5.3000E+01  8.5037E+21  3.5367E+21  1.3576E+22
1.7255E-15  4.4888E-15  9.4095E-15  2.2000E-15  7.0000E-22  3.0000E-44  3.2000E-45  5.2000E+00  5.3000E+01  9.0744E+21  1.4252E+21  1.5116E+22
3.2621E-15  2.9413E-15  2.8646E-15  2.2000E-15  7.0000E-22  3.0000E-44  3.2000E-45  5.2000E+00  5.3000E+01  1.2550E+22  5.0176E+21  8.0486E+21
5.8593E-15  9.6471E-15  9.5481E-15  2.2000E-15  7.0000E-22  3.0000E-44  3.2000E-45  5.2000E+00  5.3000E+01  8.1576E+21  2.9970E+21  1.4462E+22
1.1627E-15  6.5990E-15  8.0244E-15  2.2000E-15  7.0000E-22  3.0000E-44  3.2000E-45  5.2000E+00  5.3000E+01  1.0290E+22  9.1174E+20  1.4415E+22
1.2277E-15  2.8944E-15  3.8169E-15  2.2000E-15  7.0000E-22  3.0000E-44  3.2000E-45  5.2000E+00  5.3000E+01  1.3852E+22  1.9828E+21  9.7825E+21
3.2080E-15  1.5814E-15  3.0031E-15  2.2000E-15  7.0000E-22  3.0000E-44  3.2000E-45  5.2000E+00  5.3000E+01  1.1827E+22  5.5910E+21  8.1982E+21
9.6794E-16  1.7689E-15  4.5268E-15  2.2000E-15  7.0000E-22  3.0000E-44  3.2000E-45  5.2000E+00  5.3000E+01  1.3159E+22  1.6608E+21  1.0796E+22
3.4569E-15  8.6858E-15  8.2841E-15  2.2000E-15  7.0000E-22  3.0000E-44  3.2000E-45  5.2000E+00  5.3000E+01  9.3776E+21  2.1597E+21  1.4079E+22
5.9351E-15  1.0093E-14  1.8604E-15  2.2000E-15  7.0000E-22  3.0000E-44  3.2000E-45  5.2000E+00  5.3000E+01  1.3731E+22  5.4420E+21  6.4428E+21
4.2253E-15  3.9729E-15  2.5876E-15  2.2000E-15  7.0000E-22  3.0000E-44  3.2000E-45  5.2000E+00  5.3000E+01  1.2274E+22  5.7244E+21  7.6182E+21
2.2124E-15  2.5896E-15  4.0247E-15  2.2000E-15  7.0000E-22  3.0000E-44  3.2000E-45  5.2000E+00  5.3000E+01  1.2800E+22  2.9215E+21  9.8961E+21
4.4741E-15  7.1383E-15  4.9077E-15  2.2000E-15  7.0000E-22  3.0000E-44  3.2000E-45  5.2000E+00  5.3000E+01  1.0573E+22  4.4677E+21  1.0575E+22
1.6172E-15  6.5756E-15  5.9120E-15  2.2000E-15  7.0000E-22  3.0000E-44  3.2000E-45  5.2000E+00  5.3000E+01  1.1681E+22  1.5685E+21  1.2367E+22
4.8313E-15  3.2461E-15  5.4964E-15  2.2000E-15  7.0000E-22  3.0000E-44  3.2000E-45  5.2000E+00  5.3000E+01  1.0116E+22  4.3373E+21  1.1162E+22
1.4549E-15  1.2297E-14  1.1505E-15  2.2000E-15  7.0000E-22  3.0000E-44  3.2000E-45  5.2000E+00  5.3000E+01  1.6574E+22  4.1832E+21  4.8588E+21
5.8377E-15  1.1828E-14  4.5961E-15  2.2000E-15  7.0000E-22  3.0000E-44  3.2000E-45  5.2000E+00  5.3000E+01  9.9055E+21  5.7312E+21  9.9790E+21
3.1756E-15  9.9050E-15  6.5180E-15  2.2000E-15  7.0000E-22  3.0000E-44  3.2000E-45  5.2000E+00  5.3000E+01  1.0410E+22  2.6232E+21  1.2585E+22
1.9852E-15  6.5521E-15  1.8084E-15  2.2000E-15  7.0000E-22  3.0000E-44  3.2000E-45  5.2000E+00  5.3000E+01  1.4900E+22  4.4185E+21  6.2975E+21
4.5283E-15  8.0293E-15  7.9551E-15  2.2000E-15  7.0000E-22  3.0000E-44  3.2000E-45  5.2000E+00  5.3000E+01  9.1437E+21  2.9252E+21  1.3549E+22
2.3098E-15  7.5134E-15  4.7173E-15  2.2000E-15  7.0000E-22  3.0000E-44  3.2000E-45  5.2000E+00  5.3000E+01  1.2154E+22  2.6610E+21  1.0803E+22
9.1383E-16  1.1570E-14  6.6392E-15  2.2000E-15  7.0000E-22  3.0000E-44  3.2000E-45  5.2000E+00  5.3000E+01  1.1495E+22  8.0856E+20  1.3312E+22
8.8136E-16  4.0433E-15  1.4968E-15  2.2000E-15  7.0000E-22  3.0000E-44  3.2000E-45  5.2000E+00  5.3000E+01  1.7665E+22  2.4720E+21  5.4795E+21
4.5824E-15  1.1992E-14  5.2540E-15  2.2000E-15  7.0000E-22  3.0000E-44  3.2000E-45  5.2000E+00  5.3000E+01  1.0358E+22  4.3190E+21  1.0939E+22
4.6257E-15  5.4501E-15  4.5788E-15  2.2000E-15  7.0000E-22  3.0000E-44  3.2000E-45  5.2000E+00  5.3000E+01  1.0619E+22  4.8393E+21  1.0158E+22
4.1170E-15  9.9754E-15  6.8643E-15  2.2000E-15  7.0000E-22  3.0000E-44  3.2000E-45  5.2000E+00  5.3000E+01  9.8089E+21  3.1251E+21  1.2683E+22
6.0000E-16  5.5908E-15  7.9032E-15  2.2000E-15  7.0000E-22  3.0000E-44  3.2000E-45  5.2000E+00  5.3000E+01  1.0659E+22  4.4264E+20  1.4515E+22
3.2297E-15  1.2484E-14  2.8992E-15  2.2000E-15  7.0000E-22  3.0000E-44  3.2000E-45  5.2000E+00  5.3000E+01  1.2528E+22  4.9793E+21  8.1088E+21
2.7860E-15  2.8709E-15  3.2975E-15  2.2000E-15  7.0000E-22  3.0000E-44  3.2000E-45  5.2000E+00  5.3000E+01  1.2763E+22  4.0967E+21  8.7572E+21
1.2926E-15  8.4044E-15  5.5137E-15  2.2000E-15  7.0000E-22  3.0000E-44  3.2000E-45  5.2000E+00  5.3000E+01  1.2243E+22  1.3582E+21  1.2015E+22
1.2818E-15  2.0737E-15  7.6608E-15  2.2000E-15  7.0000E-22  3.0000E-44  3.2000E-45  5.2000E+00  5.3000E+01  1.0537E+22  9.5591E+20  1.4123E+22
4.4850E-15  2.6130E-15  2.7261E-15  2.2000E-15  7.0000E-22  3.0000E-44  3.2000E-45  5.2000E+00  5.3000E+01  1.1343E+22  6.4993E+21  7.7743E+21
7.1904E-16  7.9355E-15  7.7820E-15  2.2000E-15  7.0000E-22  3.0000E-44  3.2000E-45  5.2000E+00  5.3000E+01  1.0696E+22  5.3769E+20  1.4383E+22
1.5956E-15  7.7948E-15  8.6996E-15  2.2000E-15  7.0000E-22  3.0000E-44  3.2000E-45  5.2000E+00  5.3000E+01  9.7447E+21  1.0235E+21  1.4848E+22
8.9218E-16  5.7315E-15  8.8901E-15  2.2000E-15  7.0000E-22  3.0000E-44  3.2000E-45  5.2000E+00  5.3000E+01  9.8718E+21  5.6785E+20  1.5176E+22
2.3423E-15  5.6377E-15  3.0897E-15  2.2000E-15  7.0000E-22  3.0000E-44  3.2000E-45  5.2000E+00  5.3000E+01  1.3411E+22  3.7113E+21  8.4940E+21
4.6689E-15  6.1535E-15  2.2413E-15  2.2000E-15  7.0000E-22  3.0000E-44  3.2000E-45  5.2000E+00  5.3000E+01  1.1220E+22  7.3104E+21  7.0862E+21
4.2685E-15  9.0844E-15  7.6434E-15  2.2000E-15  7.0000E-22  3.0000E-44  3.2000E-45  5.2000E+00  5.3000E+01  9.3777E+21  2.8981E+21  1.3342E+22
5.0152E-15  8.6623E-15  5.6869E-15  2.2000E-15  7.0000E-22  3.0000E-44  3.2000E-45  5.2000E+00  5.3000E+01  9.9418E+21  4.3480E+21  1.1326E+22
2.8076E-15  4.1605E-15  4.1978E-15  2.2000E-15  7.0000E-22  3.0000E-44  3.2000E-45  5.2000E+00  5.3000E+01  1.2134E+22  3.4621E+21  1.0021E+22
4.1711E-15  5.5439E-15  1.6872E-15  2.2000E-15  7.0000E-22  3.0000E-44  3.2000E-45  5.2000E+00  5.3000E+01  1.1746E+22  7.5840E+21  6.2860E+21
3.4353E-15  1.6517E-15  1.1331E-15  2.2000E-15  7.0000E-22  3.0000E-44  3.2000E-45  5.2000E+00  5.3000E+01  1.2653E+22  7.6160E+21  5.3468E+21
4.4092E-15  1.9096E-15  5.9293E-15  2.2000E-15  7.0000E-22  3.0000E-44  3.2000E-45  5.2000E+00  5.3000E+01  1.0131E+22  3.7813E+21  1.1704E+22
4.0846E-15  3.9261E-15  8.3533E-15  2.2000E-15  7.0000E-22  3.0000E-44  3.2000E-45  5.2000E+00  5.3000E+01  9.1123E+21  2.5403E+21  1.3963E+22
4.3876E-15  2.1910E-15  7.5396E-15  2.2000E-15  7.0000E-22  3.0000E-44  3.2000E-45  5.2000E+00  5.3000E+01  9.3811E+21  3.0076E+21  1.3229E+22
4.4525E-15  4.3481E-15  9.2883E-15  2.2000E-15  7.0000E-22  3.0000E-44  3.2000E-45  5.2000E+00  5.3000E+01  8.5967E+21  2.4435E+21  1.4576E+22
2.8725E-15  6.1066E-15  5.6696E-15  2.2000E-15  7.0000E-22  3.0000E-44  3.2000E-45  5.2000E+00  5.3000E+01  1.1100E+22  2.7353E+21  1.1783E+22
3.6733E-15  9.6236E-15  5.4445E-15  2.2000E-15  7.0000E-22  3.0000E-44  3.2000E-45  5.2000E+00  5.3000E+01  1.0773E+22  3.5009E+21  1.1343E+22
4.3551E-15  5.9894E-15  2.1893E-15  2.2000E-15  7.0000E-22  3.0000E-44  3.2000E-45  5.2000E+00  5.3000E+01  1.1534E+22  7.0673E+21  7.0150E+21
4.1603E-15  6.4583E-15  3.9381E-15  2.2000E-15  7.0000E-22  3.0000E-44  3.2000E-45  5.2000E+00  5.3000E+01  1.1211E+22  4.9628E+21  9.4422E+21
5.1126E-15  9.5064E-15  4.7519E-15  2.2000E-15  7.0000E-22  3.0000E-44  3.2000E-45  5.2000E+00  5.3000E+01  1.0266E+22  5.0775E+21  1.0273E+22
4.3443E-15  3.7385E-15  7.0028E-15  2.2000E-15  7.0000E-22  3.0000E-44  3.2000E-45  5.2000E+00  5.3000E+01  9.6519E+21  3.2036E+21  1.2762E+22
4.4309E-15  1.0186E-14  9.0286E-15  2.2000E-15  7.0000E-22  3.0000E-44  3.2000E-45  5.2000E+00  5.3000E+01  8.7106E+21  2.5108E+21  1.4395E+22
1.8770E-15  2.4489E-15  6.2929E-15  2.2000E-15  7.0000E-22  3.0000E-44  3.2000E-45  5.2000E+00  5.3000E+01  1.1232E+22  1.6919E+21  1.2692E+22
5.9026E-15  6.2238E-15  5.1501E-15  2.2000E-15  7.0000E-22  3.0000E-44  3.2000E-45  5.2000E+00  5.3000E+01  9.7098E+21  5.3237E+21  1.0582E+22
4.4200E-15  4.8405E-15  3.8515E-15  2.2000E-15  7.0000E-22  3.0000E-44  3.2000E-45  5.2000E+00  5.3000E+01  1.1055E+22  5.2747E+21  9.2870E+21
1.8012E-15  5.1453E-15  3.4360E-15  2.2000E-15  7.0000E-22  3.0000E-44  3.2000E-45  5.2000E+00  5.3000E+01  1.3741E+22  2.7558E+21  9.1198E+21
7.5150E-16  7.9824E-15  6.7085E-15  2.2000E-15  7.0000E-22  3.0000E-44  3.2000E-45  5.2000E+00  5.3000E+01  1.1526E+22  6.6202E+20  1.3427E+22
5.4914E-15  1.0421E-14  6.7604E-15  2.2000E-15  7.0000E-22  3.0000E-44  3.2000E-45  5.2000E+00  5.3000E+01  9.3070E+21  4.0214E+21  1.2287E+22
2.4830E-15  4.9343E-15  8.8382E-15  2.2000E-15  7.0000E-22  3.0000E-44  3.2000E-45  5.2000E+00  5.3000E+01  9.3757E+21  1.5186E+21  1.4722E+22
5.0369E-15  1.0890E-14  4.4749E-15  2.2000E-15  7.0000E-22  3.0000E-44  3.2000E-45  5.2000E+00  5.3000E+01  1.0409E+22  5.2504E+21  9.9568E+21
4.2036E-15  5.2625E-15  7.1933E-15  2.2000E-15  7.0000E-22  3.0000E-44  3.2000E-45  5.2000E+00  5.3000E+01  9.6163E+21  3.0352E+21  1.2966E+22
4.8637E-15  7.0679E-15  7.7473E-15  2.2000E-15  7.0000E-22  3.0000E-44  3.2000E-45  5.2000E+00  5.3000E+01  9.1253E+21  3.1915E+21  1.3300E+22
9.3547E-16  6.2004E-15  4.8038E-15  2.2000E-15  7.0000E-22  3.0000E-44  3.2000E-45  5.2000E+00  5.3000E+01  1.3222E+22  1.1433E+21  1.1251E+22
1.2493E-15  4.5122E-15  7.0374E-15  2.2000E-15  7.0000E-22  3.0000E-44  3.2000E-45  5.2000E+00  5.3000E+01  1.1001E+22  1.0252E+21  1.3590E+22
1.3142E-15  2.1206E-15  4.3017E-15  2.2000E-15  7.0000E-22  3.0000E-44  3.2000E-45  5.2000E+00  5.3000E+01  1.3401E+22  1.7309E+21  1.0486E+22
1.6389E-15  1.0913E-14  7.7300E-15  2.2000E-15  7.0000E-22  3.0000E-44  3.2000E-45  5.2000E+00  5.3000E+01  1.0337E+22  1.1979E+21  1.4081E+22
5.2317E-15  9.1078E-15  8.4226E-15  2.2000E-15  7.0000E-22  3.0000E-44  3.2000E-45  5.2000E+00  5.3000E+01  8.7345E+21  3.1229E+21  1.3759E+22
5.4265E-15  1.0937E-14  8.6823E-15  2.2000E-15  7.0000E-22  3.0000E-44  3.2000E-45  5.2000E+00  5.3000E+01  8.5768E+21  3.1243E+21  1.3915E+22
2.9158E-15  6.9976E-15  3.2455E-15  2.2000E-15  7.0000E-22  3.0000E-44  3.2000E-45  5.2000E+00  5.3000E+01  1.2660E+22  4.2911E+21  8.6658E+21
2.1259E-15  9.7878E-15  3.2628E-15  2.2000E-15  7.0000E-22  3.0000E-44  3.2000E-45  5.2000E+00  5.3000E+01  1.3520E+22  3.3090E+21  8.7882E+21
3.6842E-15  9.9285E-15  5.2194E-15  2.2000E-15  7.0000E-22  3.0000E-44  3.2000E-45  5.2000E+00  5.3000E+01  1.0889E+22  3.6343E+21  1.1093E+22
2.6561E-15  1.1757E-14  6.5699E-15  2.2000E-15  7.0000E-22  3.0000E-44  3.2000E-45  5.2000E+00  5.3000E+01  1.0631E+22  2.2218E+21  1.2763E+22
2.3206E-15  3.8792E-15  9.1498E-15  2.2000E-15  7.0000E-22  3.0000E-44  3.2000E-45  5.2000E+00  5.3000E+01  9.2615E+21  1.3716E+21  1.4983E+22
2.5804E-15  9.3423E-15  3.1936E-15  2.2000E-15  7.0000E-22  3.0000E-44  3.2000E-45  5.2000E+00  5.3000E+01  1.3063E+22  3.9344E+21  8.6189E+21
3.5218E-15  1.2132E-14  1.3063E-15  2.2000E-15  7.0000E-22  3.0000E-44  3.2000E-45  5.2000E+00  5.3000E+01  1.2559E+22  7.4168E+21  5.6401E+21
4.7555E-15  8.2637E-15  6.4141E-15  2.2000E-15  7.0000E-22  3.0000E-44  3.2000E-45  5.2000E+00  5.3000E+01  9.7495E+21  3.7567E+21  1.2110E+22
3.0565E-15  4.6529E-15  3.1243E-15  2.2000E-15  7.0000E-22  3.0000E-44  3.2000E-45  5.2000E+00  5.3000E+01  1.2591E+22  4.5697E+21  8.4556E+21
1.3034E-15  7.2555E-15  7.5915E-15  2.2000E-15  7.0000E-22  3.0000E-44  3.2000E-45  5.2000E+00  5.3000E+01  1.0578E+22  9.8015E+20  1.4058E+22
8.0561E-16  5.0515E-15  9.0459E-15  2.2000E-15  7.0000E-22  3.0000E-44  3.2000E-45  5.2000E+00  5.3000E+01  9.8009E+21  5.0350E+20  1.5312E+22
1.1735E-15  6.3880E-15  7.4357E-15  2.2000E-15  7.0000E-22  3.0000E-44  3.2000E-45  5.2000E+00  5.3000E+01  1.0743E+22  9.0593E+20  1.3967E+22
3.5327E-15  2.0269E-15  3.2109E-15  2.2000E-15  7.0000E-22  3.0000E-44  3.2000E-45  5.2000E+00  5.3000E+01  1.2074E+22  5.0079E+21  8.5342E+21
3.4244E-15  7.0445E-15  1.8430E-15  2.2000E-15  7.0000E-22  3.0000E-44  3.2000E-45  5.2000E+00  5.3000E+01  1.2675E+22  6.4819E+21  6.4597E+21
1.7796E-15  1.2836E-14  2.1720E-15  2.2000E-15  7.0000E-22  3.0000E-44  3.2000E-45  5.2000E+00  5.3000E+01  1.4975E+22  3.6821E+21  6.9593E+21
2.5479E-15  1.1077E-14  6.8297E-15  2.2000E-15  7.0000E-22  3.0000E-44  3.2000E-45  5.2000E+00  5.3000E+01  1.0519E+22  2.0570E+21  1.3040E+22
2.7643E-15  1.1734E-14  3.9035E-15  2.2000E-15  7.0000E-22  3.0000E-44  3.2000E-45  5.2000E+00  5.3000E+01  1.2385E+22  3.6086E+21  9.6237E+21
3.5110E-15  1.2156E-14  4.0074E-15  2.2000E-15  7.0000E-22  3.0000E-44  3.2000E-45  5.2000E+00  5.3000E+01  1.1680E+22  4.2966E+21  9.6399E+21
3.3920E-15  5.2391E-15  8.1456E-15  2.2000E-15  7.0000E-22  3.0000E-44  3.2000E-45  5.2000E+00  5.3000E+01  9.4350E+21  2.2110E+21  1.3970E+22
3.2188E-15  1.1429E-14  7.0547E-15  2.2000E-15  7.0000E-22  3.0000E-44  3.2000E-45  5.2000E+00  5.3000E+01  1.0087E+22  2.4551E+21  1.3074E+22
8.1643E-16  1.1054E-14  5.6349E-15  2.2000E-15  7.0000E-22  3.0000E-44  3.2000E-45  5.2000E+00  5.3000E+01  1.2469E+22  8.6012E+20  1.2287E+22
1.2709E-15  6.2707E-15  3.4706E-15  2.2000E-15  7.0000E-22  3.0000E-44  3.2000E-45  5.2000E+00  5.3000E+01  1.4349E+22  2.0077E+21  9.2609E+21
4.0088E-15  3.3633E-15  3.8342E-15  2.2000E-15  7.0000E-22  3.0000E-44  3.2000E-45  5.2000E+00  5.3000E+01  1.1375E+22  4.9201E+21  9.3217E+21
4.9936E-15  1.2859E-14  7.6954E-15  2.2000E-15  7.0000E-22  3.0000E-44  3.2000E-45  5.2000E+00  5.3000E+01  9.1029E+21  3.2847E+21  1.3229E+22
4.7014E-15  9.4595E-15  7.7993E-15  2.2000E-15  7.0000E-22  3.0000E-44  3.2000E-45  5.2000E+00  5.3000E+01  9.1573E+21  3.0819E+21  1.3378E+22
5.0044E-15  7.8417E-15  2.8300E-15  2.2000E-15  7.0000E-22  3.0000E-44  3.2000E-45  5.2000E+00  5.3000E+01  1.0871E+22  6.8646E+21  7.8804E+21
4.9503E-15  1.3000E-15  6.3795E-15  2.2000E-15  7.0000E-22  3.0000E-44  3.2000E-45  5.2000E+00  5.3000E+01  9.6811E+21  3.8952E+21  1.2040E+22
5.0261E-15  2.9178E-15  8.3014E-15  2.2000E-15  7.0000E-22  3.0000E-44  3.2000E-45  5.2000E+00  5.3000E+01  8.8419E+21  3.0657E+21  1.3709E+22
5.1451E-15  1.1312E-14  2.7434E-15  2.2000E-15  7.0000E-22  3.0000E-44  3.2000E-45  5.2000E+00  5.3000E+01  1.0756E+22  7.1075E+21  7.7522E+21
6.5411E-16  1.2555E-14  2.9166E-15  2.2000E-15  7.0000E-22  3.0000E-44  3.2000E-45  5.2000E+00  5.3000E+01  1.5953E+22  1.2408E+21  8.4232E+21
5.7944E-15  1.0233E-14  4.9770E-15  2.2000E-15  7.0000E-22  3.0000E-44  3.2000E-45  5.2000E+00  5.3000E+01  9.8186E+21  5.3824E+21  1.0415E+22
3.8790E-15  4.2778E-15  6.3102E-15  2.2000E-15  7.0000E-22  3.0000E-44  3.2000E-45  5.2000E+00  5.3000E+01  1.0194E+22  3.2131E+21  1.2210E+22
2.1475E-15  5.0046E-15  1.9123E-15  2.2000E-15  7.0000E-22  3.0000E-44  3.2000E-45  5.2000E+00  5.3000E+01  1.4551E+22  4.5702E+21  6.4954E+21
3.8140E-15  8.3106E-15  7.1586E-15  2.2000E-15  7.0000E-22  3.0000E-44  3.2000E-45  5.2000E+00  5.3000E+01  9.7850E+21  2.8020E+21  1.3031E+22
4.6473E-15  1.8393E-15  1.6006E-15  2.2000E-15  7.0000E-22  3.0000E-44  3.2000E-45  5.2000E+00  5.3000E+01  1.1192E+22  8.2266E+21  6.1980E+21
2.4397E-15  3.6681E-15  3.2802E-15  2.2000E-15  7.0000E-22  3.0000E-44  3.2000E-45  5.2000E+00  5.3000E+01  1.3152E+22  3.6894E+21  8.7750E+21
5.6970E-15  8.7327E-15  6.2410E-15  2.2000E-15  7.0000E-22  3.0000E-44  3.2000E-45  5.2000E+00  5.3000E+01  9.4224E+21  4.4460E+21  1.1747E+22
1.4008E-15  1.1851E-14  6.1544E-15  2.2000E-15  7.0000E-22  3.0000E-44  3.2000E-45  5.2000E+00  5.3000E+01  1.1620E+22  1.3150E+21  1.2681E+22
4.4417E-15  8.2168E-15  3.6957E-15  2.2000E-15  7.0000E-22  3.0000E-44  3.2000E-45  5.2000E+00  5.3000E+01  1.1096E+22  5.4308E+21  9.0897E+21
3.4028E-15  3.4806E-15  2.0162E-15  2.2000E-15  7.0000E-22  3.0000E-44  3.2000E-45  5.2000E+00  5.3000E+01  1.2664E+22  6.2101E+21  6.7425E+21
2.3531E-15  1.1124E-14  3.5918E-15  2.2000E-15  7.0000E-22  3.0000E-44  3.2000E-45  5.2000E+00  5.3000E+01  1.3009E+22  3.3545E+21  9.2534E+21
4.9719E-15  1.2226E-14  2.8127E-15  2.2000E-15  7.0000E-22  3.0000E-44  3.2000E-45  5.2000E+00  5.3000E+01  1.0899E+22  6.8618E+21  7.8555E+21
2.0609E-15  7.8651E-15  7.4010E-15  2.2000E-15  7.0000E-22  3.0000E-44  3.2000E-45  5.2000E+00  5.3000E+01  1.0375E+22  1.5555E+21  1.3686E+22
4.1279E-15  5.7549E-15  6.1717E-15  2.2000E-15  7.0000E-22  3.0000E-44  3.2000E-45  5.2000E+00  5.3000E+01  1.0148E+22  3.4570E+21  1.2012E+22
6.6493E-16  5.1218E-15  1.4621E-15  2.2000E-15  7.0000E-22  3.0000E-44  3.2000E-45  5.2000E+00  5.3000E+01  1.8332E+22  1.9541E+21  5.3295E+21
3.7275E-15  3.6916E-15  7.1413E-15  2.2000E-15  7.0000E-22  3.0000E-44  3.2000E-45  5.2000E+00  5.3000E+01  9.8276E+21  2.7585E+21  1.3032E+22
4.0737E-15  1.8862E-15  7.2798E-15  2.2000E-15  7.0000E-22  3.0000E-44  3.2000E-45  5.2000E+00  5.3000E+01  9.6230E+21  2.9183E+21  1.3076E+22
1.0978E-15  1.0585E-14  6.3622E-15  2.2000E-15  7.0000E-22  3.0000E-44  3.2000E-45  5.2000E+00  5.3000E+01  1.1623E+22  1.0107E+21  1.2982E+22
4.2794E-15  8.4982E-15  7.0721E-15  2.2000E-15  7.0000E-22  3.0000E-44  3.2000E-45  5.2000E+00  5.3000E+01  9.6424E+21  3.1356E+21  1.2839E+22
4.0305E-15  3.5509E-15  1.6699E-15  2.2000E-15  7.0000E-22  3.0000E-44  3.2000E-45  5.2000E+00  5.3000E+01  1.1912E+22  7.4588E+21  6.2455E+21
1.8553E-15  1.6752E-15  4.8558E-15  2.2000E-15  7.0000E-22  3.0000E-44  3.2000E-45  5.2000E+00  5.3000E+01  1.2392E+22  2.1394E+21  1.1087E+22
4.6040E-15  1.2531E-14  3.0724E-15  2.2000E-15  7.0000E-22  3.0000E-44  3.2000E-45  5.2000E+00  5.3000E+01  1.1162E+22  6.2216E+21  8.2328E+21
6.0000E-15  7.3493E-15  4.3364E-15  2.2000E-15  7.0000E-22  3.0000E-44  3.2000E-45  5.2000E+00  5.3000E+01  9.8848E+21  6.0753E+21  9.6556E+21
5.3399E-15  8.0058E-15  5.6003E-15  2.2000E-15  7.0000E-22  3.0000E-44  3.2000E-45  5.2000E+00  5.3000E+01  9.8241E+21  4.6240E+21  1.1168E+22
5.5347E-15  6.9741E-15  5.0116E-15  2.2000E-15  7.0000E-22  3.0000E-44  3.2000E-45  5.2000E+00  5.3000E+01  9.9436E+21  5.1789E+21  1.0493E+22
5.0693E-15  1.0116E-14  7.8685E-15  2.2000E-15  7.0000E-22  3.0000E-44  3.2000E-45  5.2000E+00  5.3000E+01  9.0058E+21  3.2575E+21  1.3353E+22
7.0822E-16  4.4419E-15  1.8257E-15  2.2000E-15  7.0000E-22  3.0000E-44  3.2000E-45  5.2000E+00  5.3000E+01  1.7587E+22  1.8269E+21  6.2026E+21
1.0220E-15  3.7619E-15  1.4102E-15  2.2000E-15  7.0000E-22  3.0000E-44  3.2000E-45  5.2000E+00  5.3000E+01  1.7420E+22  2.8887E+21  5.3075E+21
1.7904E-15  5.3329E-15  5.3752E-15  2.2000E-15  7.0000E-22  3.0000E-44  3.2000E-45  5.2000E+00  5.3000E+01  1.2004E+22  1.8825E+21  1.1730E+22
5.4806E-15  2.6599E-15  4.4402E-15  2.2000E-15  7.0000E-22  3.0000E-44  3.2000E-45  5.2000E+00  5.3000E+01  1.0156E+22  5.6093E+21  9.8505E+21
3.1431E-15  1.0515E-14  2.1028E-15  2.2000E-15  7.0000E-22  3.0000E-44  3.2000E-45  5.2000E+00  5.3000E+01  1.2978E+22  5.7757E+21  6.8627E+21
3.7707E-15  9.0140E-15  3.1590E-15  2.2000E-15  7.0000E-22  3.0000E-44  3.2000E-45  5.2000E+00  5.3000E+01  1.1870E+22  5.3100E+21  8.4367E+21
1.8661E-15  3.7150E-15  5.8427E-15  2.2000E-15  7.0000E-22  3.0000E-44  3.2000E-45  5.2000E+00  5.3000E+01  1.1581E+22  1.8117E+21  1.2223E+22
2.0176E-15  3.9964E-15  8.4745E-15  2.2000E-15  7.0000E-22  3.0000E-44  3.2000E-45  5.2000E+00  5.3000E+01  9.7345E+21  1.3160E+21  1.4565E+22
3.5868E-15  1.2250E-14  1.9989E-15  2.2000E-15  7.0000E-22  3.0000E-44  3.2000E-45  5.2000E+00  5.3000E+01  1.2429E+22  6.4693E+21  6.7178E+21
5.1667E-15  2.3317E-15  2.7780E-15  2.2000E-15  7.0000E-22  3.0000E-44  3.2000E-45  5.2000E+00  5.3000E+01  1.0736E+22  7.0759E+21  7.8042E+21
4.7339E-15  6.3645E-15  5.4272E-15  2.2000E-15  7.0000E-22  3.0000E-44  3.2000E-45  5.2000E+00  5.3000E+01  1.0198E+22  4.3110E+21  1.1107E+22
1.0762E-15  1.0702E-14  5.5830E-15  2.2000E-15  7.0000E-22  3.0000E-44  3.2000E-45  5.2000E+00  5.3000E+01  1.2328E+22  1.1343E+21  1.2154E+22
4.9287E-15  1.7924E-15  8.0071E-15  2.2000E-15  7.0000E-22  3.0000E-44  3.2000E-45  5.2000E+00  5.3000E+01  8.9926E+21  3.1251E+21  1.3499E+22
1.8445E-15  4.7232E-15  1.7738E-15  2.2000E-15  7.0000E-22  3.0000E-44  3.2000E-45  5.2000E+00  5.3000E+01  1.5208E+22  4.2014E+21  6.2064E+21
5.4373E-15  1.0796E-14  9.0979E-15  2.2000E-15  7.0000E-22  3.0000E-44  3.2000E-45  5.2000E+00  5.3000E+01  8.4152E+21  2.9773E+21  1.4224E+22
3.1864E-15  5.1687E-15  2.6049E-15  2.2000E-15  7.0000E-22  3.0000E-44  3.2000E-45  5.2000E+00  5.3000E+01  1.2716E+22  5.2477E+21  7.6530E+21
1.0004E-15  1.1335E-14  4.3710E-15  2.2000E-15  7.0000E-22  3.0000E-44  3.2000E-45  5.2000E+00  5.3000E+01  1.3630E+22  1.3272E+21  1.0659E+22
7.6232E-16  6.2473E-15  1.3236E-15  2.2000E-15  7.0000E-22  3.0000E-44  3.2000E-45  5.2000E+00  5.3000E+01  1.8281E+22  2.3169E+21  5.0180E+21
5.2100E-15  1.7455E-15  4.8385E-15  2.2000E-15  7.0000E-22  3.0000E-44  3.2000E-45  5.2000E+00  5.3000E+01  1.0176E+22  5.0813E+21  1.0358E+22
4.2469E-15  1.2062E-14  4.7000E-15  2.2000E-15  7.0000E-22  3.0000E-44  3.2000E-45  5.2000E+00  5.3000E+01  1.0805E+22  4.4412E+21  1.0371E+22
2.5695E-15  2.4958E-15  7.0894E-15  2.2000E-15  7.0000E-22  3.0000E-44  3.2000E-45  5.2000E+00  5.3000E+01  1.0347E+22  1.9939E+21  1.3275E+22
2.3747E-15  2.7772E-15  7.9378E-15  2.2000E-15  7.0000E-22  3.0000E-44  3.2000E-45  5.2000E+00  5.3000E+01  9.9166E+21  1.6414E+21  1.4058E+22
4.6365E-15  3.6212E-15  6.9509E-15  2.2000E-15  7.0000E-22  3.0000E-44  3.2000E-45  5.2000E+00  5.3000E+01  9.5564E+21  3.4126E+21  1.2648E+22
4.3768E-15  8.5216E-15  1.2370E-15  2.2000E-15  7.0000E-22  3.0000E-44  3.2000E-45  5.2000E+00  5.3000E+01  1.1410E+22  8.5350E+21  5.6711E+21
3.3812E-15  3.6447E-15  1.0466E-15  2.2000E-15  7.0000E-22  3.0000E-44  3.2000E-45  5.2000E+00  5.3000E+01  1.2730E+22  7.6758E+21  5.2099E+21
2.0826E-15  7.6072E-15  2.8819E-15  2.2000E-15  7.0000E-22  3.0000E-44  3.2000E-45  5.2000E+00  5.3000E+01  1.3904E+22  3.5275E+21  8.1854E+21
5.9459E-15  5.4267E-15  5.7215E-15  2.2000E-15  7.0000E-22  3.0000E-44  3.2000E-45  5.2000E+00  5.3000E+01  9.5001E+21  4.9395E+21  1.1176E+22
1.0545E-15  7.4196E-15  2.0508E-15  2.2000E-15  7.0000E-22  3.0000E-44  3.2000E-45  5.2000E+00  5.3000E+01  1.6482E+22  2.4303E+21  6.7038E+21
1.5523E-15  6.4818E-15  8.8555E-15  2.2000E-15  7.0000E-22  3.0000E-44  3.2000E-45  5.2000E+00  5.3000E+01  9.6670E+21  9.7211E+20  1.4977E+22
2.7319E-15  5.9425E-15  6.6565E-15  2.2000E-15  7.0000E-22  3.0000E-44  3.2000E-45  5.2000E+00  5.3000E+01  1.0540E+22  2.2436E+21  1.2832E+22
9.2465E-16  5.4970E-15  4.5095E-15  2.2000E-15  7.0000E-22  3.0000E-44  3.2000E-45  5.2000E+00  5.3000E+01  1.3547E+22  1.1986E+21  1.0870E+22
3.6517E-15  4.7936E-15  4.1286E-15  2.2000E-15  7.0000E-22  3.0000E-44  3.2000E-45  5.2000E+00  5.3000E+01  1.1506E+22  4.3381E+21  9.7726E+21
4.5174E-15  1.1921E-14  7.8166E-15  2.2000E-15  7.0000E-22  3.0000E-44  3.2000E-45  5.2000E+00  5.3000E+01  9.2091E+21  2.9728E+21  1.3435E+22
2.2557E-15  6.5287E-15  8.6477E-15  2.2000E-15  7.0000E-22  3.0000E-44  3.2000E-45  5.2000E+00  5.3000E+01  9.5504E+21  1.4275E+21  1.4638E+22
2.4613E-15  3.0116E-15  2.9512E-15  2.2000E-15  7.0000E-22  3.0000E-44  3.2000E-45  5.2000E+00  5.3000E+01  1.3373E+22  3.9840E+21  8.2594E+21
2.7752E-15  1.0397E-14  4.9943E-15  2.2000E-15  7.0000E-22  3.0000E-44  3.2000E-45  5.2000E+00  5.3000E+01  1.1612E+22  2.9798E+21  1.1026E+22
4.5499E-15  1.0538E-14  2.7954E-15  2.2000E-15  7.0000E-22  3.0000E-44  3.2000E-45  5.2000E+00  5.3000E+01  1.1265E+22  6.4837E+21  7.8672E+21
2.4721E-15  2.4255E-15  4.4576E-15  2.2000E-15  7.0000E-22  3.0000E-44  3.2000E-45  5.2000E+00  5.3000E+01  1.2226E+22  2.9576E+21  1.0434E+22
6.9739E-16  4.7701E-15  8.0590E-15  2.2000E-15  7.0000E-22  3.0000E-44  3.2000E-45  5.2000E+00  5.3000E+01  1.0502E+22  5.0083E+20  1.4613E+22
2.4505E-15  1.2273E-14  9.2364E-15  2.2000E-15  7.0000E-22  3.0000E-44  3.2000E-45  5.2000E+00  5.3000E+01  9.1760E+21  1.4271E+21  1.5013E+22
3.8032E-15  1.1710E-14  4.6826E-15  2.2000E-15  7.0000E-22  3.0000E-44  3.2000E-45  5.2000E+00  5.3000E+01  1.1107E+22  4.0763E+21  1.0434E+22
3.9764E-15  6.0597E-15  4.4229E-15  2.2000E-15  7.0000E-22  3.0000E-44  3.2000E-45  5.2000E+00  5.3000E+01  1.1118E+22  4.4180E+21  1.0081E+22
3.8898E-15  4.1136E-15  1.7911E-15  2.2000E-15  7.0000E-22  3.0000E-44  3.2000E-45  5.2000E+00  5.3000E+01  1.2083E+22  7.1198E+21  6.4134E+21
2.8293E-15  9.2485E-15  6.5353E-15  2.2000E-15  7.0000E-22  3.0000E-44  3.2000E-45  5.2000E+00  5.3000E+01  1.0566E+22  2.3590E+21  1.2691E+22
2.9050E-15  4.2074E-15  1.5141E-15  2.2000E-15  7.0000E-22  3.0000E-44  3.2000E-45  5.2000E+00  5.3000E+01  1.3472E+22  6.2731E+21  5.8708E+21
2.0393E-15  3.4571E-15  6.8123E-15  2.2000E-15  7.0000E-22  3.0000E-44  3.2000E-45  5.2000E+00  5.3000E+01  1.0777E+22  1.6824E+21  1.3157E+22
1.1194E-15  1.0069E-14  4.4922E-15  2.2000E-15  7.0000E-22  3.0000E-44  3.2000E-45  5.2000E+00  5.3000E+01  1.3383E+22  1.4406E+21  1.0792E+22
2.1908E-15  1.0773E-14  9.2537E-15  2.2000E-15  7.0000E-22  3.0000E-44  3.2000E-45  5.2000E+00  5.3000E+01  9.2480E+21  1.2830E+21  1.5085E+22
1.5307E-15  1.0139E-14  6.4487E-15  2.2000E-15  7.0000E-22  3.0000E-44  3.2000E-45  5.2000E+00  5.3000E+01  1.1306E+22  1.3614E+21  1.2949E+22
1.1519E-15  1.1288E-14  7.0201E-15  2.2000E-15  7.0000E-22  3.0000E-44  3.2000E-45  5.2000E+00  5.3000E+01  1.1066E+22  9.4959E+20  1.3600E+22
3.9006E-15  5.6142E-15  2.6915E-15  2.2000E-15  7.0000E-22  3.0000E-44  3.2000E-45  5.2000E+00  5.3000E+01  1.1912E+22  5.9546E+21  7.7498E+21
2.8509E-15  5.7080E-15  3.7650E-15  2.2000E-15  7.0000E-22  3.0000E-44  3.2000E-45  5.2000E+00  5.3000E+01  1.2398E+22  3.8060E+21  9.4127E+21
4.5607E-15  1.2953E-14  4.1632E-15  2.2000E-15  7.0000E-22  3.0000E-44  3.2000E-45  5.2000E+00  5.3000E+01  1.0834E+22  5.1236E+21  9.6582E+21
1.8120E-15  3.2695E-15  3.8689E-15  2.2000E-15  7.0000E-22  3.0000E-44  3.2000E-45  5.2000E+00  5.3000E+01  1.3324E+22  2.5294E+21  9.7636E+21
3.7491E-15  5.4735E-15  2.6395E-15  2.2000E-15  7.0000E-22  3.0000E-44  3.2000E-45  5.2000E+00  5.3000E+01  1.2082E+22  5.8497E+21  7.6846E+21
2.6345E-15  1.1476E-14  6.4834E-15  2.2000E-15  7.0000E-22  3.0000E-44  3.2000E-45  5.2000E+00  5.3000E+01  1.0703E+22  2.2296E+21  1.2683E+22
3.3271E-15  4.6060E-15  8.8208E-15  2.2000E-15  7.0000E-22  3.0000E-44  3.2000E-45  5.2000E+00  5.3000E+01  9.1225E+21  1.9960E+21  1.4497E+22
4.3010E-15  3.1992E-15  9.5307E-15  2.2000E-15  7.0000E-22  3.0000E-44  3.2000E-45  5.2000E+00  5.3000E+01  8.5361E+21  2.3039E+21  1.4776E+22
5.3182E-15  1.1101E-14  8.1629E-15  2.2000E-15  7.0000E-22  3.0000E-44  3.2000E-45  5.2000E+00  5.3000E+01  8.8106E+21  3.2715E+21  1.3534E+22
5.6645E-15  1.1453E-14  8.3360E-15  2.2000E-15  7.0000E-22  3.0000E-44  3.2000E-45  5.2000E+00  5.3000E+01  8.6409E+21  3.3712E+21  1.3604E+22
1.2060E-15  4.1371E-15  3.3321E-15  2.2000E-15  7.0000E-22  3.0000E-44  3.2000E-45  5.2000E+00  5.3000E+01  1.4588E+22  1.9838E+21  9.0457E+21
7.4068E-16  8.4513E-15  4.9424E-15  2.2000E-15  7.0000E-22  3.0000E-44  3.2000E-45  5.2000E+00  5.3000E+01  1.3241E+22  8.9118E+20  1.1484E+22
5.8810E-15  4.3715E-15  5.8081E-15  2.2000E-15  7.0000E-22  3.0000E-44  3.2000E-45  5.2000E+00  5.3000E+01  9.5002E+21  4.8339E+21  1.1281E+22
8.5972E-16  1.9800E-15  2.1547E-15  2.2000E-15  7.0000E-22  3.0000E-44  3.2000E-45  5.2000E+00  5.3000E+01  1.6736E+22  1.9758E+21  6.9043E+21
3.4677E-15  8.0996E-15  1.0812E-15  2.2000E-15  7.0000E-22  3.0000E-44  3.2000E-45  5.2000E+00  5.3000E+01  1.2598E+22  7.7418E+21  5.2760E+21
4.1062E-15  8.6389E-15  3.4879E-15  2.2000E-15  7.0000E-22  3.0000E-44  3.2000E-45  5.2000E+00  5.3000E+01  1.1437E+22  5.3247E+21  8.8541E+21
4.8204E-15  5.4032E-15  1.5314E-15  2.2000E-15  7.0000E-22  3.0000E-44  3.2000E-45  5.2000E+00  5.3000E+01  1.0993E+22  8.5051E+21  6.1179E+21
4.1387E-15  5.2156E-15  6.7950E-15  2.2000E-15  7.0000E-22  3.0000E-44  3.2000E-45  5.2000E+00  5.3000E+01  9.8301E+21  3.1645E+21  1.2623E+22
5.4048E-15  1.1664E-14  5.3925E-15  2.2000E-15  7.0000E-22  3.0000E-44  3.2000E-45  5.2000E+00  5.3000E+01  9.8743E+21  4.8089E+21  1.0933E+22
3.2946E-15  1.1781E-14  4.1113E-15  2.2000E-15  7.0000E-22  3.0000E-44  3.2000E-45  5.2000E+00  5.3000E+01  1.1799E+22  4.0068E+21  9.8108E+21
1.6281E-15  9.8816E-15  8.7343E-15  2.2000E-15  7.0000E-22  3.0000E-44  3.2000E-45  5.2000E+00  5.3000E+01  9.7166E+21  1.0376E+21  1.4862E+22
2.2882E-15  2.2144E-15  8.1109E-15  2.2000E-15  7.0000E-22  3.0000E-44  3.2000E-45  5.2000E+00  5.3000E+01  9.8471E+21  1.5534E+21  1.4215E+22
1.6930E-15  1.0046E-14  8.5438E-15  2.2000E-15  7.0000E-22  3.0000E-44  3.2000E-45  5.2000E+00  5.3000E+01  9.8089E+21  1.1015E+21  1.4705E+22
2.6453E-15  8.9671E-15  2.2067E-15  2.2000E-15  7.0000E-22  3.0000E-44  3.2000E-45  5.2000E+00  5.3000E+01  1.3599E+22  4.9805E+21  7.0374E+21
5.2749E-15  8.7796E-15  5.3233E-15  2.2000E-15  7.0000E-22  3.0000E-44  3.2000E-45  5.2000E+00  5.3000E+01  9.9656E+21  4.7686E+21  1.0882E+22
5.8485E-15  8.4279E-15  6.3968E-15  2.2000E-15  7.0000E-22  3.0000E-44  3.2000E-45  5.2000E+00  5.3000E+01  9.3030E+21  4.4400E+21  1.1872E+22
5.2533E-15  7.1852E-15  9.0632E-15  2.2000E-15  7.0000E-22  3.0000E-44  3.2000E-45  5.2000E+00  5.3000E+01  8.4796E+21  2.9013E+21  1.4236E+22
5.0585E-15  6.6459E-15  2.3105E-15  2.2000E-15  7.0000E-22  3.0000E-44  3.2000E-45  5.2000E+00  5.3000E+01  1.0853E+22  7.5835E+21  7.1802E+21
4.5066E-15  9.8347E-15  3.7823E-15  2.2000E-15  7.0000E-22  3.0000E-44  3.2000E-45  5.2000E+00  5.3000E+01  1.1014E+22  5.4183E+21  9.1839E+21
6.4329E-16  9.4830E-15  1.1851E-15  2.2000E-15  7.0000E-22  3.0000E-44  3.2000E-45  5.2000E+00  5.3000E+01  1.8875E+22  2.0925E+21  4.6487E+21
3.9439E-15  9.1547E-15  2.3452E-15  2.2000E-15  7.0000E-22  3.0000E-44  3.2000E-45  5.2000E+00  5.3000E+01  1.1957E+22  6.4103E+21  7.2495E+21
5.3832E-15  7.4431E-15  8.2495E-15  2.2000E-15  7.0000E-22  3.0000E-44  3.2000E-45  5.2000E+00  5.3000E+01  8.7572E+21  3.2661E+21  1.3593E+22
2.2449E-15  4.2309E-15  2.5529E-15  2.2000E-15  7.0000E-22  3.0000E-44  3.2000E-45  5.2000E+00  5.3000E+01  1.3953E+22  4.0414E+21  7.6218E+21
3.9114E-15  1.0819E-14  4.2498E-15  2.2000E-15  7.0000E-22  3.0000E-44  3.2000E-45  5.2000E+00  5.3000E+01  1.1251E+22  4.4849E+21  9.8804E+21
2.1583E-15  8.9437E-15  6.9682E-15  2.2000E-15  7.0000E-22  3.0000E-44  3.2000E-45  5.2000E+00  5.3000E+01  1.0611E+22  1.7313E+21  1.3274E+22
2.9808E-15  1.3938E-15  8.5958E-15  2.2000E-15  7.0000E-22  3.0000E-44  3.2000E-45  5.2000E+00  5.3000E+01  9.3414E+21  1.8554E+21  1.4419E+22
3.5435E-15  1.5110E-15  2.4837E-15  2.2000E-15  7.0000E-22  3.0000E-44  3.2000E-45  5.2000E+00  5.3000E+01  1.2363E+22  5.7998E+21  7.4539E+21
4.7880E-15  2.7537E-15  5.6523E-15  2.2000E-15  7.0000E-22  3.0000E-44  3.2000E-45  5.2000E+00  5.3000E+01  1.0072E+22  4.2137E+21  1.1331E+22
1.0653E-15  1.2437E-14  1.7045E-15  2.2000E-15  7.0000E-22  3.0000E-44  3.2000E-45  5.2000E+00  5.3000E+01  1.6909E+22  2.7430E+21  5.9645E+21
2.7968E-15  1.5345E-15  7.5569E-15  2.2000E-15  7.0000E-22  3.0000E-44  3.2000E-45  5.2000E+00  5.3000E+01  9.9703E+21  2.0155E+21  1.3630E+22
5.2966E-15  3.1758E-15  7.2452E-15  2.2000E-15  7.0000E-22  3.0000E-44  3.2000E-45  5.2000E+00  5.3000E+01  9.1815E+21  3.6619E+21  1.2772E+22
4.0521E-15  4.0902E-15  5.0809E-15  2.2000E-15  7.0000E-22  3.0000E-44  3.2000E-45  5.2000E+00  5.3000E+01  1.0742E+22  4.0198E+21  1.0855E+22
4.7663E-15  9.3892E-15  3.8862E-15  2.2000E-15  7.0000E-22  3.0000E-44  3.2000E-45  5.2000E+00  5.3000E+01  1.0788E+22  5.5406E+21  9.2878E+21
3.6625E-15  1.1499E-14  5.7735E-15  2.2000E-15  7.0000E-22  3.0000E-44  3.2000E-45  5.2000E+00  5.3000E+01  1.0596E+22  3.3173E+21  1.1704E+22
4.0413E-15  2.4723E-15  2.3971E-15  2.2000E-15  7.0000E-22  3.0000E-44  3.2000E-45  5.2000E+00  5.3000E+01  1.1840E+22  6.4554E+21  7.3211E+21
2.0934E-15  1.2015E-14  1.1678E-15  2.2000E-15  7.0000E-22  3.0000E-44  3.2000E-45  5.2000E+00  5.3000E+01  1.5069E+22  5.4520E+21  5.0952E+21
2.5046E-15  8.3341E-15  1.1158E-15  2.2000E-15  7.0000E-22  3.0000E-44  3.2000E-45  5.2000E+00  5.3000E+01  1.4255E+22  6.2482E+21  5.1126E+21
8.2725E-16  1.0960E-14  6.8816E-15  2.2000E-15  7.0000E-22  3.0000E-44  3.2000E-45  5.2000E+00  5.3000E+01  1.1344E+22  7.0652E+20  1.3565E+22
5.9134E-15  9.9988E-15  8.1975E-15  2.2000E-15  7.0000E-22  3.0000E-44  3.2000E-45  5.2000E+00  5.3000E+01  8.6205E+21  3.5550E+21  1.3440E+22
2.2232E-15  9.4361E-15  7.2279E-15  2.2000E-15  7.0000E-22  3.0000E-44  3.2000E-45  5.2000E+00  5.3000E+01  1.0414E+22  1.7087E+21  1.3493E+22
5.1992E-15  2.2848E-15  4.6307E-15  2.2000E-15  7.0000E-22  3.0000E-44  3.2000E-45  5.2000E+00  5.3000E+01  1.0257E+22  5.2409E+21  1.0118E+22
3.6301E-15  1.1030E-14  6.0851E-15  2.2000E-15  7.0000E-22  3.0000E-44  3.2000E-45  5.2000E+00  5.3000E+01  1.0434E+22  3.1373E+21  1.2046E+22
4.6798E-15  1.4876E-15  4.0593E-15  2.2000E-15  7.0000E-22  3.0000E-44  3.2000E-45  5.2000E+00  5.3000E+01  1.0790E+22  5.3112E+21  9.5148E+21
3.0998E-15  8.1465E-15  7.9897E-15  2.2000E-15  7.0000E-22  3.0000E-44  3.2000E-45  5.2000E+00  5.3000E+01  9.6195E+21  2.0838E+21  1.3913E+22
4.4958E-15  6.8804E-15  4.6480E-15  2.2000E-15  7.0000E-22  3.0000E-44  3.2000E-45  5.2000E+00  5.3000E+01  1.0670E+22  4.6814E+21  1.0265E+22
1.3575E-15  9.4126E-15  7.4703E-15  2.2000E-15  7.0000E-22  3.0000E-44  3.2000E-45  5.2000E+00  5.3000E+01  1.0635E+22  1.0415E+21  1.3939E+22
5.5671E-15  4.6764E-15  1.2543E-15  2.2000E-15  7.0000E-22  3.0000E-44  3.2000E-45  5.2000E+00  5.3000E+01  1.0135E+22  9.6417E+21  5.8394E+21
4.7447E-15  4.5357E-15  8.4399E-15  2.2000E-15  7.0000E-22  3.0000E-44  3.2000E-45  5.2000E+00  5.3000E+01  8.8710E+21  2.8631E+21  1.3883E+22
1.5415E-15  1.2672E-14  1.9642E-15  2.2000E-15  7.0000E-22  3.0000E-44  3.2000E-45  5.2000E+00  5.3000E+01  1.5609E+22  3.4568E+21  6.5500E+21
4.6148E-15  9.7409E-15  3.0204E-15  2.2000E-15  7.0000E-22  3.0000E-44  3.2000E-45  5.2000E+00  5.3000E+01  1.1165E+22  6.2868E+21  8.1641E+21
1.8228E-15  1.0632E-14  8.0936E-15  2.2000E-15  7.0000E-22  3.0000E-44  3.2000E-45  5.2000E+00  5.3000E+01  1.0036E+22  1.2564E+21  1.4324E+22
1.7146E-15  1.2461E-14  3.3494E-15  2.2000E-15  7.0000E-22  3.0000E-44  3.2000E-45  5.2000E+00  5.3000E+01  1.3936E+22  2.6876E+21  8.9939E+21
1.3251E-15  1.0374E-14  3.4187E-15  2.2000E-15  7.0000E-22  3.0000E-44  3.2000E-45  5.2000E+00  5.3000E+01  1.4330E+22  2.1170E+21  9.1702E+21
4.0954E-15  7.3259E-15  1.0119E-15  2.2000E-15  7.0000E-22  3.0000E-44  3.2000E-45  5.2000E+00  5.3000E+01  1.1684E+22  8.6286E+21  5.3039E+21
3.8681E-15  1.2742E-14  2.6741E-15  2.2000E-15  7.0000E-22  3.0000E-44  3.2000E-45  5.2000E+00  5.3000E+01  1.1948E+22  5.9456E+21  7.7223E+21
5.7836E-15  2.6365E-15  5.0289E-15  2.2000E-15  7.0000E-22  3.0000E-44  3.2000E-45  5.2000E+00  5.3000E+01  9.8079E+21  5.3361E+21  1.0472E+22
1.9960E-15  2.7068E-15  5.5311E-15  2.2000E-15  7.0000E-22  3.0000E-44  3.2000E-45  5.2000E+00  5.3000E+01  1.1740E+22  2.0294E+21  1.1846E+22
1.4116E-15  8.1230E-15  6.6046E-15  2.2000E-15  7.0000E-22  3.0000E-44  3.2000E-45  5.2000E+00  5.3000E+01  1.1255E+22  1.2309E+21  1.3130E+22
4.7122E-15  1.1359E-14  6.3275E-15  2.2000E-15  7.0000E-22  3.0000E-44  3.2000E-45  5.2000E+00  5.3000E+01  9.8070E+21  3.7666E+21  1.2043E+22
1.8878E-15  4.0667E-15  8.6131E-15  2.2000E-15  7.0000E-22  3.0000E-44  3.2000E-45  5.2000E+00  5.3000E+01  9.6981E+21  1.2132E+21  1.4705E+22
3.7166E-15  1.0304E-14  7.3145E-15  2.2000E-15  7.0000E-22  3.0000E-44  3.2000E-45  5.2000E+00  5.3000E+01  9.7441E+21  2.6880E+21  1.3186E+22
5.0477E-15  1.0444E-14  3.6611E-15  2.2000E-15  7.0000E-22  3.0000E-44  3.2000E-45  5.2000E+00  5.3000E+01  1.0660E+22  5.9969E+21  8.9593E+21
5.3507E-15  5.0749E-15  3.6438E-15  2.2000E-15  7.0000E-22  3.0000E-44  3.2000E-45  5.2000E+00  5.3000E+01  1.0455E+22  6.2629E+21  8.8979E+21
4.6581E-15  3.5040E-15  7.7646E-15  2.2000E-15  7.0000E-22  3.0000E-44  3.2000E-45  5.2000E+00  5.3000E+01  9.1883E+21  3.0754E+21  1.3353E+22
2.6994E-15  4.5591E-15  5.0636E-15  2.2000E-15  7.0000E-22  3.0000E-44  3.2000E-45  5.2000E+00  5.3000E+01  1.1619E+22  2.8709E+21  1.1128E+22
1.7687E-15  4.3012E-15  6.9335E-15  2.2000E-15  7.0000E-22  3.0000E-44  3.2000E-45  5.2000E+00  5.3000E+01  1.0825E+22  1.4480E+21  1.3343E+22
4.7988E-15  7.6541E-15  4.2152E-15  2.2000E-15  7.0000E-22  3.0000E-44  3.2000E-45  5.2000E+00  5.3000E+01  1.0651E+22  5.2711E+21  9.6941E+21
3.7058E-15  6.6693E-15  6.5873E-15  2.2000E-15  7.0000E-22  3.0000E-44  3.2000E-45  5.2000E+00  5.3000E+01  1.0125E+22  2.9687E+21  1.2524E+22
2.0068E-15  4.9108E-15  8.1283E-15  2.2000E-15  7.0000E-22  3.0000E-44  3.2000E-45  5.2000E+00  5.3000E+01  9.9393E+21  1.3717E+21  1.4305E+22
4.3118E-15  1.1945E-14  8.8728E-15  2.2000E-15  7.0000E-22  3.0000E-44  3.2000E-45  5.2000E+00  5.3000E+01  8.8123E+21  2.4989E+21  1.4305E+22
9.0301E-16  6.9038E-15  7.6088E-15  2.2000E-15  7.0000E-22  3.0000E-44  3.2000E-45  5.2000E+00  5.3000E+01  1.0739E+22  6.8811E+20  1.4188E+22
5.9567E-15  7.2790E-15  8.3880E-15  2.2000E-15  7.0000E-22  3.0000E-44  3.2000E-45  5.2000E+00  5.3000E+01  8.5372E+21  3.4987E+21  1.3579E+22
4.1820E-15  6.9507E-15  4.6653E-15  2.2000E-15  7.0000E-22  3.0000E-44  3.2000E-45  5.2000E+00  5.3000E+01  1.0863E+22  4.4051E+21  1.0348E+22
9.7876E-16  4.0198E-15  2.9685E-15  2.2000E-15  7.0000E-22  3.0000E-44  3.2000E-45  5.2000E+00  5.3000E+01  1.5365E+22  1.7827E+21  8.4691E+21
1.7038E-15  1.0608E-14  1.3409E-15  2.2000E-15  7.0000E-22  3.0000E-44  3.2000E-45  5.2000E+00  5.3000E+01  1.5826E+22  4.4604E+21  5.3302E+21
5.6862E-15  6.6928E-15  9.1325E-15  2.2000E-15  7.0000E-22  3.0000E-44  3.2000E-45  5.2000E+00  5.3000E+01  8.3404E+21  3.0832E+21  1.4193E+22
2.8617E-15  8.5451E-15  2.4664E-15  2.2000E-15  7.0000E-22  3.0000E-44  3.2000E-45  5.2000E+00  5.3000E+01  1.3180E+22  4.9746E+21  7.4620E+21
2.9483E-15  4.8639E-15  1.9296E-15  2.2000E-15  7.0000E-22  3.0000E-44  3.2000E-45  5.2000E+00  5.3000E+01  1.3297E+22  5.7416E+21  6.5779E+21
1.7579E-15  8.1699E-15  1.2890E-15  2.2000E-15  7.0000E-22  3.0000E-44  3.2000E-45  5.2000E+00  5.3000E+01  1.5726E+22  4.6468E+21  5.2437E+21
6.3246E-16  7.2086E-15  4.7346E-15  2.2000E-15  7.0000E-22  3.0000E-44  3.2000E-45  5.2000E+00  5.3000E+01  1.3576E+22  7.9687E+20  1.1243E+22
3.8465E-15  1.0257E-14  5.6176E-15  2.2000E-15  7.0000E-22  3.0000E-44  3.2000E-45  5.2000E+00  5.3000E+01  1.0575E+22  3.5422E+21  1.1500E+22
2.6128E-15  6.6224E-15  8.9074E-15  2.2000E-15  7.0000E-22  3.0000E-44  3.2000E-45  5.2000E+00  5.3000E+01  9.2981E+21  1.5782E+21  1.4740E+22
4.8096E-15  1.5579E-15  1.6526E-15  2.2000E-15  7.0000E-22  3.0000E-44  3.2000E-45  5.2000E+00  5.3000E+01  1.1031E+22  8.3064E+21  6.2790E+21
3.6192E-15  6.0128E-15  1.5487E-15  2.2000E-15  7.0000E-22  3.0000E-44  3.2000E-45  5.2000E+00  5.3000E+01  1.2432E+22  7.1597E+21  6.0246E+21
4.5715E-15  1.2039E-14  9.4788E-15  2.2000E-15  7.0000E-22  3.0000E-44  3.2000E-45  5.2000E+00  5.3000E+01  8.4882E+21  2.4463E+21  1.4681E+22
3.9872E-15  1.0866E-14  1.3582E-15  2.2000E-15  7.0000E-22  3.0000E-44  3.2000E-45  5.2000E+00  5.3000E+01  1.1927E+22  7.9037E+21  5.7857E+21
5.1343E-15  8.2872E-15  7.1760E-15  2.2000E-15  7.0000E-22  3.0000E-44  3.2000E-45  5.2000E+00  5.3000E+01  9.2714E+21  3.5975E+21  1.2747E+22
3.1647E-15  1.1898E-14  8.1802E-15  2.2000E-15  7.0000E-22  3.0000E-44  3.2000E-45  5.2000E+00  5.3000E+01  9.4985E+21  2.0673E+21  1.4050E+22
2.2990E-15  6.3411E-15  7.2972E-15  2.2000E-15  7.0000E-22  3.0000E-44  3.2000E-45  5.2000E+00  5.3000E+01  1.0334E+22  1.7474E+21  1.3534E+22
4.9828E-15  2.3082E-15  3.5399E-15  2.2000E-15  7.0000E-22  3.0000E-44  3.2000E-45  5.2000E+00  5.3000E+01  1.0743E+22  6.0592E+21  8.8144E+21
1.7471E-15  7.0914E-15  8.3187E-15  2.2000E-15  7.0000E-22  3.0000E-44  3.2000E-45  5.2000E+00  5.3000E+01  9.9204E+21  1.1730E+21  1.4523E+22
2.9591E-15  4.4184E-15  5.3406E-15  2.2000E-15  7.0000E-22  3.0000E-44  3.2000E-45  5.2000E+00  5.3000E+01  1.1260E+22  2.9650E+21  1.1393E+22
5.4156E-15  7.8886E-15  7.9724E-15  2.2000E-15  7.0000E-22  3.0000E-44  3.2000E-45  5.2000E+00  5.3000E+01  8.8547E+21  3.4026E+21  1.3359E+22
4.5932E-15  1.0468E-14  3.6265E-15  2.2000E-15  7.0000E-22  3.0000E-44  3.2000E-45  5.2000E+00  5.3000E+01  1.1006E+22  5.6312E+21  8.9786E+21
1.6064E-15  1.3703E-15  1.6353E-15  2.2000E-15  7.0000E-22  3.0000E-44  3.2000E-45  5.2000E+00  5.3000E+01  1.5776E+22  3.9192E+21  5.9210E+21
4.1495E-15  9.9519E-15  5.1328E-15  2.2000E-15  7.0000E-22  3.0000E-44  3.2000E-45  5.2000E+00  5.3000E+01  1.0658E+22  4.0672E+21  1.0891E+22
1.6605E-15  7.6776E-15  2.0681E-15  2.2000E-15  7.0000E-22  3.0000E-44  3.2000E-45  5.2000E+00  5.3000E+01  1.5278E+22  3.5697E+21  6.7685E+21
4.8854E-15  5.8253E-15  1.7392E-15  2.2000E-15  7.0000E-22  3.0000E-44  3.2000E-45  5.2000E+00  5.3000E+01  1.0965E+22  8.2449E+21  6.4062E+21
5.7619E-15  2.1675E-15  4.3537E-15  2.2000E-15  7.0000E-22  3.0000E-44  3.2000E-45  5.2000E+00  5.3000E+01  1.0019E+22  5.8943E+21  9.7024E+21
1.3792E-15  3.2226E-15  7.4876E-15  2.2000E-15  7.0000E-22  3.0000E-44  3.2000E-45  5.2000E+00  5.3000E+01  1.0612E+22  1.0529E+21  1.3951E+22
3.2405E-15  6.8335E-15  5.5484E-15  2.2000E-15  7.0000E-22  3.0000E-44  3.2000E-45  5.2000E+00  5.3000E+01  1.0958E+22  3.0964E+21  1.1563E+22
1.4982E-15  1.2086E-14  2.3279E-15  2.2000E-15  7.0000E-22  3.0000E-44  3.2000E-45  5.2000E+00  5.3000E+01  1.5295E+22  3.0634E+21  7.2585E+21
2.1800E-15  2.4020E-15  8.9247E-15  2.2000E-15  7.0000E-22  3.0000E-44  3.2000E-45  5.2000E+00  5.3000E+01  9.4279E+21  1.3325E+21  1.4856E+22
1.1844E-15  9.5299E-15  1.2024E-15  2.2000E-15  7.0000E-22  3.0000E-44  3.2000E-45  5.2000E+00  5.3000E+01  1.7243E+22  3.4954E+21  4.8772E+21
5.3291E-15  1.1382E-14  4.0420E-15  2.2000E-15  7.0000E-22  3.0000E-44  3.2000E-45  5.2000E+00  5.3000E+01  1.0366E+22  5.8556E+21  9.3949E+21
8.4890E-16  1.1218E-14  8.2668E-15  2.2000E-15  7.0000E-22  3.0000E-44  3.2000E-45  5.2000E+00  5.3000E+01  1.0294E+22  5.8926E+20  1.4733E+22
1.0870E-15  8.7561E-15  7.5222E-15  2.2000E-15  7.0000E-22  3.0000E-44  3.2000E-45  5.2000E+00  5.3000E+01  1.0721E+22  8.3635E+20  1.4058E+22
2.2016E-15  1.2367E-14  9.0806E-15  2.2000E-15  7.0000E-22  3.0000E-44  3.2000E-45  5.2000E+00  5.3000E+01  9.3352E+21  1.3166E+21  1.4964E+22
1.9635E-15  4.6998E-15  2.8473E-15  2.2000E-15  7.0000E-22  3.0000E-44  3.2000E-45  5.2000E+00  5.3000E+01  1.4081E+22  3.4920E+21  8.0439E+21
4.6906E-15  6.1770E-15  9.4269E-15  2.2000E-15  7.0000E-22  3.0000E-44  3.2000E-45  5.2000E+00  5.3000E+01  8.3382E+21  2.1277E+21  1.5150E+22
2.2341E-15  1.0022E-14  4.2325E-15  2.2000E-15  7.0000E-22  3.0000E-44  3.2000E-45  5.2000E+00  5.3000E+01  1.2609E+22  2.8176E+21  1.0191E+22
1.2385E-15  7.3024E-15  4.9597E-15  2.2000E-15  7.0000E-22  3.0000E-44  3.2000E-45  5.2000E+00  5.3000E+01  1.2827E+22  1.5953E+21  1.1193E+22
7.2986E-16  4.8170E-15  8.9594E-15  2.2000E-15  7.0000E-22  3.0000E-44  3.2000E-45  5.2000E+00  5.3000E+01  9.9067E+21  5.1236E+20  1.5197E+22
5.7727E-15  5.1922E-15  4.6134E-15  2.2000E-15  7.0000E-22  3.0000E-44  3.2000E-45  5.2000E+00  5.3000E+01  9.8315E+21  4.0372E+21  1.1747E+22
3.7816E-15  1.3469E-15  5.2887E-15  2.2000E-15  7.0000E-22  3.0000E-44  3.2000E-45  5.2000E+00  5.3000E+01  1.0716E+22  3.1629E+21  1.1737E+22
3.8573E-15  5.3798E-15  1.6180E-15  2.2000E-15  7.0000E-22  3.0000E-44  3.2000E-45  5.2000E+00  5.3000E+01  1.2499E+22  5.7984E+21  7.3192E+21
1.6822E-15  5.5673E-15  3.1070E-15  2.2000E-15  7.0000E-22  3.0000E-44  3.2000E-45  5.2000E+00  5.3000E+01  1.4207E+22  2.9902E+21  8.4198E+21
5.6537E-15  6.2942E-15  3.3667E-15  2.2000E-15  7.0000E-22  3.0000E-44  3.2000E-45  5.2000E+00  5.3000E+01  1.0374E+22  4.7013E+21  1.0540E+22
2.3856E-15  7.1148E-15  2.7607E-15  2.2000E-15  7.0000E-22  3.0000E-44  3.2000E-45  5.2000E+00  5.3000E+01  1.3607E+22  3.9560E+21  8.0537E+21
1.9094E-15  1.1593E-14  2.1201E-15  2.2000E-15  7.0000E-22  3.0000E-44  3.2000E-45  5.2000E+00  5.3000E+01  1.4765E+22  4.1287E+21  6.7220E+21
1.4441E-15  9.0609E-15  1.0639E-15  2.2000E-15  7.0000E-22  3.0000E-44  3.2000E-45  5.2000E+00  5.3000E+01  1.6392E+22  4.9945E+21  4.2292E+21
4.8421E-15  1.1875E-14  2.2586E-15  2.2000E-15  7.0000E-22  3.0000E-44  3.2000E-45  5.2000E+00  5.3000E+01  1.1371E+22  5.3757E+21  8.8692E+21
4.4633E-15  8.3575E-15  6.8470E-15  2.2000E-15  7.0000E-22  3.0000E-44  3.2000E-45  5.2000E+00  5.3000E+01  9.5396E+21  2.7826E+21  1.3294E+22
2.4180E-15  1.1171E-14  6.0159E-15  2.2000E-15  7.0000E-22  3.0000E-44  3.2000E-45  5.2000E+00  5.3000E+01  1.1112E+22  2.1794E+21  1.2324E+22
2.9375E-15  5.2860E-15  1.2717E-15  2.2000E-15  7.0000E-22  3.0000E-44  3.2000E-45  5.2000E+00  5.3000E+01  1.3695E+22  5.9331E+21  5.9878E+21
4.0629E-15  4.2543E-15  6.6738E-15  2.2000E-15  7.0000E-22  3.0000E-44  3.2000E-45  5.2000E+00  5.3000E+01  9.8208E+21  2.7145E+21  1.3081E+22
2.0285E-15  3.7854E-15  9.2191E-15  2.2000E-15  7.0000E-22  3.0000E-44  3.2000E-45  5.2000E+00  5.3000E+01  9.3181E+21  1.2131E+21  1.5085E+22
2.4938E-15  5.8956E-15  9.3230E-15  2.2000E-15  7.0000E-22  3.0000E-44  3.2000E-45  5.2000E+00  5.3000E+01  9.1117E+21  1.4061E+21  1.5098E+22
4.9070E-15  1.1406E-14  2.9339E-15  2.2000E-15  7.0000E-22  3.0000E-44  3.2000E-45  5.2000E+00  5.3000E+01  1.1071E+22  4.8800E+21  9.6650E+21
5.2425E-15  3.3399E-15  5.7388E-15  2.2000E-15  7.0000E-22  3.0000E-44  3.2000E-45  5.2000E+00  5.3000E+01  9.6553E+21  3.4164E+21  1.2544E+22
5.3074E-15  1.0843E-14  7.3664E-15  2.2000E-15  7.0000E-22  3.0000E-44  3.2000E-45  5.2000E+00  5.3000E+01  8.9367E+21  2.8376E+21  1.3842E+22
3.1323E-15  6.7397E-15  8.5092E-15  2.2000E-15  7.0000E-22  3.0000E-44  3.2000E-45  5.2000E+00  5.3000E+01  9.2927E+21  1.8347E+21  1.4489E+22
5.7186E-15  1.2343E-14  4.3190E-15  2.2000E-15  7.0000E-22  3.0000E-44  3.2000E-45  5.2000E+00  5.3000E+01  9.9733E+21  4.1759E+21  1.1467E+22
3.2838E-15  3.8088E-15  5.2367E-15  2.2000E-15  7.0000E-22  3.0000E-44  3.2000E-45  5.2000E+00  5.3000E+01  1.1072E+22  2.9648E+21  1.1579E+22
3.1106E-15  2.3551E-15  6.2583E-15  2.2000E-15  7.0000E-22  3.0000E-44  3.2000E-45  5.2000E+00  5.3000E+01  1.0550E+22  2.4700E+21  1.2596E+22
3.9655E-15  9.5533E-15  5.4791E-15  2.2000E-15  7.0000E-22  3.0000E-44  3.2000E-45  5.2000E+00  5.3000E+01  1.0493E+22  3.1509E+21  1.1972E+22
1.1952E-15  6.0363E-15  7.4530E-15  2.2000E-15  7.0000E-22  3.0000E-44  3.2000E-45  5.2000E+00  5.3000E+01  1.0751E+22  1.0030E+21  1.3862E+22
1.4333E-15  1.2508E-14  8.6304E-15  2.2000E-15  7.0000E-22  3.0000E-44  3.2000E-45  5.2000E+00  5.3000E+01  9.8683E+21  9.8080E+20  1.4767E+22
1.1086E-15  1.0210E-14  9.6000E-15  2.2000E-15  7.0000E-22  3.0000E-44  3.2000E-45  5.2000E+00  5.3000E+01  9.4015E+21  6.8860E+20  1.5526E+22
2.5371E-15  7.7479E-15  3.4014E-15  2.2000E-15  7.0000E-22  3.0000E-44  3.2000E-45  5.2000E+00  5.3000E+01  1.2957E+22  3.5687E+21  9.0913E+21
8.7054E-16  1.0655E-14  2.4144E-15  2.2000E-15  7.0000E-22  3.0000E-44  3.2000E-45  5.2000E+00  5.3000E+01  1.6283E+22  2.2747E+21  7.0580E+21
5.2858E-15  8.5685E-15  8.0417E-15  2.2000E-15  7.0000E-22  3.0000E-44  3.2000E-45  5.2000E+00  5.3000E+01  8.6760E+21  2.6305E+21  1.4309E+22
5.3940E-15  9.2954E-15  1.2197E-15  2.2000E-15  7.0000E-22  3.0000E-44  3.2000E-45  5.2000E+00  5.3000E+01  1.1172E+22  6.2878E+21  8.1590E+21
3.0240E-15  1.1523E-14  7.2106E-15  2.2000E-15  7.0000E-22  3.0000E-44  3.2000E-45  5.2000E+00  5.3000E+01  1.0038E+22  2.1216E+21  1.3456E+22
6.1082E-16  9.6002E-15  7.5742E-15  2.2000E-15  7.0000E-22  3.0000E-44  3.2000E-45  5.2000E+00  5.3000E+01  1.0928E+22  5.3529E+20  1.4152E+22
5.1884E-15  3.5743E-15  6.5526E-15  2.2000E-15  7.0000E-22  3.0000E-44  3.2000E-45  5.2000E+00  5.3000E+01  9.3316E+21  3.0884E+21  1.3196E+22
4.9178E-15  5.9190E-15  5.9986E-15  2.2000E-15  7.0000E-22  3.0000E-44  3.2000E-45  5.2000E+00  5.3000E+01  9.7061E+21  3.2304E+21  1.2679E+22
1.1411E-15  1.0679E-14  6.3448E-15  2.2000E-15  7.0000E-22  3.0000E-44  3.2000E-45  5.2000E+00  5.3000E+01  1.1648E+22  1.1513E+21  1.2816E+22
5.5022E-15  8.4747E-15  4.5614E-15  2.2000E-15  7.0000E-22  3.0000E-44  3.2000E-45  5.2000E+00  5.3000E+01  1.0009E+22  4.0147E+21  1.1593E+22
3.6950E-15  7.4665E-15  4.7865E-15  2.2000E-15  7.0000E-22  3.0000E-44  3.2000E-45  5.2000E+00  5.3000E+01  1.1061E+22  3.3677E+21  1.1187E+22
4.7772E-15  3.9026E-15  7.2625E-15  2.2000E-15  7.0000E-22  3.0000E-44  3.2000E-45  5.2000E+00  5.3000E+01  9.2082E+21  2.7387E+21  1.3669E+22
5.5996E-15  5.8721E-15  7.3837E-15  2.2000E-15  7.0000E-22  3.0000E-44  3.2000E-45  5.2000E+00  5.3000E+01  8.8137E+21  2.8990E+21  1.3903E+22
2.7427E-15  1.0726E-14  6.7258E-15  2.2000E-15  7.0000E-22  3.0000E-44  3.2000E-45  5.2000E+00  5.3000E+01  1.0464E+22  2.1285E+21  1.3023E+22
3.5760E-15  4.1840E-15  8.7516E-15  2.2000E-15  7.0000E-22  3.0000E-44  3.2000E-45  5.2000E+00  5.3000E+01  9.0083E+21  1.9483E+21  1.4659E+22
4.9395E-15  3.5978E-15  4.2844E-15  2.2000E-15  7.0000E-22  3.0000E-44  3.2000E-45  5.2000E+00  5.3000E+01  1.0476E+22  4.0442E+21  1.1095E+22
5.2641E-15  7.7713E-15  2.2240E-15  2.2000E-15  7.0000E-22  3.0000E-44  3.2000E-45  5.2000E+00  5.3000E+01  1.1043E+22  5.4512E+21  9.1218E+21
3.5976E-15  7.8182E-15  7.4184E-15  2.2000E-15  7.0000E-22  3.0000E-44  3.2000E-45  5.2000E+00  5.3000E+01  9.6549E+21  2.3035E+21  1.3658E+22
5.6754E-15  1.2695E-14  4.4056E-15  2.2000E-15  7.0000E-22  3.0000E-44  3.2000E-45  5.2000E+00  5.3000E+01  9.9620E+21  4.1229E+21  1.1531E+22
1.3467E-15  8.8499E-15  1.3756E-15  2.2000E-15  7.0000E-22  3.0000E-44  3.2000E-45  5.2000E+00  5.3000E+01  1.6404E+22  4.3179E+21  4.8940E+21
2.8184E-15  2.8006E-15  3.6091E-15  2.2000E-15  7.0000E-22  3.0000E-44  3.2000E-45  5.2000E+00  5.3000E+01  1.2524E+22  3.6123E+21  9.4806E+21
5.9242E-15  1.2414E-14  6.0678E-15  2.2000E-15  7.0000E-22  3.0000E-44  3.2000E-45  5.2000E+00  5.3000E+01  9.1841E+21  3.4240E+21  1.3008E+22
5.6429E-15  5.0281E-15  3.7130E-15  2.2000E-15  7.0000E-22  3.0000E-44  3.2000E-45  5.2000E+00  5.3000E+01  1.0256E+22  4.4979E+21  1.0862E+22
5.8160E-15  6.4349E-15  6.5007E-15  2.2000E-15  7.0000E-22  3.0000E-44  3.2000E-45  5.2000E+00  5.3000E+01  9.0633E+21  3.2436E+21  1.3309E+22
4.9611E-15  1.2789E-14  5.3579E-15  2.2000E-15  7.0000E-22  3.0000E-44  3.2000E-45  5.2000E+00  5.3000E+01  9.9751E+21  3.5127E+21  1.2128E+22
9.4629E-16  1.1241E-14  8.9767E-15  2.2000E-15  7.0000E-22  3.0000E-44  3.2000E-45  5.2000E+00  5.3000E+01  9.8223E+21  6.4836E+20  1.5145E+22
3.3595E-15  2.0972E-15  1.8777E-15  2.2000E-15  7.0000E-22  3.0000E-44  3.2000E-45  5.2000E+00  5.3000E+01  1.2956E+22  5.3785E+21  7.2822E+21
5.7078E-15  2.5192E-15  6.1890E-15  2.2000E-15  7.0000E-22  3.0000E-44  3.2000E-45  5.2000E+00  5.3000E+01  9.2359E+21  3.3376E+21  1.3042E+22
5.9675E-15  1.2390E-14  5.5657E-15  2.2000E-15  7.0000E-22  3.0000E-44  3.2000E-45  5.2000E+00  5.3000E+01  9.3525E+21  3.6345E+21  1.2629E+22
5.8269E-15  9.2251E-15  2.5356E-15  2.2000E-15  7.0000E-22  3.0000E-44  3.2000E-45  5.2000E+00  5.3000E+01  1.0524E+22  5.2562E+21  9.8362E+21
2.1042E-15  8.0762E-15  5.4618E-15  2.2000E-15  7.0000E-22  3.0000E-44  3.2000E-45  5.2000E+00  5.3000E+01  1.1733E+22  2.1671E+21  1.1716E+22
3.5002E-15  1.1195E-14  3.5572E-15  2.2000E-15  7.0000E-22  3.0000E-44  3.2000E-45  5.2000E+00  5.3000E+01  1.1933E+22  4.0098E+21  9.6753E+21
1.9311E-15  9.2016E-15  5.8947E-15  2.2000E-15  7.0000E-22  3.0000E-44  3.2000E-45  5.2000E+00  5.3000E+01  1.1517E+22  1.8959E+21  1.2203E+22
4.3226E-15  3.9495E-15  1.0985E-15  2.2000E-15  7.0000E-22  3.0000E-44  3.2000E-45  5.2000E+00  5.3000E+01  1.2148E+22  6.4132E+21  7.0558E+21
3.3379E-15  6.5052E-15  2.1374E-15  2.2000E-15  7.0000E-22  3.0000E-44  3.2000E-45  5.2000E+00  5.3000E+01  1.2864E+22  5.1053E+21  7.6477E+21
2.7535E-15  5.6846E-15  5.9812E-15  2.2000E-15  7.0000E-22  3.0000E-44  3.2000E-45  5.2000E+00  5.3000E+01  1.0938E+22  2.3857E+21  1.2293E+22
1.4766E-15  1.4172E-15  5.2021E-15  2.2000E-15  7.0000E-22  3.0000E-44  3.2000E-45  5.2000E+00  5.3000E+01  1.2409E+22  1.7523E+21  1.1455E+22
5.4589E-15  1.2719E-14  6.2236E-15  2.2000E-15  7.0000E-22  3.0000E-44  3.2000E-45  5.2000E+00  5.3000E+01  9.3425E+21  3.2739E+21  1.2999E+22
2.8401E-15  2.8240E-15  8.2321E-15  2.2000E-15  7.0000E-22  3.0000E-44  3.2000E-45  5.2000E+00  5.3000E+01  9.5520E+21  1.7772E+21  1.4287E+22
3.0782E-15  1.7220E-15  4.9251E-15  2.2000E-15  7.0000E-22  3.0000E-44  3.2000E-45  5.2000E+00  5.3000E+01  1.1408E+22  3.0089E+21  1.1199E+22
5.6321E-15  9.6705E-15  9.2018E-15  2.2000E-15  7.0000E-22  3.0000E-44  3.2000E-45  5.2000E+00  5.3000E+01  8.1227E+21  2.3997E+21  1.5094E+22
1.0329E-15  2.2613E-15  5.1675E-15  2.2000E-15  7.0000E-22  3.0000E-44  3.2000E-45  5.2000E+00  5.3000E+01  1.2793E+22  1.3121E+21  1.1511E+22
1.9419E-15  8.6154E-15  7.8339E-15  2.2000E-15  7.0000E-22  3.0000E-44  3.2000E-45  5.2000E+00  5.3000E+01  1.0161E+22  1.4112E+21  1.4044E+22
2.3639E-15  1.0351E-14  1.0293E-15  2.2000E-15  7.0000E-22  3.0000E-44  3.2000E-45  5.2000E+00  5.3000E+01  1.4612E+22  5.9842E+21  5.0196E+21
2.4289E-15  1.2977E-14  3.7477E-15  2.2000E-15  7.0000E-22  3.0000E-44  3.2000E-45  5.2000E+00  5.3000E+01  1.2801E+22  3.2525E+21  9.5634E+21
5.4697E-15  7.5603E-15  9.5827E-15  2.2000E-15  7.0000E-22  3.0000E-44  3.2000E-45  5.2000E+00  5.3000E+01  8.0379E+21  2.2768E+21  1.5301E+22
4.5391E-15  7.6307E-15  2.0335E-15  2.2000E-15  7.0000E-22  3.0000E-44  3.2000E-45  5.2000E+00  5.3000E+01  1.1708E+22  5.5276E+21  8.3825E+21
3.6084E-15  1.1968E-14  7.1067E-15  2.2000E-15  7.0000E-22  3.0000E-44  3.2000E-45  5.2000E+00  5.3000E+01  9.8120E+21  2.4018E+21  1.3402E+22
5.4481E-15  9.3657E-15  7.3318E-15  2.2000E-15  7.0000E-22  3.0000E-44  3.2000E-45  5.2000E+00  5.3000E+01  8.8949E+21  2.8823E+21  1.3839E+22
5.2208E-15  1.2906E-14  6.2063E-15  2.2000E-15  7.0000E-22  3.0000E-44  3.2000E-45  5.2000E+00  5.3000E+01  9.4629E+21  3.2230E+21  1.2930E+22
3.0024E-15  6.7866E-15  2.6568E-15  2.2000E-15  7.0000E-22  3.0000E-44  3.2000E-45  5.2000E+00  5.3000E+01  1.2963E+22  4.4540E+21  8.1998E+21
5.8052E-15  1.1640E-14  8.4919E-15  2.2000E-15  7.0000E-22  3.0000E-44  3.2000E-45  5.2000E+00  5.3000E+01  8.3173E+21  2.6176E+21  1.4681E+22
2.5154E-15  2.8475E-15  3.9901E-15  2.2000E-15  7.0000E-22  3.0000E-44  3.2000E-45  5.2000E+00  5.3000E+01  1.2530E+22  3.1704E+21  9.9166E+21
3.2513E-15  1.0280E-14  2.3798E-15  2.2000E-15  7.0000E-22  3.0000E-44  3.2000E-45  5.2000E+00  5.3000E+01  1.2845E+22  4.8355E+21  7.9368E+21
1.5739E-15  1.0163E-14  9.3403E-15  2.2000E-15  7.0000E-22  3.0000E-44  3.2000E-45  5.2000E+00  5.3000E+01  9.4044E+21  9.6530E+20  1.5246E+22
5.6104E-15  5.0984E-15  3.5053E-15  2.2000E-15  7.0000E-22  3.0000E-44  3.2000E-45  5.2000E+00  5.3000E+01  1.0350E+22  4.6114E+21  1.0655E+22
4.1928E-15  8.9906E-15  5.8600E-15  2.2000E-15  7.0000E-22  3.0000E-44  3.2000E-45  5.2000E+00  5.3000E+01  1.0165E+22  3.0674E+21  1.2383E+22
5.5780E-15  3.0820E-15  8.3707E-15  2.2000E-15  7.0000E-22  3.0000E-44  3.2000E-45  5.2000E+00  5.3000E+01  8.4425E+21  2.6027E+21  1.4571E+22
1.5090E-15  5.8487E-15  9.9463E-16  2.2000E-15  7.0000E-22  3.0000E-44  3.2000E-45  5.2000E+00  5.3000E+01  1.6257E+22  5.2176E+21  4.1417E+21
5.8918E-15  7.9589E-15  2.5010E-15  2.2000E-15  7.0000E-22  3.0000E-44  3.2000E-45  5.2000E+00  5.3000E+01  1.0493E+22  5.2867E+21  9.8362E+21
5.5455E-15  8.0527E-15  8.5611E-15  2.2000E-15  7.0000E-22  3.0000E-44  3.2000E-45  5.2000E+00  5.3000E+01  8.3822E+21  2.5451E+21  1.4689E+22
2.0717E-15  9.1313E-15  5.7908E-15  2.2000E-15  7.0000E-22  3.0000E-44  3.2000E-45  5.2000E+00  5.3000E+01  1.1502E+22  2.0286E+21  1.2086E+22
1.2601E-15  5.5204E-15  2.5183E-15  2.2000E-15  7.0000E-22  3.0000E-44  3.2000E-45  5.2000E+00  5.3000E+01  1.5446E+22  2.8818E+21  7.2880E+21
1.5848E-15  7.5369E-15  3.0378E-15  2.2000E-15  7.0000E-22  3.0000E-44  3.2000E-45  5.2000E+00  5.3000E+01  1.4409E+22  2.9225E+21  8.2854E+21
3.4894E-15  7.2321E-15  7.9205E-15  2.2000E-15  7.0000E-22  3.0000E-44  3.2000E-45  5.2000E+00  5.3000E+01  9.4471E+21  2.1211E+21  1.4048E+22
4.0196E-15  1.1546E-14  8.8035E-15  2.2000E-15  7.0000E-22  3.0000E-44  3.2000E-45  5.2000E+00  5.3000E+01  8.8267E+21  2.0830E+21  1.4706E+22
1.3900E-15  4.5826E-15  7.8512E-15  2.2000E-15  7.0000E-22  3.0000E-44  3.2000E-45  5.2000E+00  5.3000E+01  1.0386E+22  1.0706E+21  1.4159E+22
2.1150E-15  1.2883E-14  1.7565E-15  2.2000E-15  7.0000E-22  3.0000E-44  3.2000E-45  5.2000E+00  5.3000E+01  1.4685E+22  4.7601E+21  6.1707E+21
4.3659E-15  1.0749E-14  1.9469E-15  2.2000E-15  7.0000E-22  3.0000E-44  3.2000E-45  5.2000E+00  5.3000E+01  1.1889E+22  5.5724E+21  8.1560E+21
1.9527E-15  3.2930E-15  3.9727E-15  2.2000E-15  7.0000E-22  3.0000E-44  3.2000E-45  5.2000E+00  5.3000E+01  1.1316E+22  3.9364E+21  1.0364E+22
3.0673E-15  5.9659E-15  1.8950E-15  2.2000E-15  7.0000E-22  3.0000E-44  3.2000E-45  5.2000E+00  5.3000E+01  1.4973E+22  4.3686E+21  6.2744E+21
2.8942E-15  8.3810E-15  9.5654E-15  2.2000E-15  7.0000E-22  3.0000E-44  3.2000E-45  5.2000E+00  5.3000E+01  6.8884E+21  2.8164E+21  1.5911E+22
2.9916E-15  1.2625E-14  8.5265E-15  2.2000E-15  7.0000E-22  3.0000E-44  3.2000E-45  5.2000E+00  5.3000E+01  7.4272E+21  2.9826E+21  1.5206E+22
2.5263E-15  1.8158E-15  3.7996E-15  2.2000E-15  7.0000E-22  3.0000E-44  3.2000E-45  5.2000E+00  5.3000E+01  1.1544E+22  3.9781E+21  1.0097E+22
1.6497E-15  3.1523E-15  4.8212E-15  2.2000E-15  7.0000E-22  3.0000E-44  3.2000E-45  5.2000E+00  5.3000E+01  1.0306E+22  3.7319E+21  1.1578E+22
1.5198E-15  6.9273E-15  4.3883E-15  2.2000E-15  7.0000E-22  3.0000E-44  3.2000E-45  5.2000E+00  5.3000E+01  1.0793E+22  3.8345E+21  1.0989E+22
3.0457E-15  1.1265E-14  2.9858E-15  2.2000E-15  7.0000E-22  3.0000E-44  3.2000E-45  5.2000E+00  5.3000E+01  1.2769E+22  4.1712E+21  8.6765E+21
1.1303E-15  7.3727E-15  2.5703E-15  2.2000E-15  7.0000E-22  3.0000E-44  3.2000E-45  5.2000E+00  5.3000E+01  1.3521E+22  4.2621E+21  7.8332E+21
5.3723E-15  5.3563E-15  5.1155E-15  2.2000E-15  7.0000E-22  3.0000E-44  3.2000E-45  5.2000E+00  5.3000E+01  9.9918E+21  3.6619E+21  1.1962E+22
4.8962E-15  3.4337E-15  8.6650E-15  2.2000E-15  7.0000E-22  3.0000E-44  3.2000E-45  5.2000E+00  5.3000E+01  7.3498E+21  2.9592E+21  1.5307E+22
1.2168E-15  1.0562E-14  6.1024E-15  2.2000E-15  7.0000E-22  3.0000E-44  3.2000E-45  5.2000E+00  5.3000E+01  9.0887E+21  3.4442E+21  1.3083E+22
5.0802E-15  9.6940E-15  6.1198E-15  2.2000E-15  7.0000E-22  3.0000E-44  3.2000E-45  5.2000E+00  5.3000E+01  9.0720E+21  3.4400E+21  1.3104E+22
3.9222E-15  9.1782E-15  3.1763E-15  2.2000E-15  7.0000E-22  3.0000E-44  3.2000E-45  5.2000E+00  5.3000E+01  1.2458E+22  4.1272E+21  9.0323E+21
2.6669E-15  6.7162E-15  8.2148E-15  2.2000E-15  7.0000E-22  3.0000E-44  3.2000E-45  5.2000E+00  5.3000E+01  7.6103E+21  3.0373E+21  1.4968E+22
3.7383E-15  1.2320E-14  9.6000E-16  2.2000E-15  7.0000E-22  3.0000E-44  3.2000E-45  5.2000E+00  5.3000E+01  1.7748E+22  4.2338E+21  3.6347E+21
2.7210E-15  1.1617E-14  5.2713E-15  2.2000E-15  7.0000E-22  3.0000E-44  3.2000E-45  5.2000E+00  5.3000E+01  9.8420E+21  3.6275E+21  1.2146E+22
1.4224E-15  6.1301E-15  9.0113E-15  2.2000E-15  7.0000E-22  3.0000E-44  3.2000E-45  5.2000E+00  5.3000E+01  7.1684E+21  2.9038E+21  1.5544E+22
1.0437E-15  1.6283E-15  3.4533E-15  2.2000E-15  7.0000E-22  3.0000E-44  3.2000E-45  5.2000E+00  5.3000E+01  1.2042E+22  4.0629E+21  9.5130E+21
3.5543E-15  1.2179E-14  5.3060E-15  2.2000E-15  7.0000E-22  3.0000E-44  3.2000E-45  5.2000E+00  5.3000E+01  9.8028E+21  3.6184E+21  1.2195E+22
9.8958E-16  8.8030E-15  5.1848E-15  2.2000E-15  7.0000E-22  3.0000E-44  3.2000E-45  5.2000E+00  5.3000E+01  9.9313E+21  3.6481E+21  1.2036E+22
4.2361E-15  3.3868E-15  3.9208E-15  2.2000E-15  7.0000E-22  3.0000E-44  3.2000E-45  5.2000E+00  5.3000E+01  1.1381E+22  3.9485E+21  1.0286E+22
3.9547E-15  1.1148E-14  4.2671E-15  2.2000E-15  7.0000E-22  3.0000E-44  3.2000E-45  5.2000E+00  5.3000E+01  1.0937E+22  3.8635E+21  1.0816E+22
5.1234E-15  6.8569E-15  1.4448E-15  2.2000E-15  7.0000E-22  3.0000E-44  3.2000E-45  5.2000E+00  5.3000E+01  1.6159E+22  4.3744E+21  5.0823E+21
2.2665E-15  4.8874E-15  7.1240E-15  2.2000E-15  7.0000E-22  3.0000E-44  3.2000E-45  5.2000E+00  5.3000E+01  8.3083E+21  3.2371E+21  1.4071E+22
3.3487E-15  7.0210E-15  6.2756E-15  2.2000E-15  7.0000E-22  3.0000E-44  3.2000E-45  5.2000E+00  5.3000E+01  8.9405E+21  3.4062E+21  1.3269E+22
5.9892E-15  2.6834E-15  5.0982E-15  2.2000E-15  7.0000E-22  3.0000E-44  3.2000E-45  5.2000E+00  5.3000E+01  1.0012E+22  3.6665E+21  1.1937E+22
7.9479E-16  1.2601E-14  3.9554E-15  2.2000E-15  7.0000E-22  3.0000E-44  3.2000E-45  5.2000E+00  5.3000E+01  1.1329E+22  3.9388E+21  1.0348E+22
5.5238E-15  9.3188E-15  7.3491E-15  2.2000E-15  7.0000E-22  3.0000E-44  3.2000E-45  5.2000E+00  5.3000E+01  8.1505E+21  3.1931E+21  1.4272E+22
2.8834E-15  1.1804E-14  6.7777E-15  2.2000E-15  7.0000E-22  3.0000E-44  3.2000E-45  5.2000E+00  5.3000E+01  8.5530E+21  3.3039E+21  1.3759E+22
1.8337E-15  5.7784E-15  9.3057E-15  2.2000E-15  7.0000E-22  3.0000E-44  3.2000E-45  5.2000E+00  5.3000E+01  7.0156E+21  2.8564E+21  1.5744E+22
1.4657E-15  1.6048E-15  5.4099E-15  2.2000E-15  7.0000E-22  3.0000E-44  3.2000E-45  5.2000E+00  5.3000E+01  9.7062E+21  3.5957E+21  1.2314E+22
3.3703E-15  3.1054E-15  9.1152E-15  2.2000E-15  7.0000E-22  3.0000E-44  3.2000E-45  5.2000E+00  5.3000E+01  7.1116E+21  2.8862E+21  1.5618E+22
2.3964E-15  6.3176E-15  3.5226E-15  2.2000E-15  7.0000E-22  3.0000E-44  3.2000E-45  5.2000E+00  5.3000E+01  1.1939E+22  4.0461E+21  9.6332E+21
3.8357E-15  9.5768E-15  6.9162E-15  2.2000E-15  7.0000E-22  3.0000E-44  3.2000E-45  5.2000E+00  5.3000E+01  8.4505E+21  3.2761E+21  1.3889E+22
5.8701E-15  4.9577E-15  9.4961E-15  2.2000E-15  7.0000E-22  3.0000E-44  3.2000E-45  5.2000E+00  5.3000E+01  6.9222E+21  2.8271E+21  1.5867E+22
9.5711E-16  3.0585E-15  9.2710E-15  2.2000E-15  7.0000E-22  3.0000E-44  3.2000E-45  5.2000E+00  5.3000E+01  7.0356E+21  2.8626E+21  1.5718E+22
3.1972E-15  3.8557E-15  6.4661E-15  2.2000E-15  7.0000E-22  3.0000E-44  3.2000E-45  5.2000E+00  5.3000E+01  8.7892E+21  3.3668E+21  1.3460E+22
3.0132E-15  1.4641E-15  6.0332E-15  2.2000E-15  7.0000E-22  3.0000E-44  3.2000E-45  5.2000E+00  5.3000E+01  9.1478E+21  3.4592E+21  1.3009E+22
3.0890E-15  1.3000E-14  3.0551E-15  2.2000E-15  7.0000E-22  3.0000E-44  3.2000E-45  5.2000E+00  5.3000E+01  1.2653E+22  4.1552E+21  8.8093E+21
3.6409E-15  3.8323E-15  9.5134E-15  2.2000E-15  7.0000E-22  3.0000E-44  3.2000E-45  5.2000E+00  5.3000E+01  6.9174E+21  2.8255E+21  1.5873E+22
4.2902E-15  9.0375E-15  5.7562E-15  2.2000E-15  7.0000E-22  3.0000E-44  3.2000E-45  5.2000E+00  5.3000E+01  9.3828E+21  3.5177E+21  1.2715E+22
2.3315E-15  1.1687E-14  7.8859E-15  2.2000E-15  7.0000E-22  3.0000E-44  3.2000E-45  5.2000E+00  5.3000E+01  7.8027E+21  3.0937E+21  1.4719E+22
5.5130E-15  8.5920E-15  4.8731E-15  2.2000E-15  7.0000E-22  3.0000E-44  3.2000E-45  5.2000E+00  5.3000E+01  1.0252E+22  3.7202E+21  1.1644E+22
4.8745E-15  1.9565E-15  3.1416E-15  2.2000E-15  7.0000E-22  3.0000E-44  3.2000E-45  5.2000E+00  5.3000E+01  1.2522E+22  4.1366E+21  8.9586E+21
2.6236E-15  8.8968E-15  5.9466E-15  2.2000E-15  7.0000E-22  3.0000E-44  3.2000E-45  5.2000E+00  5.3000E+01  9.2161E+21  3.4764E+21  1.2923E+22
3.5651E-15  2.0034E-15  7.5049E-15  2.2000E-15  7.0000E-22  3.0000E-44  3.2000E-45  5.2000E+00  5.3000E+01  8.0508E+21  3.1650E+21  1.4400E+22
5.5888E-15  1.2578E-14  8.7862E-15  2.2000E-15  7.0000E-22  3.0000E-44  3.2000E-45  5.2000E+00  5.3000E+01  7.2847E+21  2.9395E+21  1.5392E+22
1.6713E-15  3.0351E-15  6.6911E-15  2.2000E-15  7.0000E-22  3.0000E-44  3.2000E-45  5.2000E+00  5.3000E+01  8.6202E+21  3.3220E+21  1.3674E+22
5.5563E-15  7.3962E-15  1.5660E-15  2.2000E-15  7.0000E-22  3.0000E-44  3.2000E-45  5.2000E+00  5.3000E+01  1.5793E+22  4.3815E+21  5.4416E+21
1.8986E-15  6.4114E-15  9.4442E-15  2.2000E-15  7.0000E-22  3.0000E-44  3.2000E-45  5.2000E+00  5.3000E+01  6.9514E+21  2.8363E+21  1.5828E+22
6.2164E-16  7.4900E-15  4.0939E-15  2.2000E-15  7.0000E-22  3.0000E-44  3.2000E-45  5.2000E+00  5.3000E+01  1.1161E+22  3.9071E+21  1.0548E+22
3.8248E-15  1.0327E-14  9.3749E-15  2.2000E-15  7.0000E-22  3.0000E-44  3.2000E-45  5.2000E+00  5.3000E+01  6.9859E+21  2.8471E+21  1.5783E+22
5.7511E-15  8.9202E-15  6.7431E-15  2.2000E-15  7.0000E-22  3.0000E-44  3.2000E-45  5.2000E+00  5.3000E+01  8.5828E+21  3.3119E+21  1.3721E+22
2.6778E-15  4.3950E-15  2.7088E-15  2.2000E-15  7.0000E-22  3.0000E-44  3.2000E-45  5.2000E+00  5.3000E+01  1.3260E+22  4.2331E+21  8.1235E+21
3.9980E-15  8.1934E-15  1.5833E-15  2.2000E-15  7.0000E-22  3.0000E-44  3.2000E-45  5.2000E+00  5.3000E+01  1.5766E+22  4.3817E+21  5.4687E+21
3.0349E-15  1.3234E-15  3.2282E-15  2.2000E-15  7.0000E-22  3.0000E-44  3.2000E-45  5.2000E+00  5.3000E+01  1.2379E+22  4.1154E+21  9.1234E+21
1.9202E-15  1.1007E-14  8.5784E-15  2.2000E-15  7.0000E-22  3.0000E-44  3.2000E-45  5.2000E+00  5.3000E+01  7.3993E+21  2.9742E+21  1.5242E+22
5.7295E-15  1.2766E-14  3.6784E-15  2.2000E-15  7.0000E-22  3.0000E-44  3.2000E-45  5.2000E+00  5.3000E+01  1.1710E+22  4.0073E+21  9.9013E+21
4.8529E-15  1.0984E-14  4.1805E-15  2.2000E-15  7.0000E-22  3.0000E-44  3.2000E-45  5.2000E+00  5.3000E+01  1.1048E+22  3.8853E+21  1.0683E+22
5.6212E-15  8.7092E-15  9.3922E-15  2.2000E-15  7.0000E-22  3.0000E-44  3.2000E-45  5.2000E+00  5.3000E+01  6.9760E+21  2.8440E+21  1.5796E+22
1.3359E-15  9.7643E-15  5.0463E-15  2.2000E-15  7.0000E-22  3.0000E-44  3.2000E-45  5.2000E+00  5.3000E+01  1.0063E+22  3.6781E+21  1.1874E+22
2.6020E-15  4.7467E-15  4.0766E-15  2.2000E-15  7.0000E-22  3.0000E-44  3.2000E-45  5.2000E+00  5.3000E+01  1.1174E+22  3.9096E+21  1.0533E+22
4.2577E-15  2.7303E-15  3.5745E-15  2.2000E-15  7.0000E-22  3.0000E-44  3.2000E-45  5.2000E+00  5.3000E+01  1.1866E+22  4.0340E+21  9.7179E+21
2.2774E-15  7.7244E-15  6.0505E-15  2.2000E-15  7.0000E-22  3.0000E-44  3.2000E-45  5.2000E+00  5.3000E+01  9.1308E+21  3.4549E+21  1.3030E+22
4.3984E-15  2.5427E-15  1.4794E-15  2.2000E-15  7.0000E-22  3.0000E-44  3.2000E-45  5.2000E+00  5.3000E+01  1.6044E+22  4.3776E+21  5.1942E+21
1.5631E-15  1.0491E-14  2.2932E-15  2.2000E-15  7.0000E-22  3.0000E-44  3.2000E-45  5.2000E+00  5.3000E+01  1.4079E+22  4.3145E+21  7.2229E+21
3.1214E-15  2.9882E-15  5.8254E-15  2.2000E-15  7.0000E-22  3.0000E-44  3.2000E-45  5.2000E+00  5.3000E+01  9.3207E+21  3.5024E+21  1.2793E+22
2.0501E-15  4.9812E-15  5.7042E-15  2.2000E-15  7.0000E-22  3.0000E-44  3.2000E-45  5.2000E+00  5.3000E+01  9.4367E+21  3.5309E+21  1.2648E+22
4.3335E-15  7.5838E-15  5.9639E-15  2.2000E-15  7.0000E-22  3.0000E-44  3.2000E-45  5.2000E+00  5.3000E+01  9.2075E+21  3.4742E+21  1.2934E+22
5.1776E-15  1.2203E-14  9.4615E-15  2.2000E-15  7.0000E-22  3.0000E-44  3.2000E-45  5.2000E+00  5.3000E+01  6.9417E+21  2.8332E+21  1.5841E+22
2.1691E-15  2.2379E-15  6.1371E-15  2.2000E-15  7.0000E-22  3.0000E-44  3.2000E-45  5.2000E+00  5.3000E+01  9.0554E+21  3.4357E+21  1.3125E+22
5.7403E-15  4.6295E-15  9.3576E-15  2.2000E-15  7.0000E-22  3.0000E-44  3.2000E-45  5.2000E+00  5.3000E+01  6.9908E+21  2.8486E+21  1.5777E+22
2.7102E-15  3.1289E-15  1.4275E-15  2.2000E-15  7.0000E-22  3.0000E-44  3.2000E-45  5.2000E+00  5.3000E+01  1.6188E+22  4.3735E+21  5.0541E+21
2.5587E-15  1.4407E-15  1.3929E-15  2.2000E-15  7.0000E-22  3.0000E-44  3.2000E-45  5.2000E+00  5.3000E+01  1.6306E+22  4.3692E+21  4.9406E+21
3.9331E-15  1.2648E-14  2.0855E-15  2.2000E-15  7.0000E-22  3.0000E-44  3.2000E-45  5.2000E+00  5.3000E+01  1.4510E+22  4.3454E+21  6.7606E+21
1.3683E-15  2.3786E-15  6.8989E-15  2.2000E-15  7.0000E-22  3.0000E-44  3.2000E-45  5.2000E+00  5.3000E+01  8.4650E+21  3.2801E+21  1.3871E+22
5.3615E-15  3.4102E-15  6.6219E-15  2.2000E-15  7.0000E-22  3.0000E-44  3.2000E-45  5.2000E+00  5.3000E+01  8.6733E+21  3.3361E+21  1.3607E+22
2.9267E-15  4.3246E-15  6.9855E-15  2.2000E-15  7.0000E-22  3.0000E-44  3.2000E-45  5.2000E+00  5.3000E+01  8.4002E+21  3.2624E+21  1.3953E+22
8.3808E-16  4.4653E-15  2.6222E-15  2.2000E-15  7.0000E-22  3.0000E-44  3.2000E-45  5.2000E+00  5.3000E+01  1.3427E+22  4.2519E+21  7.9380E+21
2.5912E-15  2.9647E-15  8.9420E-15  2.2000E-15  7.0000E-22  3.0000E-44  3.2000E-45  5.2000E+00  5.3000E+01  7.2050E+21  2.9150E+21  1.5496E+22
4.7230E-15  2.1441E-15  3.7303E-15  2.2000E-15  7.0000E-22  3.0000E-44  3.2000E-45  5.2000E+00  5.3000E+01  1.1640E+22  3.9951E+21  9.9832E+21
1.9743E-15  9.2719E-15  2.3625E-15  2.2000E-15  7.0000E-22  3.0000E-44  3.2000E-45  5.2000E+00  5.3000E+01  1.3935E+22  4.3022E+21  7.3794E+21
1.0112E-15  5.6611E-15  3.3148E-15  2.2000E-15  7.0000E-22  3.0000E-44  3.2000E-45  5.2000E+00  5.3000E+01  1.2254E+22  4.0965E+21  9.2673E+21
2.4072E-15  9.8581E-15  8.7689E-15  2.2000E-15  7.0000E-22  3.0000E-44  3.2000E-45  5.2000E+00  5.3000E+01  7.2955E+21  2.9427E+21  1.5378E+22
3.3054E-15  9.8112E-15  4.7692E-15  2.2000E-15  7.0000E-22  3.0000E-44  3.2000E-45  5.2000E+00  5.3000E+01  1.0360E+22  3.7437E+21  1.1512E+22
3.4786E-15  7.1617E-15  4.1459E-15  2.2000E-15  7.0000E-22  3.0000E-44  3.2000E-45  5.2000E+00  5.3000E+01  1.1085E+22  3.8926E+21  1.0638E+22
7.8397E-16  1.2812E-14  9.1671E-15  2.2000E-15  7.0000E-22  3.0000E-44  3.2000E-45  5.2000E+00  5.3000E+01  7.0861E+21  2.8783E+21  1.5652E+22
1.4874E-15  8.8265E-15  7.7127E-15  2.2000E-15  7.0000E-22  3.0000E-44  3.2000E-45  5.2000E+00  5.3000E+01  7.9153E+21  3.1263E+21  1.4574E+22
5.0910E-15  6.0832E-15  8.0763E-15  2.2000E-15  7.0000E-22  3.0000E-44  3.2000E-45  5.2000E+00  5.3000E+01  7.6873E+21  3.0600E+21  1.4869E+22
4.2144E-15  1.6986E-15  7.6781E-15  2.2000E-15  7.0000E-22  3.0000E-44  3.2000E-45  5.2000E+00  5.3000E+01  7.9344E+21  3.1318E+21  1.4550E+22
2.1367E-15  3.5275E-15  4.8904E-15  2.2000E-15  7.0000E-22  3.0000E-44  3.2000E-45  5.2000E+00  5.3000E+01  1.0231E+22  3.7155E+21  1.1670E+22
5.1559E-15  5.3094E-15  9.7731E-16  2.2000E-15  7.0000E-22  3.0000E-44  3.2000E-45  5.2000E+00  5.3000E+01  1.7683E+22  4.2434E+21  3.6895E+21
3.3162E-15  6.7631E-15  8.4572E-15  2.2000E-15  7.0000E-22  3.0000E-44  3.2000E-45  5.2000E+00  5.3000E+01  7.4665E+21  2.9944E+21  1.5155E+22
5.1018E-15  6.8100E-15  2.4491E-15  2.2000E-15  7.0000E-22  3.0000E-44  3.2000E-45  5.2000E+00  5.3000E+01  1.3754E+22  4.2856E+21  7.5767E+21
3.1539E-15  8.2403E-15  6.4314E-15  2.2000E-15  7.0000E-22  3.0000E-44  3.2000E-45  5.2000E+00  5.3000E+01  8.8206E+21  3.3750E+21  1.3420E+22
1.7363E-15  5.8018E-15  5.8774E-15  2.2000E-15  7.0000E-22  3.0000E-44  3.2000E-45  5.2000E+00  5.3000E+01  9.2768E+21  3.4916E+21  1.2848E+22
6.7575E-16  9.7174E-15  9.1844E-15  2.2000E-15  7.0000E-22  3.0000E-44  3.2000E-45  5.2000E+00  5.3000E+01  7.0810E+21  2.8767E+21  1.5658E+22
3.7924E-15  1.9331E-15  2.2759E-15  2.2000E-15  7.0000E-22  3.0000E-44  3.2000E-45  5.2000E+00  5.3000E+01  1.4100E+22  4.3162E+21  7.2003E+21
3.2729E-15  3.3164E-15  1.9816E-15  2.2000E-15  7.0000E-22  3.0000E-44  3.2000E-45  5.2000E+00  5.3000E+01  1.4761E+22  4.3593E+21  6.4963E+21
2.9699E-15  7.9120E-15  3.3840E-15  2.2000E-15  7.0000E-22  3.0000E-44  3.2000E-45  5.2000E+00  5.3000E+01  1.2147E+22  4.0798E+21  9.3911E+21
7.7315E-16  1.8627E-15  2.4317E-15  2.2000E-15  7.0000E-22  3.0000E-44  3.2000E-45  5.2000E+00  5.3000E+01  1.3794E+22  4.2894E+21  7.5332E+21
3.7599E-15  1.2109E-14  4.5441E-15  2.2000E-15  7.0000E-22  3.0000E-44  3.2000E-45  5.2000E+00  5.3000E+01  1.0617E+22  3.7984E+21  1.1200E+22
