6.0000E-16  1.3000E-15  9.6000E-16  2.2000E-15  7.0000E-22  3.0000E-44  3.2000E-45  5.2000E+00  5.3000E+01  1.9571E+22  2.0420E+21  4.0032E+21
6.0000E-16  1.3000E-15  9.6000E-16  2.2000E-15  7.0000E-22  3.0000E-44  3.2000E-45  5.4476E+00  5.3000E+01  1.9591E+22  2.0250E+21  4.0001E+21
6.0000E-16  1.3000E-15  9.6000E-16  2.2000E-15  7.0000E-22  3.0000E-44  3.2000E-45  5.7070E+00  5.3000E+01  1.9611E+22  2.0077E+21  3.9969E+21
6.0000E-16  1.3000E-15  9.6000E-16  2.2000E-15  7.0000E-22  3.0000E-44  3.2000E-45  5.9787E+00  5.3000E+01  1.9632E+22  1.9901E+21  3.9937E+21
6.0000E-16  1.3000E-15  9.6000E-16  2.2000E-15  7.0000E-22  3.0000E-44  3.2000E-45  6.2634E+00  5.3000E+01  1.9654E+22  1.9721E+21  3.9904E+21
6.0000E-16  1.3000E-15  9.6000E-16  2.2000E-15  7.0000E-22  3.0000E-44  3.2000E-45  6.5617E+00  5.3000E+01  1.9676E+22  1.9531E+21  3.9869E+21
6.0000E-16  1.3000E-15  9.6000E-16  2.2000E-15  7.0000E-22  3.0000E-44  3.2000E-45  6.8741E+00  5.3000E+01  1.9699E+22  1.9340E+21  3.9834E+21
6.0000E-16  1.3000E-15  9.6000E-16  2.2000E-15  7.0000E-22  3.0000E-44  3.2000E-45  7.2014E+00  5.3000E+01  1.9722E+22  1.9139E+21  3.9797E+21
6.0000E-16  1.3000E-15  9.6000E-16  2.2000E-15  7.0000E-22  3.0000E-44  3.2000E-45  7.5443E+00  5.3000E+01  1.9746E+22  1.8938E+21  3.9760E+21
6.0000E-16  1.3000E-15  9.6000E-16  2.2000E-15  7.0000E-22  3.0000E-44  3.2000E-45  7.9035E+00  5.3000E+01  1.9771E+22  1.8728E+21  3.9722E+21
6.0000E-16  1.3000E-15  9.6000E-16  2.2000E-15  7.0000E-22  3.0000E-44  3.2000E-45  8.2799E+00  5.3000E+01  1.9796E+22  1.8512E+21  3.9682E+21
6.0000E-16  1.3000E-15  9.6000E-16  2.2000E-15  7.0000E-22  3.0000E-44  3.2000E-45  8.6741E+00  5.3000E+01  1.9822E+22  1.8296E+21  3.9643E+21
6.0000E-16  1.3000E-15  9.6000E-16  2.2000E-15  7.0000E-22  3.0000E-44  3.2000E-45  9.0871E+00  5.3000E+01  1.9849E+22  1.8068E+21  3.9601E+21
6.0000E-16  1.3000E-15  9.6000E-16  2.2000E-15  7.0000E-22  3.0000E-44  3.2000E-45  9.5198E+00  5.3000E+01  1.9876E+22  1.7841E+21  3.9559E+21
6.0000E-16  1.3000E-15  9.6000E-16  2.2000E-15  7.0000E-22  3.0000E-44  3.2000E-45  9.9731E+00  5.3000E+01  1.9903E+22  1.7609E+21  3.9517E+21
6.0000E-16  1.3000E-15  9.6000E-16  2.2000E-15  7.0000E-22  3.0000E-44  3.2000E-45  1.0448E+01  5.3000E+01  1.9929E+22  1.7393E+21  3.9477E+21
6.0000E-16  1.3000E-15  9.6000E-16  2.2000E-15  7.0000E-22  3.0000E-44  3.2000E-45  1.0946E+01  5.3000E+01  1.9958E+22  1.7149E+21  3.9432E+21
6.0000E-16  1.3000E-15  9.6000E-16  2.2000E-15  7.0000E-22  3.0000E-44  3.2000E-45  1.1467E+01  5.3000E+01  1.9992E+22  1.6864E+21  3.9380E+21
6.0000E-16  1.3000E-15  9.6000E-16  2.2000E-15  7.0000E-22  3.0000E-44  3.2000E-45  1.2013E+01  5.3000E+01  2.0019E+22  1.6634E+21  3.9338E+21
6.0000E-16  1.3000E-15  9.6000E-16  2.2000E-15  7.0000E-22  3.0000E-44  3.2000E-45  1.2585E+01  5.3000E+01  2.0050E+22  1.6366E+21  3.9289E+21
6.0000E-16  1.3000E-15  9.6000E-16  2.2000E-15  7.0000E-22  3.0000E-44  3.2000E-45  1.3184E+01  5.3000E+01  2.0081E+22  1.6107E+21  3.9241E+21
6.0000E-16  1.3000E-15  9.6000E-16  2.2000E-15  7.0000E-22  3.0000E-44  3.2000E-45  1.3812E+01  5.3000E+01  2.0111E+22  1.5855E+21  3.9195E+21
6.0000E-16  1.3000E-15  9.6000E-16  2.2000E-15  7.0000E-22  3.0000E-44  3.2000E-45  1.4469E+01  5.3000E+01  2.0145E+22  1.5571E+21  3.9143E+21
6.0000E-16  1.3000E-15  9.6000E-16  2.2000E-15  7.0000E-22  3.0000E-44  3.2000E-45  1.5158E+01  5.3000E+01  2.0177E+22  1.5298E+21  3.9093E+21
6.0000E-16  1.3000E-15  9.6000E-16  2.2000E-15  7.0000E-22  3.0000E-44  3.2000E-45  1.5880E+01  5.3000E+01  2.0208E+22  1.5034E+21  3.9044E+21
6.0000E-16  1.3000E-15  9.6000E-16  2.2000E-15  7.0000E-22  3.0000E-44  3.2000E-45  1.6636E+01  5.3000E+01  2.0238E+22  1.4778E+21  3.8997E+21
6.0000E-16  1.3000E-15  9.6000E-16  2.2000E-15  7.0000E-22  3.0000E-44  3.2000E-45  1.7428E+01  5.3000E+01  2.0272E+22  1.4497E+21  3.8946E+21
6.0000E-16  1.3000E-15  9.6000E-16  2.2000E-15  7.0000E-22  3.0000E-44  3.2000E-45  1.8258E+01  5.3000E+01  2.0308E+22  1.4193E+21  3.8890E+21
6.0000E-16  1.3000E-15  9.6000E-16  2.2000E-15  7.0000E-22  3.0000E-44  3.2000E-45  1.9128E+01  5.3000E+01  2.0338E+22  1.3933E+21  3.8842E+21
6.0000E-16  1.3000E-15  9.6000E-16  2.2000E-15  7.0000E-22  3.0000E-44  3.2000E-45  2.0038E+01  5.3000E+01  2.0372E+22  1.3652E+21  3.8791E+21
6.0000E-16  1.3000E-15  9.6000E-16  2.2000E-15  7.0000E-22  3.0000E-44  3.2000E-45  2.0992E+01  5.3000E+01  2.0407E+22  1.3352E+21  3.8736E+21
6.0000E-16  1.3000E-15  9.6000E-16  2.2000E-15  7.0000E-22  3.0000E-44  3.2000E-45  2.1992E+01  5.3000E+01  2.0441E+22  1.3066E+21  3.8683E+21
6.0000E-16  1.3000E-15  9.6000E-16  2.2000E-15  7.0000E-22  3.0000E-44  3.2000E-45  2.3039E+01  5.3000E+01  2.0474E+22  1.2791E+21  3.8633E+21
6.0000E-16  1.3000E-15  9.6000E-16  2.2000E-15  7.0000E-22  3.0000E-44  3.2000E-45  2.4136E+01  5.3000E+01  2.0508E+22  1.2502E+21  3.8580E+21
6.0000E-16  1.3000E-15  9.6000E-16  2.2000E-15  7.0000E-22  3.0000E-44  3.2000E-45  2.5286E+01  5.3000E+01  2.0543E+22  1.2201E+21  3.8525E+21
6.0000E-16  1.3000E-15  9.6000E-16  2.2000E-15  7.0000E-22  3.0000E-44  3.2000E-45  2.6490E+01  5.3000E+01  2.0577E+22  1.1914E+21  3.8472E+21
6.0000E-16  1.3000E-15  9.6000E-16  2.2000E-15  7.0000E-22  3.0000E-44  3.2000E-45  2.7751E+01  5.3000E+01  2.0612E+22  1.1618E+21  3.8418E+21
6.0000E-16  1.3000E-15  9.6000E-16  2.2000E-15  7.0000E-22  3.0000E-44  3.2000E-45  2.9072E+01  5.3000E+01  2.0646E+22  1.1337E+21  3.8367E+21
6.0000E-16  1.3000E-15  9.6000E-16  2.2000E-15  7.0000E-22  3.0000E-44  3.2000E-45  3.0457E+01  5.3000E+01  2.0680E+22  1.1049E+21  3.8314E+21
6.0000E-16  1.3000E-15  9.6000E-16  2.2000E-15  7.0000E-22  3.0000E-44  3.2000E-45  3.1907E+01  5.3000E+01  2.0712E+22  1.0775E+21  3.8264E+21
6.0000E-16  1.3000E-15  9.6000E-16  2.2000E-15  7.0000E-22  3.0000E-44  3.2000E-45  3.3426E+01  5.3000E+01  2.0745E+22  1.0496E+21  3.8212E+21
6.0000E-16  1.3000E-15  9.6000E-16  2.2000E-15  7.0000E-22  3.0000E-44  3.2000E-45  3.5018E+01  5.3000E+01  2.0779E+22  1.0213E+21  3.8161E+21
6.0000E-16  1.3000E-15  9.6000E-16  2.2000E-15  7.0000E-22  3.0000E-44  3.2000E-45  3.6685E+01  5.3000E+01  2.0812E+22  9.9299E+20  3.8109E+21
6.0000E-16  1.3000E-15  9.6000E-16  2.2000E-15  7.0000E-22  3.0000E-44  3.2000E-45  3.8432E+01  5.3000E+01  2.0844E+22  9.6616E+20  3.8060E+21
6.0000E-16  1.3000E-15  9.6000E-16  2.2000E-15  7.0000E-22  3.0000E-44  3.2000E-45  4.0262E+01  5.3000E+01  2.0877E+22  9.3783E+20  3.8008E+21
6.0000E-16  1.3000E-15  9.6000E-16  2.2000E-15  7.0000E-22  3.0000E-44  3.2000E-45  4.2179E+01  5.3000E+01  2.0909E+22  9.1112E+20  3.7959E+21
6.0000E-16  1.3000E-15  9.6000E-16  2.2000E-15  7.0000E-22  3.0000E-44  3.2000E-45  4.4187E+01  5.3000E+01  2.0940E+22  8.8460E+20  3.7910E+21
6.0000E-16  1.3000E-15  9.6000E-16  2.2000E-15  7.0000E-22  3.0000E-44  3.2000E-45  4.6291E+01  5.3000E+01  2.0971E+22  8.5836E+20  3.7862E+21
6.0000E-16  1.3000E-15  9.6000E-16  2.2000E-15  7.0000E-22  3.0000E-44  3.2000E-45  4.8495E+01  5.3000E+01  2.1002E+22  8.3248E+20  3.7815E+21
6.0000E-16  1.3000E-15  9.6000E-16  2.2000E-15  7.0000E-22  3.0000E-44  3.2000E-45  5.0805E+01  5.3000E+01  2.1032E+22  8.0705E+20  3.7768E+21
6.0000E-16  1.3000E-15  9.6000E-16  2.2000E-15  7.0000E-22  3.0000E-44  3.2000E-45  5.3224E+01  5.3000E+01  2.1062E+22  7.8212E+20  3.7722E+21
6.0000E-16  1.3000E-15  9.6000E-16  2.2000E-15  7.0000E-22  3.0000E-44  3.2000E-45  5.5758E+01  5.3000E+01  2.1092E+22  7.5678E+20  3.7676E+21
6.0000E-16  1.3000E-15  9.6000E-16  2.2000E-15  7.0000E-22  3.0000E-44  3.2000E-45  5.8413E+01  5.3000E+01  2.1120E+22  7.3304E+20  3.7632E+21
6.0000E-16  1.3000E-15  9.6000E-16  2.2000E-15  7.0000E-22  3.0000E-44  3.2000E-45  6.1194E+01  5.3000E+01  2.1148E+22  7.0908E+20  3.7588E+21
6.0000E-16  1.3000E-15  9.6000E-16  2.2000E-15  7.0000E-22  3.0000E-44  3.2000E-45  6.4108E+01  5.3000E+01  2.1175E+22  6.8586E+20  3.7546E+21
6.0000E-16  1.3000E-15  9.6000E-16  2.2000E-15  7.0000E-22  3.0000E-44  3.2000E-45  6.7161E+01  5.3000E+01  2.1203E+22  6.6266E+20  3.7503E+21
6.0000E-16  1.3000E-15  9.6000E-16  2.2000E-15  7.0000E-22  3.0000E-44  3.2000E-45  7.0358E+01  5.3000E+01  2.1229E+22  6.4030E+20  3.7462E+21
6.0000E-16  1.3000E-15  9.6000E-16  2.2000E-15  7.0000E-22  3.0000E-44  3.2000E-45  7.3709E+01  5.3000E+01  2.1255E+22  6.1877E+20  3.7423E+21
6.0000E-16  1.3000E-15  9.6000E-16  2.2000E-15  7.0000E-22  3.0000E-44  3.2000E-45  7.7218E+01  5.3000E+01  2.1280E+22  5.9747E+20  3.7384E+21
6.0000E-16  1.3000E-15  9.6000E-16  2.2000E-15  7.0000E-22  3.0000E-44  3.2000E-45  8.0895E+01  5.3000E+01  2.1305E+22  5.7648E+20  3.7346E+21
6.0000E-16  1.3000E-15  9.6000E-16  2.2000E-15  7.0000E-22  3.0000E-44  3.2000E-45  8.4747E+01  5.3000E+01  2.1329E+22  5.5641E+20  3.7309E+21
6.0000E-16  1.3000E-15  9.6000E-16  2.2000E-15  7.0000E-22  3.0000E-44  3.2000E-45  8.8782E+01  5.3000E+01  2.1353E+22  5.3626E+20  3.7272E+21
6.0000E-16  1.3000E-15  9.6000E-16  2.2000E-15  7.0000E-22  3.0000E-44  3.2000E-45  9.3010E+01  5.3000E+01  2.1375E+22  5.1708E+20  3.7237E+21
6.0000E-16  1.3000E-15  9.6000E-16  2.2000E-15  7.0000E-22  3.0000E-44  3.2000E-45  9.7439E+01  5.3000E+01  2.1397E+22  4.9840E+20  3.7202E+21
6.0000E-16  1.3000E-15  9.6000E-16  2.2000E-15  7.0000E-22  3.0000E-44  3.2000E-45  1.0208E+02  5.3000E+01  2.1419E+22  4.8026E+20  3.7169E+21
6.0000E-16  1.3000E-15  9.6000E-16  2.2000E-15  7.0000E-22  3.0000E-44  3.2000E-45  1.0694E+02  5.3000E+01  2.1440E+22  4.6199E+20  3.7136E+21
6.0000E-16  1.3000E-15  9.6000E-16  2.2000E-15  7.0000E-22  3.0000E-44  3.2000E-45  1.1203E+02  5.3000E+01  2.1460E+22  4.4506E+20  3.7105E+21
6.0000E-16  1.3000E-15  9.6000E-16  2.2000E-15  7.0000E-22  3.0000E-44  3.2000E-45  1.1737E+02  5.3000E+01  2.1479E+22  4.2932E+20  3.7076E+21
6.0000E-16  1.3000E-15  9.6000E-16  2.2000E-15  7.0000E-22  3.0000E-44  3.2000E-45  1.2295E+02  5.3000E+01  2.1500E+22  4.1184E+20  3.7044E+21
6.0000E-16  1.3000E-15  9.6000E-16  2.2000E-15  7.0000E-22  3.0000E-44  3.2000E-45  1.2881E+02  5.3000E+01  2.1519E+22  3.9573E+20  3.7014E+21
6.0000E-16  1.3000E-15  9.6000E-16  2.2000E-15  7.0000E-22  3.0000E-44  3.2000E-45  1.3494E+02  5.3000E+01  2.1536E+22  3.8084E+20  3.6987E+21
6.0000E-16  1.3000E-15  9.6000E-16  2.2000E-15  7.0000E-22  3.0000E-44  3.2000E-45  1.4137E+02  5.3000E+01  2.1553E+22  3.6702E+20  3.6962E+21
6.0000E-16  1.3000E-15  9.6000E-16  2.2000E-15  7.0000E-22  3.0000E-44  3.2000E-45  1.4810E+02  5.3000E+01  2.1570E+22  3.5212E+20  3.6935E+21
6.0000E-16  1.3000E-15  9.6000E-16  2.2000E-15  7.0000E-22  3.0000E-44  3.2000E-45  1.5515E+02  5.3000E+01  2.1587E+22  3.3838E+20  3.6909E+21
6.0000E-16  1.3000E-15  9.6000E-16  2.2000E-15  7.0000E-22  3.0000E-44  3.2000E-45  1.6254E+02  5.3000E+01  2.1604E+22  3.2393E+20  3.6883E+21
6.0000E-16  1.3000E-15  9.6000E-16  2.2000E-15  7.0000E-22  3.0000E-44  3.2000E-45  1.7028E+02  5.3000E+01  2.1618E+22  3.1226E+20  3.6862E+21
6.0000E-16  1.3000E-15  9.6000E-16  2.2000E-15  7.0000E-22  3.0000E-44  3.2000E-45  1.7838E+02  5.3000E+01  2.1632E+22  2.9992E+20  3.6839E+21
6.0000E-16  1.3000E-15  9.6000E-16  2.2000E-15  7.0000E-22  3.0000E-44  3.2000E-45  1.8688E+02  5.3000E+01  2.1647E+22  2.8715E+20  3.6816E+21
6.0000E-16  1.3000E-15  9.6000E-16  2.2000E-15  7.0000E-22  3.0000E-44  3.2000E-45  1.9578E+02  5.3000E+01  2.1661E+22  2.7542E+20  3.6794E+21
6.0000E-16  1.3000E-15  9.6000E-16  2.2000E-15  7.0000E-22  3.0000E-44  3.2000E-45  2.0510E+02  5.3000E+01  2.1674E+22  2.6461E+20  3.6774E+21
6.0000E-16  1.3000E-15  9.6000E-16  2.2000E-15  7.0000E-22  3.0000E-44  3.2000E-45  2.1486E+02  5.3000E+01  2.1687E+22  2.5356E+20  3.6754E+21
6.0000E-16  1.3000E-15  9.6000E-16  2.2000E-15  7.0000E-22  3.0000E-44  3.2000E-45  2.2510E+02  5.3000E+01  2.1699E+22  2.4339E+20  3.6735E+21
6.0000E-16  1.3000E-15  9.6000E-16  2.2000E-15  7.0000E-22  3.0000E-44  3.2000E-45  2.3581E+02  5.3000E+01  2.1711E+22  2.3311E+20  3.6717E+21
6.0000E-16  1.3000E-15  9.6000E-16  2.2000E-15  7.0000E-22  3.0000E-44  3.2000E-45  2.4704E+02  5.3000E+01  2.1722E+22  2.2366E+20  3.6699E+21
6.0000E-16  1.3000E-15  9.6000E-16  2.2000E-15  7.0000E-22  3.0000E-44  3.2000E-45  2.5881E+02  5.3000E+01  2.1734E+22  2.1419E+20  3.6682E+21
6.0000E-16  1.3000E-15  9.6000E-16  2.2000E-15  7.0000E-22  3.0000E-44  3.2000E-45  2.7113E+02  5.3000E+01  2.1744E+22  2.0548E+20  3.6666E+21
6.0000E-16  1.3000E-15  9.6000E-16  2.2000E-15  7.0000E-22  3.0000E-44  3.2000E-45  2.8404E+02  5.3000E+01  2.1754E+22  1.9682E+20  3.6650E+21
6.0000E-16  1.3000E-15  9.6000E-16  2.2000E-15  7.0000E-22  3.0000E-44  3.2000E-45  2.9756E+02  5.3000E+01  2.1764E+22  1.8827E+20  3.6634E+21
6.0000E-16  1.3000E-15  9.6000E-16  2.2000E-15  7.0000E-22  3.0000E-44  3.2000E-45  3.1173E+02  5.3000E+01  2.1773E+22  1.8043E+20  3.6620E+21
6.0000E-16  1.3000E-15  9.6000E-16  2.2000E-15  7.0000E-22  3.0000E-44  3.2000E-45  3.2658E+02  5.3000E+01  2.1783E+22  1.7273E+20  3.6606E+21
6.0000E-16  1.3000E-15  9.6000E-16  2.2000E-15  7.0000E-22  3.0000E-44  3.2000E-45  3.4213E+02  5.3000E+01  2.1791E+22  1.6566E+20  3.6593E+21
6.0000E-16  1.3000E-15  9.6000E-16  2.2000E-15  7.0000E-22  3.0000E-44  3.2000E-45  3.5842E+02  5.3000E+01  2.1799E+22  1.5873E+20  3.6580E+21
6.0000E-16  1.3000E-15  9.6000E-16  2.2000E-15  7.0000E-22  3.0000E-44  3.2000E-45  3.7548E+02  5.3000E+01  2.1807E+22  1.5197E+20  3.6568E+21
6.0000E-16  1.3000E-15  9.6000E-16  2.2000E-15  7.0000E-22  3.0000E-44  3.2000E-45  3.9336E+02  5.3000E+01  2.1815E+22  1.4541E+20  3.6556E+21
6.0000E-16  1.3000E-15  9.6000E-16  2.2000E-15  7.0000E-22  3.0000E-44  3.2000E-45  4.1209E+02  5.3000E+01  2.1822E+22  1.3908E+20  3.6544E+21
6.0000E-16  1.3000E-15  9.6000E-16  2.2000E-15  7.0000E-22  3.0000E-44  3.2000E-45  4.3171E+02  5.3000E+01  2.1830E+22  1.3299E+20  3.6533E+21
6.0000E-16  1.3000E-15  9.6000E-16  2.2000E-15  7.0000E-22  3.0000E-44  3.2000E-45  4.5227E+02  5.3000E+01  2.1836E+22  1.2740E+20  3.6523E+21
6.0000E-16  1.3000E-15  9.6000E-16  2.2000E-15  7.0000E-22  3.0000E-44  3.2000E-45  4.7380E+02  5.3000E+01  2.1843E+22  1.2178E+20  3.6513E+21
6.0000E-16  1.3000E-15  9.6000E-16  2.2000E-15  7.0000E-22  3.0000E-44  3.2000E-45  4.9637E+02  5.3000E+01  2.1849E+22  1.1663E+20  3.6503E+21
6.0000E-16  1.3000E-15  9.6000E-16  2.2000E-15  7.0000E-22  3.0000E-44  3.2000E-45  5.2000E+02  5.3000E+01  2.1855E+22  1.1149E+20  3.6494E+21