6.0000E-16  1.3000E-15  9.6000E-16  2.2000E-15  7.0000E-22  3.0000E-44  3.2000E-45  5.2000E+00  5.3000E+01  1.9571E+22  2.0420E+21  4.0032E+21
6.0000E-16  1.3000E-15  9.6000E-16  2.2000E-15  7.3333E-22  3.0000E-44  3.2000E-45  5.2000E+00  5.3000E+01  1.9581E+22  2.0330E+21  4.0016E+21
6.0000E-16  1.3000E-15  9.6000E-16  2.2000E-15  7.6825E-22  3.0000E-44  3.2000E-45  5.2000E+00  5.3000E+01  1.9593E+22  2.0236E+21  3.9999E+21
6.0000E-16  1.3000E-15  9.6000E-16  2.2000E-15  8.0483E-22  3.0000E-44  3.2000E-45  5.2000E+00  5.3000E+01  1.9604E+22  2.0137E+21  3.9980E+21
6.0000E-16  1.3000E-15  9.6000E-16  2.2000E-15  8.4315E-22  3.0000E-44  3.2000E-45  5.2000E+00  5.3000E+01  1.9616E+22  2.0037E+21  3.9962E+21
6.0000E-16  1.3000E-15  9.6000E-16  2.2000E-15  8.8330E-22  3.0000E-44  3.2000E-45  5.2000E+00  5.3000E+01  1.9628E+22  1.9932E+21  3.9943E+21
6.0000E-16  1.3000E-15  9.6000E-16  2.2000E-15  9.2536E-22  3.0000E-44  3.2000E-45  5.2000E+00  5.3000E+01  1.9641E+22  1.9824E+21  3.9923E+21
6.0000E-16  1.3000E-15  9.6000E-16  2.2000E-15  9.6942E-22  3.0000E-44  3.2000E-45  5.2000E+00  5.3000E+01  1.9655E+22  1.9712E+21  3.9902E+21
6.0000E-16  1.3000E-15  9.6000E-16  2.2000E-15  1.0156E-21  3.0000E-44  3.2000E-45  5.2000E+00  5.3000E+01  1.9670E+22  1.9584E+21  3.9879E+21
6.0000E-16  1.3000E-15  9.6000E-16  2.2000E-15  1.0639E-21  3.0000E-44  3.2000E-45  5.2000E+00  5.3000E+01  1.9681E+22  1.9485E+21  3.9861E+21
6.0000E-16  1.3000E-15  9.6000E-16  2.2000E-15  1.1146E-21  3.0000E-44  3.2000E-45  5.2000E+00  5.3000E+01  1.9696E+22  1.9362E+21  3.9838E+21
6.0000E-16  1.3000E-15  9.6000E-16  2.2000E-15  1.1677E-21  3.0000E-44  3.2000E-45  5.2000E+00  5.3000E+01  1.9713E+22  1.9217E+21  3.9812E+21
6.0000E-16  1.3000E-15  9.6000E-16  2.2000E-15  1.2233E-21  3.0000E-44  3.2000E-45  5.2000E+00  5.3000E+01  1.9727E+22  1.9098E+21  3.9790E+21
6.0000E-16  1.3000E-15  9.6000E-16  2.2000E-15  1.2815E-21  3.0000E-44  3.2000E-45  5.2000E+00  5.3000E+01  1.9744E+22  1.8957E+21  3.9764E+21
6.0000E-16  1.3000E-15  9.6000E-16  2.2000E-15  1.3425E-21  3.0000E-44  3.2000E-45  5.2000E+00  5.3000E+01  1.9760E+22  1.8819E+21  3.9739E+21
6.0000E-16  1.3000E-15  9.6000E-16  2.2000E-15  1.4065E-21  3.0000E-44  3.2000E-45  5.2000E+00  5.3000E+01  1.9779E+22  1.8660E+21  3.9709E+21
6.0000E-16  1.3000E-15  9.6000E-16  2.2000E-15  1.4734E-21  3.0000E-44  3.2000E-45  5.2000E+00  5.3000E+01  1.9795E+22  1.8526E+21  3.9685E+21
6.0000E-16  1.3000E-15  9.6000E-16  2.2000E-15  1.5436E-21  3.0000E-44  3.2000E-45  5.2000E+00  5.3000E+01  1.9813E+22  1.8372E+21  3.9657E+21
6.0000E-16  1.3000E-15  9.6000E-16  2.2000E-15  1.6171E-21  3.0000E-44  3.2000E-45  5.2000E+00  5.3000E+01  1.9833E+22  1.8200E+21  3.9625E+21
6.0000E-16  1.3000E-15  9.6000E-16  2.2000E-15  1.6941E-21  3.0000E-44  3.2000E-45  5.2000E+00  5.3000E+01  1.9851E+22  1.8052E+21  3.9598E+21
6.0000E-16  1.3000E-15  9.6000E-16  2.2000E-15  1.7748E-21  3.0000E-44  3.2000E-45  5.2000E+00  5.3000E+01  1.9871E+22  1.7886E+21  3.9568E+21
6.0000E-16  1.3000E-15  9.6000E-16  2.2000E-15  1.8593E-21  3.0000E-44  3.2000E-45  5.2000E+00  5.3000E+01  1.9892E+22  1.7703E+21  3.9534E+21
6.0000E-16  1.3000E-15  9.6000E-16  2.2000E-15  1.9478E-21  3.0000E-44  3.2000E-45  5.2000E+00  5.3000E+01  1.9913E+22  1.7524E+21  3.9501E+21
6.0000E-16  1.3000E-15  9.6000E-16  2.2000E-15  2.0405E-21  3.0000E-44  3.2000E-45  5.2000E+00  5.3000E+01  1.9934E+22  1.7349E+21  3.9469E+21
6.0000E-16  1.3000E-15  9.6000E-16  2.2000E-15  2.1377E-21  3.0000E-44  3.2000E-45  5.2000E+00  5.3000E+01  1.9957E+22  1.7159E+21  3.9434E+21
6.0000E-16  1.3000E-15  9.6000E-16  2.2000E-15  2.2395E-21  3.0000E-44  3.2000E-45  5.2000E+00  5.3000E+01  1.9979E+22  1.6973E+21  3.9400E+21
6.0000E-16  1.3000E-15  9.6000E-16  2.2000E-15  2.3461E-21  3.0000E-44  3.2000E-45  5.2000E+00  5.3000E+01  2.0002E+22  1.6774E+21  3.9363E+21
6.0000E-16  1.3000E-15  9.6000E-16  2.2000E-15  2.4578E-21  3.0000E-44  3.2000E-45  5.2000E+00  5.3000E+01  2.0025E+22  1.6579E+21  3.9328E+21
6.0000E-16  1.3000E-15  9.6000E-16  2.2000E-15  2.5749E-21  3.0000E-44  3.2000E-45  5.2000E+00  5.3000E+01  2.0048E+22  1.6389E+21  3.9293E+21
6.0000E-16  1.3000E-15  9.6000E-16  2.2000E-15  2.6975E-21  3.0000E-44  3.2000E-45  5.2000E+00  5.3000E+01  2.0074E+22  1.6170E+21  3.9253E+21
6.0000E-16  1.3000E-15  9.6000E-16  2.2000E-15  2.8259E-21  3.0000E-44  3.2000E-45  5.2000E+00  5.3000E+01  2.0099E+22  1.5958E+21  3.9214E+21
6.0000E-16  1.3000E-15  9.6000E-16  2.2000E-15  2.9605E-21  3.0000E-44  3.2000E-45  5.2000E+00  5.3000E+01  2.0123E+22  1.5751E+21  3.9176E+21
6.0000E-16  1.3000E-15  9.6000E-16  2.2000E-15  3.1014E-21  3.0000E-44  3.2000E-45  5.2000E+00  5.3000E+01  2.0149E+22  1.5535E+21  3.9136E+21
6.0000E-16  1.3000E-15  9.6000E-16  2.2000E-15  3.2491E-21  3.0000E-44  3.2000E-45  5.2000E+00  5.3000E+01  2.0176E+22  1.5310E+21  3.9095E+21
6.0000E-16  1.3000E-15  9.6000E-16  2.2000E-15  3.4038E-21  3.0000E-44  3.2000E-45  5.2000E+00  5.3000E+01  2.0201E+22  1.5091E+21  3.9055E+21
6.0000E-16  1.3000E-15  9.6000E-16  2.2000E-15  3.5659E-21  3.0000E-44  3.2000E-45  5.2000E+00  5.3000E+01  2.0230E+22  1.4852E+21  3.9011E+21
6.0000E-16  1.3000E-15  9.6000E-16  2.2000E-15  3.7357E-21  3.0000E-44  3.2000E-45  5.2000E+00  5.3000E+01  2.0257E+22  1.4620E+21  3.8968E+21
6.0000E-16  1.3000E-15  9.6000E-16  2.2000E-15  3.9136E-21  3.0000E-44  3.2000E-45  5.2000E+00  5.3000E+01  2.0284E+22  1.4395E+21  3.8927E+21
6.0000E-16  1.3000E-15  9.6000E-16  2.2000E-15  4.0999E-21  3.0000E-44  3.2000E-45  5.2000E+00  5.3000E+01  2.0312E+22  1.4153E+21  3.8883E+21
6.0000E-16  1.3000E-15  9.6000E-16  2.2000E-15  4.2951E-21  3.0000E-44  3.2000E-45  5.2000E+00  5.3000E+01  2.0341E+22  1.3907E+21  3.8838E+21
6.0000E-16  1.3000E-15  9.6000E-16  2.2000E-15  4.4997E-21  3.0000E-44  3.2000E-45  5.2000E+00  5.3000E+01  2.0370E+22  1.3670E+21  3.8794E+21
6.0000E-16  1.3000E-15  9.6000E-16  2.2000E-15  4.7139E-21  3.0000E-44  3.2000E-45  5.2000E+00  5.3000E+01  2.0398E+22  1.3429E+21  3.8750E+21
6.0000E-16  1.3000E-15  9.6000E-16  2.2000E-15  4.9384E-21  3.0000E-44  3.2000E-45  5.2000E+00  5.3000E+01  2.0428E+22  1.3176E+21  3.8704E+21
6.0000E-16  1.3000E-15  9.6000E-16  2.2000E-15  5.1735E-21  3.0000E-44  3.2000E-45  5.2000E+00  5.3000E+01  2.0457E+22  1.2932E+21  3.8659E+21
6.0000E-16  1.3000E-15  9.6000E-16  2.2000E-15  5.4198E-21  3.0000E-44  3.2000E-45  5.2000E+00  5.3000E+01  2.0487E+22  1.2678E+21  3.8612E+21
6.0000E-16  1.3000E-15  9.6000E-16  2.2000E-15  5.6779E-21  3.0000E-44  3.2000E-45  5.2000E+00  5.3000E+01  2.0517E+22  1.2424E+21  3.8566E+21
6.0000E-16  1.3000E-15  9.6000E-16  2.2000E-15  5.9483E-21  3.0000E-44  3.2000E-45  5.2000E+00  5.3000E+01  2.0547E+22  1.2171E+21  3.8520E+21
6.0000E-16  1.3000E-15  9.6000E-16  2.2000E-15  6.2315E-21  3.0000E-44  3.2000E-45  5.2000E+00  5.3000E+01  2.0577E+22  1.1920E+21  3.8473E+21
6.0000E-16  1.3000E-15  9.6000E-16  2.2000E-15  6.5282E-21  3.0000E-44  3.2000E-45  5.2000E+00  5.3000E+01  2.0607E+22  1.1662E+21  3.8426E+21
6.0000E-16  1.3000E-15  9.6000E-16  2.2000E-15  6.8391E-21  3.0000E-44  3.2000E-45  5.2000E+00  5.3000E+01  2.0637E+22  1.1408E+21  3.8380E+21
6.0000E-16  1.3000E-15  9.6000E-16  2.2000E-15  7.1647E-21  3.0000E-44  3.2000E-45  5.2000E+00  5.3000E+01  2.0667E+22  1.1157E+21  3.8334E+21
6.0000E-16  1.3000E-15  9.6000E-16  2.2000E-15  7.5059E-21  3.0000E-44  3.2000E-45  5.2000E+00  5.3000E+01  2.0698E+22  1.0896E+21  3.8286E+21
6.0000E-16  1.3000E-15  9.6000E-16  2.2000E-15  7.8633E-21  3.0000E-44  3.2000E-45  5.2000E+00  5.3000E+01  2.0727E+22  1.0646E+21  3.8240E+21
6.0000E-16  1.3000E-15  9.6000E-16  2.2000E-15  8.2377E-21  3.0000E-44  3.2000E-45  5.2000E+00  5.3000E+01  2.0758E+22  1.0388E+21  3.8193E+21
6.0000E-16  1.3000E-15  9.6000E-16  2.2000E-15  8.6299E-21  3.0000E-44  3.2000E-45  5.2000E+00  5.3000E+01  2.0788E+22  1.0137E+21  3.8147E+21
6.0000E-16  1.3000E-15  9.6000E-16  2.2000E-15  9.0408E-21  3.0000E-44  3.2000E-45  5.2000E+00  5.3000E+01  2.0817E+22  9.8853E+20  3.8101E+21
6.0000E-16  1.3000E-15  9.6000E-16  2.2000E-15  9.4713E-21  3.0000E-44  3.2000E-45  5.2000E+00  5.3000E+01  2.0847E+22  9.6349E+20  3.8055E+21
6.0000E-16  1.3000E-15  9.6000E-16  2.2000E-15  9.9223E-21  3.0000E-44  3.2000E-45  5.2000E+00  5.3000E+01  2.0876E+22  9.3864E+20  3.8009E+21
6.0000E-16  1.3000E-15  9.6000E-16  2.2000E-15  1.0395E-20  3.0000E-44  3.2000E-45  5.2000E+00  5.3000E+01  2.0906E+22  9.1353E+20  3.7963E+21
6.0000E-16  1.3000E-15  9.6000E-16  2.2000E-15  1.0890E-20  3.0000E-44  3.2000E-45  5.2000E+00  5.3000E+01  2.0935E+22  8.8879E+20  3.7918E+21
6.0000E-16  1.3000E-15  9.6000E-16  2.2000E-15  1.1408E-20  3.0000E-44  3.2000E-45  5.2000E+00  5.3000E+01  2.0963E+22  8.6537E+20  3.7875E+21
6.0000E-16  1.3000E-15  9.6000E-16  2.2000E-15  1.1951E-20  3.0000E-44  3.2000E-45  5.2000E+00  5.3000E+01  2.0994E+22  8.3888E+20  3.7826E+21
6.0000E-16  1.3000E-15  9.6000E-16  2.2000E-15  1.2521E-20  3.0000E-44  3.2000E-45  5.2000E+00  5.3000E+01  2.1019E+22  8.1803E+20  3.7788E+21
6.0000E-16  1.3000E-15  9.6000E-16  2.2000E-15  1.3117E-20  3.0000E-44  3.2000E-45  5.2000E+00  5.3000E+01  2.1047E+22  7.9435E+20  3.7745E+21
6.0000E-16  1.3000E-15  9.6000E-16  2.2000E-15  1.3741E-20  3.0000E-44  3.2000E-45  5.2000E+00  5.3000E+01  2.1074E+22  7.7203E+20  3.7704E+21
6.0000E-16  1.3000E-15  9.6000E-16  2.2000E-15  1.4396E-20  3.0000E-44  3.2000E-45  5.2000E+00  5.3000E+01  2.1103E+22  7.4754E+20  3.7659E+21
6.0000E-16  1.3000E-15  9.6000E-16  2.2000E-15  1.5081E-20  3.0000E-44  3.2000E-45  5.2000E+00  5.3000E+01  2.1130E+22  7.2457E+20  3.7617E+21
6.0000E-16  1.3000E-15  9.6000E-16  2.2000E-15  1.5799E-20  3.0000E-44  3.2000E-45  5.2000E+00  5.3000E+01  2.1155E+22  7.0299E+20  3.7577E+21
6.0000E-16  1.3000E-15  9.6000E-16  2.2000E-15  1.6551E-20  3.0000E-44  3.2000E-45  5.2000E+00  5.3000E+01  2.1183E+22  6.7987E+20  3.7535E+21
6.0000E-16  1.3000E-15  9.6000E-16  2.2000E-15  1.7340E-20  3.0000E-44  3.2000E-45  5.2000E+00  5.3000E+01  2.1205E+22  6.6086E+20  3.7500E+21
6.0000E-16  1.3000E-15  9.6000E-16  2.2000E-15  1.8165E-20  3.0000E-44  3.2000E-45  5.2000E+00  5.3000E+01  2.1232E+22  6.3794E+20  3.7458E+21
6.0000E-16  1.3000E-15  9.6000E-16  2.2000E-15  1.9030E-20  3.0000E-44  3.2000E-45  5.2000E+00  5.3000E+01  2.1255E+22  6.1887E+20  3.7423E+21
6.0000E-16  1.3000E-15  9.6000E-16  2.2000E-15  1.9936E-20  3.0000E-44  3.2000E-45  5.2000E+00  5.3000E+01  2.1279E+22  5.9875E+20  3.7386E+21
6.0000E-16  1.3000E-15  9.6000E-16  2.2000E-15  2.0886E-20  3.0000E-44  3.2000E-45  5.2000E+00  5.3000E+01  2.1303E+22  5.7789E+20  3.7348E+21
6.0000E-16  1.3000E-15  9.6000E-16  2.2000E-15  2.1880E-20  3.0000E-44  3.2000E-45  5.2000E+00  5.3000E+01  2.1326E+22  5.5844E+20  3.7312E+21
6.0000E-16  1.3000E-15  9.6000E-16  2.2000E-15  2.2922E-20  3.0000E-44  3.2000E-45  5.2000E+00  5.3000E+01  2.1348E+22  5.4027E+20  3.7279E+21
6.0000E-16  1.3000E-15  9.6000E-16  2.2000E-15  2.4013E-20  3.0000E-44  3.2000E-45  5.2000E+00  5.3000E+01  2.1370E+22  5.2160E+20  3.7245E+21
6.0000E-16  1.3000E-15  9.6000E-16  2.2000E-15  2.5157E-20  3.0000E-44  3.2000E-45  5.2000E+00  5.3000E+01  2.1392E+22  5.0267E+20  3.7210E+21
6.0000E-16  1.3000E-15  9.6000E-16  2.2000E-15  2.6355E-20  3.0000E-44  3.2000E-45  5.2000E+00  5.3000E+01  2.1413E+22  4.8507E+20  3.7178E+21
6.0000E-16  1.3000E-15  9.6000E-16  2.2000E-15  2.7609E-20  3.0000E-44  3.2000E-45  5.2000E+00  5.3000E+01  2.1432E+22  4.6867E+20  3.7148E+21
6.0000E-16  1.3000E-15  9.6000E-16  2.2000E-15  2.8924E-20  3.0000E-44  3.2000E-45  5.2000E+00  5.3000E+01  2.1452E+22  4.5211E+20  3.7118E+21
6.0000E-16  1.3000E-15  9.6000E-16  2.2000E-15  3.0301E-20  3.0000E-44  3.2000E-45  5.2000E+00  5.3000E+01  2.1472E+22  4.3554E+20  3.7087E+21
6.0000E-16  1.3000E-15  9.6000E-16  2.2000E-15  3.1744E-20  3.0000E-44  3.2000E-45  5.2000E+00  5.3000E+01  2.1490E+22  4.2016E+20  3.7059E+21
6.0000E-16  1.3000E-15  9.6000E-16  2.2000E-15  3.3256E-20  3.0000E-44  3.2000E-45  5.2000E+00  5.3000E+01  2.1509E+22  4.0385E+20  3.7029E+21
6.0000E-16  1.3000E-15  9.6000E-16  2.2000E-15  3.4839E-20  3.0000E-44  3.2000E-45  5.2000E+00  5.3000E+01  2.1526E+22  3.8968E+20  3.7003E+21
6.0000E-16  1.3000E-15  9.6000E-16  2.2000E-15  3.6498E-20  3.0000E-44  3.2000E-45  5.2000E+00  5.3000E+01  2.1544E+22  3.7478E+20  3.6976E+21
6.0000E-16  1.3000E-15  9.6000E-16  2.2000E-15  3.8236E-20  3.0000E-44  3.2000E-45  5.2000E+00  5.3000E+01  2.1560E+22  3.6098E+20  3.6951E+21
6.0000E-16  1.3000E-15  9.6000E-16  2.2000E-15  4.0057E-20  3.0000E-44  3.2000E-45  5.2000E+00  5.3000E+01  2.1577E+22  3.4672E+20  3.6925E+21
6.0000E-16  1.3000E-15  9.6000E-16  2.2000E-15  4.1964E-20  3.0000E-44  3.2000E-45  5.2000E+00  5.3000E+01  2.1592E+22  3.3354E+20  3.6901E+21
6.0000E-16  1.3000E-15  9.6000E-16  2.2000E-15  4.3962E-20  3.0000E-44  3.2000E-45  5.2000E+00  5.3000E+01  2.1608E+22  3.2071E+20  3.6877E+21
6.0000E-16  1.3000E-15  9.6000E-16  2.2000E-15  4.6055E-20  3.0000E-44  3.2000E-45  5.2000E+00  5.3000E+01  2.1622E+22  3.0827E+20  3.6854E+21
6.0000E-16  1.3000E-15  9.6000E-16  2.2000E-15  4.8248E-20  3.0000E-44  3.2000E-45  5.2000E+00  5.3000E+01  2.1636E+22  2.9676E+20  3.6833E+21
6.0000E-16  1.3000E-15  9.6000E-16  2.2000E-15  5.0546E-20  3.0000E-44  3.2000E-45  5.2000E+00  5.3000E+01  2.1650E+22  2.8509E+20  3.6812E+21
6.0000E-16  1.3000E-15  9.6000E-16  2.2000E-15  5.2952E-20  3.0000E-44  3.2000E-45  5.2000E+00  5.3000E+01  2.1663E+22  2.7342E+20  3.6790E+21
6.0000E-16  1.3000E-15  9.6000E-16  2.2000E-15  5.5474E-20  3.0000E-44  3.2000E-45  5.2000E+00  5.3000E+01  2.1676E+22  2.6266E+20  3.6771E+21
6.0000E-16  1.3000E-15  9.6000E-16  2.2000E-15  5.8115E-20  3.0000E-44  3.2000E-45  5.2000E+00  5.3000E+01  2.1688E+22  2.5234E+20  3.6752E+21
6.0000E-16  1.3000E-15  9.6000E-16  2.2000E-15  6.0882E-20  3.0000E-44  3.2000E-45  5.2000E+00  5.3000E+01  2.1701E+22  2.4210E+20  3.6733E+21
6.0000E-16  1.3000E-15  9.6000E-16  2.2000E-15  6.3781E-20  3.0000E-44  3.2000E-45  5.2000E+00  5.3000E+01  2.1712E+22  2.3233E+20  3.6715E+21
6.0000E-16  1.3000E-15  9.6000E-16  2.2000E-15  6.6818E-20  3.0000E-44  3.2000E-45  5.2000E+00  5.3000E+01  2.1723E+22  2.2302E+20  3.6698E+21
6.0000E-16  1.3000E-15  9.6000E-16  2.2000E-15  7.0000E-20  3.0000E-44  3.2000E-45  5.2000E+00  5.3000E+01  2.1734E+22  2.1388E+20  3.6681E+21