6.0000E-16  1.3000E-15  9.6000E-16  2.2000E-15  7.0000E-22  3.0000E-44  3.2000E-45  5.2000E+00  5.3000E+01  1.9571E+22  2.0420E+21  4.0032E+21
6.0000E-16  1.3000E-15  1.0057E-15  2.2000E-15  7.0000E-22  3.0000E-44  3.2000E-45  5.2000E+00  5.3000E+01  1.9457E+22  2.0176E+21  4.1414E+21
6.0000E-16  1.3000E-15  1.0536E-15  2.2000E-15  7.0000E-22  3.0000E-44  3.2000E-45  5.2000E+00  5.3000E+01  1.9367E+22  1.9986E+21  4.2508E+21
6.0000E-16  1.3000E-15  1.1038E-15  2.2000E-15  7.0000E-22  3.0000E-44  3.2000E-45  5.2000E+00  5.3000E+01  1.9255E+22  1.9753E+21  4.3861E+21
6.0000E-16  1.3000E-15  1.1563E-15  2.2000E-15  7.0000E-22  3.0000E-44  3.2000E-45  5.2000E+00  5.3000E+01  1.9121E+22  1.9481E+21  4.5465E+21
6.0000E-16  1.3000E-15  1.2114E-15  2.2000E-15  7.0000E-22  3.0000E-44  3.2000E-45  5.2000E+00  5.3000E+01  1.9012E+22  1.9261E+21  4.6784E+21
6.0000E-16  1.3000E-15  1.2691E-15  2.2000E-15  7.0000E-22  3.0000E-44  3.2000E-45  5.2000E+00  5.3000E+01  1.8881E+22  1.9003E+21  4.8348E+21
6.0000E-16  1.3000E-15  1.3295E-15  2.2000E-15  7.0000E-22  3.0000E-44  3.2000E-45  5.2000E+00  5.3000E+01  1.8752E+22  1.8753E+21  4.9890E+21
6.0000E-16  1.3000E-15  1.3928E-15  2.2000E-15  7.0000E-22  3.0000E-44  3.2000E-45  5.2000E+00  5.3000E+01  1.8624E+22  1.8509E+21  5.1411E+21
6.0000E-16  1.3000E-15  1.4591E-15  2.2000E-15  7.0000E-22  3.0000E-44  3.2000E-45  5.2000E+00  5.3000E+01  1.8477E+22  1.8234E+21  5.3159E+21
6.0000E-16  1.3000E-15  1.5286E-15  2.2000E-15  7.0000E-22  3.0000E-44  3.2000E-45  5.2000E+00  5.3000E+01  1.8331E+22  1.7967E+21  5.4880E+21
6.0000E-16  1.3000E-15  1.6014E-15  2.2000E-15  7.0000E-22  3.0000E-44  3.2000E-45  5.2000E+00  5.3000E+01  1.8188E+22  1.7709E+21  5.6574E+21
6.0000E-16  1.3000E-15  1.6776E-15  2.2000E-15  7.0000E-22  3.0000E-44  3.2000E-45  5.2000E+00  5.3000E+01  1.8026E+22  1.7423E+21  5.8477E+21
6.0000E-16  1.3000E-15  1.7575E-15  2.2000E-15  7.0000E-22  3.0000E-44  3.2000E-45  5.2000E+00  5.3000E+01  1.7867E+22  1.7147E+21  6.0347E+21
6.0000E-16  1.3000E-15  1.8412E-15  2.2000E-15  7.0000E-22  3.0000E-44  3.2000E-45  5.2000E+00  5.3000E+01  1.7710E+22  1.6880E+21  6.2184E+21
6.0000E-16  1.3000E-15  1.9289E-15  2.2000E-15  7.0000E-22  3.0000E-44  3.2000E-45  5.2000E+00  5.3000E+01  1.7536E+22  1.6591E+21  6.4212E+21
6.0000E-16  1.3000E-15  2.0207E-15  2.2000E-15  7.0000E-22  3.0000E-44  3.2000E-45  5.2000E+00  5.3000E+01  1.7365E+22  1.6312E+21  6.6200E+21
6.0000E-16  1.3000E-15  2.1169E-15  2.2000E-15  7.0000E-22  3.0000E-44  3.2000E-45  5.2000E+00  5.3000E+01  1.7179E+22  1.6013E+21  6.8363E+21
6.0000E-16  1.3000E-15  2.2177E-15  2.2000E-15  7.0000E-22  3.0000E-44  3.2000E-45  5.2000E+00  5.3000E+01  1.6996E+22  1.5727E+21  7.0481E+21
6.0000E-16  1.3000E-15  2.3233E-15  2.2000E-15  7.0000E-22  3.0000E-44  3.2000E-45  5.2000E+00  5.3000E+01  1.6816E+22  1.5451E+21  7.2553E+21
6.0000E-16  1.3000E-15  2.4339E-15  2.2000E-15  7.0000E-22  3.0000E-44  3.2000E-45  5.2000E+00  5.3000E+01  1.6622E+22  1.5159E+21  7.4782E+21
6.0000E-16  1.3000E-15  2.5498E-15  2.2000E-15  7.0000E-22  3.0000E-44  3.2000E-45  5.2000E+00  5.3000E+01  1.6416E+22  1.4855E+21  7.7155E+21
6.0000E-16  1.3000E-15  2.6713E-15  2.2000E-15  7.0000E-22  3.0000E-44  3.2000E-45  5.2000E+00  5.3000E+01  1.6213E+22  1.4563E+21  7.9470E+21
6.0000E-16  1.3000E-15  2.7985E-15  2.2000E-15  7.0000E-22  3.0000E-44  3.2000E-45  5.2000E+00  5.3000E+01  1.6000E+22  1.4261E+21  8.1913E+21
6.0000E-16  1.3000E-15  2.9317E-15  2.2000E-15  7.0000E-22  3.0000E-44  3.2000E-45  5.2000E+00  5.3000E+01  1.5791E+22  1.3972E+21  8.4292E+21
6.0000E-16  1.3000E-15  3.0713E-15  2.2000E-15  7.0000E-22  3.0000E-44  3.2000E-45  5.2000E+00  5.3000E+01  1.5571E+22  1.3674E+21  8.6785E+21
6.0000E-16  1.3000E-15  3.2175E-15  2.2000E-15  7.0000E-22  3.0000E-44  3.2000E-45  5.2000E+00  5.3000E+01  1.5342E+22  1.3370E+21  8.9380E+21
6.0000E-16  1.3000E-15  3.3707E-15  2.2000E-15  7.0000E-22  3.0000E-44  3.2000E-45  5.2000E+00  5.3000E+01  1.5119E+22  1.3081E+21  9.1899E+21
6.0000E-16  1.3000E-15  3.5312E-15  2.2000E-15  7.0000E-22  3.0000E-44  3.2000E-45  5.2000E+00  5.3000E+01  1.4888E+22  1.2787E+21  9.4506E+21
6.0000E-16  1.3000E-15  3.6994E-15  2.2000E-15  7.0000E-22  3.0000E-44  3.2000E-45  5.2000E+00  5.3000E+01  1.4650E+22  1.2489E+21  9.7190E+21
6.0000E-16  1.3000E-15  3.8755E-15  2.2000E-15  7.0000E-22  3.0000E-44  3.2000E-45  5.2000E+00  5.3000E+01  1.4405E+22  1.2190E+21  9.9939E+21
6.0000E-16  1.3000E-15  4.0601E-15  2.2000E-15  7.0000E-22  3.0000E-44  3.2000E-45  5.2000E+00  5.3000E+01  1.4168E+22  1.1907E+21  1.0260E+22
6.0000E-16  1.3000E-15  4.2534E-15  2.2000E-15  7.0000E-22  3.0000E-44  3.2000E-45  5.2000E+00  5.3000E+01  1.3924E+22  1.1621E+21  1.0530E+22
6.0000E-16  1.3000E-15  4.4559E-15  2.2000E-15  7.0000E-22  3.0000E-44  3.2000E-45  5.2000E+00  5.3000E+01  1.3665E+22  1.1323E+21  1.0819E+22
6.0000E-16  1.3000E-15  4.6681E-15  2.2000E-15  7.0000E-22  3.0000E-44  3.2000E-45  5.2000E+00  5.3000E+01  1.3415E+22  1.1041E+21  1.1097E+22
6.0000E-16  1.3000E-15  4.8904E-15  2.2000E-15  7.0000E-22  3.0000E-44  3.2000E-45  5.2000E+00  5.3000E+01  1.3162E+22  1.0761E+21  1.1378E+22
6.0000E-16  1.3000E-15  5.1232E-15  2.2000E-15  7.0000E-22  3.0000E-44  3.2000E-45  5.2000E+00  5.3000E+01  1.2907E+22  1.0485E+21  1.1660E+22
6.0000E-16  1.3000E-15  5.3672E-15  2.2000E-15  7.0000E-22  3.0000E-44  3.2000E-45  5.2000E+00  5.3000E+01  1.2641E+22  1.0201E+21  1.1955E+22
6.0000E-16  1.3000E-15  5.6227E-15  2.2000E-15  7.0000E-22  3.0000E-44  3.2000E-45  5.2000E+00  5.3000E+01  1.2385E+22  9.9330E+20  1.2238E+22
6.0000E-16  1.3000E-15  5.8905E-15  2.2000E-15  7.0000E-22  3.0000E-44  3.2000E-45  5.2000E+00  5.3000E+01  1.2120E+22  9.6601E+20  1.2530E+22
6.0000E-16  1.3000E-15  6.1710E-15  2.2000E-15  7.0000E-22  3.0000E-44  3.2000E-45  5.2000E+00  5.3000E+01  1.1856E+22  9.3934E+20  1.2821E+22
6.0000E-16  1.3000E-15  6.4648E-15  2.2000E-15  7.0000E-22  3.0000E-44  3.2000E-45  5.2000E+00  5.3000E+01  1.1594E+22  9.1332E+20  1.3109E+22
6.0000E-16  1.3000E-15  6.7726E-15  2.2000E-15  7.0000E-22  3.0000E-44  3.2000E-45  5.2000E+00  5.3000E+01  1.1326E+22  8.8714E+20  1.3403E+22
6.0000E-16  1.3000E-15  7.0951E-15  2.2000E-15  7.0000E-22  3.0000E-44  3.2000E-45  5.2000E+00  5.3000E+01  1.1054E+22  8.6097E+20  1.3701E+22
6.0000E-16  1.3000E-15  7.4329E-15  2.2000E-15  7.0000E-22  3.0000E-44  3.2000E-45  5.2000E+00  5.3000E+01  1.0794E+22  8.3639E+20  1.3986E+22
6.0000E-16  1.3000E-15  7.7869E-15  2.2000E-15  7.0000E-22  3.0000E-44  3.2000E-45  5.2000E+00  5.3000E+01  1.0524E+22  8.1120E+20  1.4281E+22
6.0000E-16  1.3000E-15  8.1576E-15  2.2000E-15  7.0000E-22  3.0000E-44  3.2000E-45  5.2000E+00  5.3000E+01  1.0259E+22  7.8693E+20  1.4570E+22
6.0000E-16  1.3000E-15  8.5461E-15  2.2000E-15  7.0000E-22  3.0000E-44  3.2000E-45  5.2000E+00  5.3000E+01  9.9946E+21  7.6295E+20  1.4858E+22
6.0000E-16  1.3000E-15  8.9530E-15  2.2000E-15  7.0000E-22  3.0000E-44  3.2000E-45  5.2000E+00  5.3000E+01  9.7365E+21  7.3989E+20  1.5140E+22
6.0000E-16  1.3000E-15  9.3793E-15  2.2000E-15  7.0000E-22  3.0000E-44  3.2000E-45  5.2000E+00  5.3000E+01  9.4732E+21  7.1668E+20  1.5426E+22
6.0000E-16  1.3000E-15  9.8259E-15  2.2000E-15  7.0000E-22  3.0000E-44  3.2000E-45  5.2000E+00  5.3000E+01  9.2123E+21  6.9397E+20  1.5710E+22
6.0000E-16  1.3000E-15  1.0294E-14  2.2000E-15  7.0000E-22  3.0000E-44  3.2000E-45  5.2000E+00  5.3000E+01  8.9543E+21  6.7179E+20  1.5990E+22
6.0000E-16  1.3000E-15  1.0784E-14  2.2000E-15  7.0000E-22  3.0000E-44  3.2000E-45  5.2000E+00  5.3000E+01  8.6951E+21  6.4977E+20  1.6271E+22
6.0000E-16  1.3000E-15  1.1297E-14  2.2000E-15  7.0000E-22  3.0000E-44  3.2000E-45  5.2000E+00  5.3000E+01  8.4503E+21  6.2919E+20  1.6536E+22
6.0000E-16  1.3000E-15  1.1835E-14  2.2000E-15  7.0000E-22  3.0000E-44  3.2000E-45  5.2000E+00  5.3000E+01  8.2186E+21  6.0993E+20  1.6787E+22
6.0000E-16  1.3000E-15  1.2399E-14  2.2000E-15  7.0000E-22  3.0000E-44  3.2000E-45  5.2000E+00  5.3000E+01  7.9566E+21  5.8836E+20  1.7071E+22
6.0000E-16  1.3000E-15  1.2989E-14  2.2000E-15  7.0000E-22  3.0000E-44  3.2000E-45  5.2000E+00  5.3000E+01  7.7106E+21  5.6832E+20  1.7337E+22
6.0000E-16  1.3000E-15  1.3608E-14  2.2000E-15  7.0000E-22  3.0000E-44  3.2000E-45  5.2000E+00  5.3000E+01  7.4792E+21  5.4963E+20  1.7587E+22
6.0000E-16  1.3000E-15  1.4256E-14  2.2000E-15  7.0000E-22  3.0000E-44  3.2000E-45  5.2000E+00  5.3000E+01  7.2260E+21  5.2937E+20  1.7861E+22
6.0000E-16  1.3000E-15  1.4934E-14  2.2000E-15  7.0000E-22  3.0000E-44  3.2000E-45  5.2000E+00  5.3000E+01  7.0220E+21  5.1319E+20  1.8081E+22
6.0000E-16  1.3000E-15  1.5646E-14  2.2000E-15  7.0000E-22  3.0000E-44  3.2000E-45  5.2000E+00  5.3000E+01  6.7981E+21  4.9555E+20  1.8322E+22
6.0000E-16  1.3000E-15  1.6391E-14  2.2000E-15  7.0000E-22  3.0000E-44  3.2000E-45  5.2000E+00  5.3000E+01  6.5588E+21  4.7685E+20  1.8580E+22
6.0000E-16  1.3000E-15  1.7171E-14  2.2000E-15  7.0000E-22  3.0000E-44  3.2000E-45  5.2000E+00  5.3000E+01  6.3357E+21  4.5954E+20  1.8821E+22
6.0000E-16  1.3000E-15  1.7989E-14  2.2000E-15  7.0000E-22  3.0000E-44  3.2000E-45  5.2000E+00  5.3000E+01  6.1271E+21  4.4348E+20  1.9045E+22
6.0000E-16  1.3000E-15  1.8845E-14  2.2000E-15  7.0000E-22  3.0000E-44  3.2000E-45  5.2000E+00  5.3000E+01  5.9317E+21  4.2851E+20  1.9256E+22
6.0000E-16  1.3000E-15  1.9743E-14  2.2000E-15  7.0000E-22  3.0000E-44  3.2000E-45  5.2000E+00  5.3000E+01  5.7262E+21  4.1287E+20  1.9477E+22
6.0000E-16  1.3000E-15  2.0683E-14  2.2000E-15  7.0000E-22  3.0000E-44  3.2000E-45  5.2000E+00  5.3000E+01  5.5138E+21  3.9679E+20  1.9705E+22
6.0000E-16  1.3000E-15  2.1667E-14  2.2000E-15  7.0000E-22  3.0000E-44  3.2000E-45  5.2000E+00  5.3000E+01  5.3165E+21  3.8194E+20  1.9917E+22
6.0000E-16  1.3000E-15  2.2699E-14  2.2000E-15  7.0000E-22  3.0000E-44  3.2000E-45  5.2000E+00  5.3000E+01  5.1328E+21  3.6817E+20  2.0115E+22
6.0000E-16  1.3000E-15  2.3780E-14  2.2000E-15  7.0000E-22  3.0000E-44  3.2000E-45  5.2000E+00  5.3000E+01  4.9447E+21  3.5415E+20  2.0317E+22
6.0000E-16  1.3000E-15  2.4912E-14  2.2000E-15  7.0000E-22  3.0000E-44  3.2000E-45  5.2000E+00  5.3000E+01  4.7699E+21  3.4117E+20  2.0505E+22
6.0000E-16  1.3000E-15  2.6098E-14  2.2000E-15  7.0000E-22  3.0000E-44  3.2000E-45  5.2000E+00  5.3000E+01  4.5927E+21  3.2807E+20  2.0695E+22
6.0000E-16  1.3000E-15  2.7341E-14  2.2000E-15  7.0000E-22  3.0000E-44  3.2000E-45  5.2000E+00  5.3000E+01  4.4281E+21  3.1594E+20  2.0872E+22
6.0000E-16  1.3000E-15  2.8643E-14  2.2000E-15  7.0000E-22  3.0000E-44  3.2000E-45  5.2000E+00  5.3000E+01  4.2626E+21  3.0379E+20  2.1050E+22
6.0000E-16  1.3000E-15  3.0007E-14  2.2000E-15  7.0000E-22  3.0000E-44  3.2000E-45  5.2000E+00  5.3000E+01  4.0976E+21  2.9172E+20  2.1227E+22
6.0000E-16  1.3000E-15  3.1436E-14  2.2000E-15  7.0000E-22  3.0000E-44  3.2000E-45  5.2000E+00  5.3000E+01  3.9448E+21  2.8057E+20  2.1391E+22
6.0000E-16  1.3000E-15  3.2933E-14  2.2000E-15  7.0000E-22  3.0000E-44  3.2000E-45  5.2000E+00  5.3000E+01  3.7932E+21  2.6955E+20  2.1553E+22
6.0000E-16  1.3000E-15  3.4501E-14  2.2000E-15  7.0000E-22  3.0000E-44  3.2000E-45  5.2000E+00  5.3000E+01  3.6439E+21  2.5872E+20  2.1713E+22
6.0000E-16  1.3000E-15  3.6143E-14  2.2000E-15  7.0000E-22  3.0000E-44  3.2000E-45  5.2000E+00  5.3000E+01  3.5058E+21  2.4873E+20  2.1861E+22
6.0000E-16  1.3000E-15  3.7864E-14  2.2000E-15  7.0000E-22  3.0000E-44  3.2000E-45  5.2000E+00  5.3000E+01  3.3624E+21  2.3838E+20  2.2015E+22
6.0000E-16  1.3000E-15  3.9667E-14  2.2000E-15  7.0000E-22  3.0000E-44  3.2000E-45  5.2000E+00  5.3000E+01  3.2303E+21  2.2886E+20  2.2157E+22
6.0000E-16  1.3000E-15  4.1556E-14  2.2000E-15  7.0000E-22  3.0000E-44  3.2000E-45  5.2000E+00  5.3000E+01  3.1016E+21  2.1961E+20  2.2295E+22
6.0000E-16  1.3000E-15  4.3535E-14  2.2000E-15  7.0000E-22  3.0000E-44  3.2000E-45  5.2000E+00  5.3000E+01  2.9827E+21  2.1108E+20  2.2422E+22
6.0000E-16  1.3000E-15  4.5608E-14  2.2000E-15  7.0000E-22  3.0000E-44  3.2000E-45  5.2000E+00  5.3000E+01  2.8615E+21  2.0239E+20  2.2552E+22
6.0000E-16  1.3000E-15  4.7779E-14  2.2000E-15  7.0000E-22  3.0000E-44  3.2000E-45  5.2000E+00  5.3000E+01  2.7449E+21  1.9404E+20  2.2679E+22
6.0000E-16  1.3000E-15  5.0054E-14  2.2000E-15  7.0000E-22  3.0000E-44  3.2000E-45  5.2000E+00  5.3000E+01  2.6325E+21  1.8601E+20  2.2800E+22
6.0000E-16  1.3000E-15  5.2438E-14  2.2000E-15  7.0000E-22  3.0000E-44  3.2000E-45  5.2000E+00  5.3000E+01  2.5289E+21  1.7862E+20  2.2910E+22
6.0000E-16  1.3000E-15  5.4935E-14  2.2000E-15  7.0000E-22  3.0000E-44  3.2000E-45  5.2000E+00  5.3000E+01  2.4251E+21  1.7123E+20  2.3021E+22
6.0000E-16  1.3000E-15  5.7550E-14  2.2000E-15  7.0000E-22  3.0000E-44  3.2000E-45  5.2000E+00  5.3000E+01  2.3222E+21  1.6391E+20  2.3131E+22
6.0000E-16  1.3000E-15  6.0291E-14  2.2000E-15  7.0000E-22  3.0000E-44  3.2000E-45  5.2000E+00  5.3000E+01  2.2277E+21  1.5719E+20  2.3232E+22
6.0000E-16  1.3000E-15  6.3162E-14  2.2000E-15  7.0000E-22  3.0000E-44  3.2000E-45  5.2000E+00  5.3000E+01  2.1343E+21  1.5056E+20  2.3332E+22
6.0000E-16  1.3000E-15  6.6169E-14  2.2000E-15  7.0000E-22  3.0000E-44  3.2000E-45  5.2000E+00  5.3000E+01  2.0457E+21  1.4427E+20  2.3427E+22
6.0000E-16  1.3000E-15  6.9320E-14  2.2000E-15  7.0000E-22  3.0000E-44  3.2000E-45  5.2000E+00  5.3000E+01  1.9615E+21  1.3829E+20  2.3517E+22
6.0000E-16  1.3000E-15  7.2620E-14  2.2000E-15  7.0000E-22  3.0000E-44  3.2000E-45  5.2000E+00  5.3000E+01  1.8791E+21  1.3246E+20  2.3605E+22
6.0000E-16  1.3000E-15  7.6078E-14  2.2000E-15  7.0000E-22  3.0000E-44  3.2000E-45  5.2000E+00  5.3000E+01  1.7990E+21  1.2679E+20  2.3691E+22
6.0000E-16  1.3000E-15  7.9701E-14  2.2000E-15  7.0000E-22  3.0000E-44  3.2000E-45  5.2000E+00  5.3000E+01  1.7234E+21  1.2144E+20  2.3772E+22
6.0000E-16  1.3000E-15  8.3496E-14  2.2000E-15  7.0000E-22  3.0000E-44  3.2000E-45  5.2000E+00  5.3000E+01  1.6502E+21  1.1626E+20  2.3850E+22
6.0000E-16  1.3000E-15  8.7472E-14  2.2000E-15  7.0000E-22  3.0000E-44  3.2000E-45  5.2000E+00  5.3000E+01  1.5796E+21  1.1127E+20  2.3925E+22
6.0000E-16  1.3000E-15  9.1637E-14  2.2000E-15  7.0000E-22  3.0000E-44  3.2000E-45  5.2000E+00  5.3000E+01  1.5132E+21  1.0658E+20  2.3996E+22
6.0000E-16  1.3000E-15  9.6000E-14  2.2000E-15  7.0000E-22  3.0000E-44  3.2000E-45  5.2000E+00  5.3000E+01  1.4479E+21  1.0197E+20  2.4066E+22