6.0000E-16  1.3000E-15  9.6000E-16  2.2000E-15  7.0000E-22  3.0000E-44  3.2000E-45  5.2000E+00  5.3000E+01  1.9571E+22  2.0420E+21  4.0032E+21
6.0000E-16  1.3000E-15  9.6000E-16  2.2000E-15  7.0000E-22  3.0000E-44  3.2000E-45  5.2000E+00  5.5524E+01  1.9693E+22  2.0686E+21  3.8545E+21
6.0000E-16  1.3000E-15  9.6000E-16  2.2000E-15  7.0000E-22  3.0000E-44  3.2000E-45  5.2000E+00  5.8167E+01  1.9815E+22  2.0956E+21  3.7058E+21
6.0000E-16  1.3000E-15  9.6000E-16  2.2000E-15  7.0000E-22  3.0000E-44  3.2000E-45  5.2000E+00  6.0937E+01  1.9927E+22  2.1210E+21  3.5681E+21
6.0000E-16  1.3000E-15  9.6000E-16  2.2000E-15  7.0000E-22  3.0000E-44  3.2000E-45  5.2000E+00  6.3839E+01  2.0038E+22  2.1466E+21  3.4312E+21
6.0000E-16  1.3000E-15  9.6000E-16  2.2000E-15  7.0000E-22  3.0000E-44  3.2000E-45  5.2000E+00  6.6878E+01  2.0148E+22  2.1722E+21  3.2961E+21
6.0000E-16  1.3000E-15  9.6000E-16  2.2000E-15  7.0000E-22  3.0000E-44  3.2000E-45  5.2000E+00  7.0063E+01  2.0252E+22  2.1970E+21  3.1673E+21
6.0000E-16  1.3000E-15  9.6000E-16  2.2000E-15  7.0000E-22  3.0000E-44  3.2000E-45  5.2000E+00  7.3399E+01  2.0350E+22  2.2209E+21  3.0447E+21
6.0000E-16  1.3000E-15  9.6000E-16  2.2000E-15  7.0000E-22  3.0000E-44  3.2000E-45  5.2000E+00  7.6894E+01  2.0447E+22  2.2446E+21  2.9246E+21
6.0000E-16  1.3000E-15  9.6000E-16  2.2000E-15  7.0000E-22  3.0000E-44  3.2000E-45  5.2000E+00  8.0555E+01  2.0540E+22  2.2681E+21  2.8075E+21
6.0000E-16  1.3000E-15  9.6000E-16  2.2000E-15  7.0000E-22  3.0000E-44  3.2000E-45  5.2000E+00  8.4391E+01  2.0629E+22  2.2906E+21  2.6966E+21
6.0000E-16  1.3000E-15  9.6000E-16  2.2000E-15  7.0000E-22  3.0000E-44  3.2000E-45  5.2000E+00  8.8409E+01  2.0714E+22  2.3126E+21  2.5890E+21
6.0000E-16  1.3000E-15  9.6000E-16  2.2000E-15  7.0000E-22  3.0000E-44  3.2000E-45  5.2000E+00  9.2619E+01  2.0797E+22  2.3343E+21  2.4849E+21
6.0000E-16  1.3000E-15  9.6000E-16  2.2000E-15  7.0000E-22  3.0000E-44  3.2000E-45  5.2000E+00  9.7029E+01  2.0876E+22  2.3554E+21  2.3844E+21
6.0000E-16  1.3000E-15  9.6000E-16  2.2000E-15  7.0000E-22  3.0000E-44  3.2000E-45  5.2000E+00  1.0165E+02  2.0959E+22  2.3776E+21  2.2797E+21
6.0000E-16  1.3000E-15  9.6000E-16  2.2000E-15  7.0000E-22  3.0000E-44  3.2000E-45  5.2000E+00  1.0649E+02  2.1019E+22  2.3942E+21  2.2024E+21
6.0000E-16  1.3000E-15  9.6000E-16  2.2000E-15  7.0000E-22  3.0000E-44  3.2000E-45  5.2000E+00  1.1156E+02  2.1103E+22  2.4174E+21  2.0957E+21
6.0000E-16  1.3000E-15  9.6000E-16  2.2000E-15  7.0000E-22  3.0000E-44  3.2000E-45  5.2000E+00  1.1687E+02  2.1166E+22  2.4352E+21  2.0144E+21
6.0000E-16  1.3000E-15  9.6000E-16  2.2000E-15  7.0000E-22  3.0000E-44  3.2000E-45  5.2000E+00  1.2244E+02  2.1225E+22  2.4519E+21  1.9391E+21
6.0000E-16  1.3000E-15  9.6000E-16  2.2000E-15  7.0000E-22  3.0000E-44  3.2000E-45  5.2000E+00  1.2827E+02  2.1289E+22  2.4705E+21  1.8560E+21
6.0000E-16  1.3000E-15  9.6000E-16  2.2000E-15  7.0000E-22  3.0000E-44  3.2000E-45  5.2000E+00  1.3437E+02  2.1349E+22  2.4877E+21  1.7796E+21
6.0000E-16  1.3000E-15  9.6000E-16  2.2000E-15  7.0000E-22  3.0000E-44  3.2000E-45  5.2000E+00  1.4077E+02  2.1412E+22  2.5062E+21  1.6981E+21
6.0000E-16  1.3000E-15  9.6000E-16  2.2000E-15  7.0000E-22  3.0000E-44  3.2000E-45  5.2000E+00  1.4748E+02  2.1461E+22  2.5210E+21  1.6340E+21
6.0000E-16  1.3000E-15  9.6000E-16  2.2000E-15  7.0000E-22  3.0000E-44  3.2000E-45  5.2000E+00  1.5450E+02  2.1514E+22  2.5369E+21  1.5651E+21
6.0000E-16  1.3000E-15  9.6000E-16  2.2000E-15  7.0000E-22  3.0000E-44  3.2000E-45  5.2000E+00  1.6185E+02  2.1569E+22  2.5537E+21  1.4931E+21
6.0000E-16  1.3000E-15  9.6000E-16  2.2000E-15  7.0000E-22  3.0000E-44  3.2000E-45  5.2000E+00  1.6956E+02  2.1619E+22  2.5692E+21  1.4274E+21
6.0000E-16  1.3000E-15  9.6000E-16  2.2000E-15  7.0000E-22  3.0000E-44  3.2000E-45  5.2000E+00  1.7763E+02  2.1665E+22  2.5834E+21  1.3673E+21
6.0000E-16  1.3000E-15  9.6000E-16  2.2000E-15  7.0000E-22  3.0000E-44  3.2000E-45  5.2000E+00  1.8609E+02  2.1707E+22  2.5966E+21  1.3120E+21
6.0000E-16  1.3000E-15  9.6000E-16  2.2000E-15  7.0000E-22  3.0000E-44  3.2000E-45  5.2000E+00  1.9495E+02  2.1751E+22  2.6104E+21  1.2550E+21
6.0000E-16  1.3000E-15  9.6000E-16  2.2000E-15  7.0000E-22  3.0000E-44  3.2000E-45  5.2000E+00  2.0424E+02  2.1790E+22  2.6230E+21  1.2026E+21
6.0000E-16  1.3000E-15  9.6000E-16  2.2000E-15  7.0000E-22  3.0000E-44  3.2000E-45  5.2000E+00  2.1396E+02  2.1830E+22  2.6360E+21  1.1494E+21
6.0000E-16  1.3000E-15  9.6000E-16  2.2000E-15  7.0000E-22  3.0000E-44  3.2000E-45  5.2000E+00  2.2415E+02  2.1867E+22  2.6480E+21  1.1007E+21
6.0000E-16  1.3000E-15  9.6000E-16  2.2000E-15  7.0000E-22  3.0000E-44  3.2000E-45  5.2000E+00  2.3482E+02  2.1904E+22  2.6600E+21  1.0517E+21
6.0000E-16  1.3000E-15  9.6000E-16  2.2000E-15  7.0000E-22  3.0000E-44  3.2000E-45  5.2000E+00  2.4600E+02  2.1938E+22  2.6712E+21  1.0068E+21
6.0000E-16  1.3000E-15  9.6000E-16  2.2000E-15  7.0000E-22  3.0000E-44  3.2000E-45  5.2000E+00  2.5772E+02  2.1972E+22  2.6823E+21  9.6207E+20
6.0000E-16  1.3000E-15  9.6000E-16  2.2000E-15  7.0000E-22  3.0000E-44  3.2000E-45  5.2000E+00  2.6999E+02  2.2002E+22  2.6926E+21  9.2112E+20
6.0000E-16  1.3000E-15  9.6000E-16  2.2000E-15  7.0000E-22  3.0000E-44  3.2000E-45  5.2000E+00  2.8285E+02  2.2033E+22  2.7029E+21  8.8052E+20
6.0000E-16  1.3000E-15  9.6000E-16  2.2000E-15  7.0000E-22  3.0000E-44  3.2000E-45  5.2000E+00  2.9631E+02  2.2060E+22  2.7123E+21  8.4335E+20
6.0000E-16  1.3000E-15  9.6000E-16  2.2000E-15  7.0000E-22  3.0000E-44  3.2000E-45  5.2000E+00  3.1042E+02  2.2088E+22  2.7216E+21  8.0668E+20
6.0000E-16  1.3000E-15  9.6000E-16  2.2000E-15  7.0000E-22  3.0000E-44  3.2000E-45  5.2000E+00  3.2520E+02  2.2114E+22  2.7308E+21  7.7077E+20
6.0000E-16  1.3000E-15  9.6000E-16  2.2000E-15  7.0000E-22  3.0000E-44  3.2000E-45  5.2000E+00  3.4069E+02  2.2140E+22  2.7398E+21  7.3583E+20
6.0000E-16  1.3000E-15  9.6000E-16  2.2000E-15  7.0000E-22  3.0000E-44  3.2000E-45  5.2000E+00  3.5691E+02  2.2164E+22  2.7480E+21  7.0393E+20
6.0000E-16  1.3000E-15  9.6000E-16  2.2000E-15  7.0000E-22  3.0000E-44  3.2000E-45  5.2000E+00  3.7390E+02  2.2187E+22  2.7560E+21  6.7292E+20
6.0000E-16  1.3000E-15  9.6000E-16  2.2000E-15  7.0000E-22  3.0000E-44  3.2000E-45  5.2000E+00  3.9171E+02  2.2209E+22  2.7638E+21  6.4294E+20
6.0000E-16  1.3000E-15  9.6000E-16  2.2000E-15  7.0000E-22  3.0000E-44  3.2000E-45  5.2000E+00  4.1036E+02  2.2229E+22  2.7710E+21  6.1551E+20
6.0000E-16  1.3000E-15  9.6000E-16  2.2000E-15  7.0000E-22  3.0000E-44  3.2000E-45  5.2000E+00  4.2990E+02  2.2250E+22  2.7783E+21  5.8766E+20
6.0000E-16  1.3000E-15  9.6000E-16  2.2000E-15  7.0000E-22  3.0000E-44  3.2000E-45  5.2000E+00  4.5037E+02  2.2269E+22  2.7850E+21  5.6222E+20
6.0000E-16  1.3000E-15  9.6000E-16  2.2000E-15  7.0000E-22  3.0000E-44  3.2000E-45  5.2000E+00  4.7181E+02  2.2288E+22  2.7917E+21  5.3667E+20
6.0000E-16  1.3000E-15  9.6000E-16  2.2000E-15  7.0000E-22  3.0000E-44  3.2000E-45  5.2000E+00  4.9428E+02  2.2305E+22  2.7979E+21  5.1333E+20
6.0000E-16  1.3000E-15  9.6000E-16  2.2000E-15  7.0000E-22  3.0000E-44  3.2000E-45  5.2000E+00  5.1782E+02  2.2320E+22  2.8038E+21  4.9004E+20
6.0000E-16  1.3000E-15  9.6000E-16  2.2000E-15  7.0000E-22  3.0000E-44  3.2000E-45  5.2000E+00  5.4247E+02  2.2335E+22  2.8095E+21  4.6882E+20
6.0000E-16  1.3000E-15  9.6000E-16  2.2000E-15  7.0000E-22  3.0000E-44  3.2000E-45  5.2000E+00  5.6830E+02  2.2351E+22  2.8151E+21  4.4780E+20
6.0000E-16  1.3000E-15  9.6000E-16  2.2000E-15  7.0000E-22  3.0000E-44  3.2000E-45  5.2000E+00  5.9536E+02  2.2366E+22  2.8204E+21  4.2789E+20
6.0000E-16  1.3000E-15  9.6000E-16  2.2000E-15  7.0000E-22  3.0000E-44  3.2000E-45  5.2000E+00  6.2371E+02  2.2380E+22  2.8257E+21  4.0838E+20
6.0000E-16  1.3000E-15  9.6000E-16  2.2000E-15  7.0000E-22  3.0000E-44  3.2000E-45  5.2000E+00  6.5341E+02  2.2393E+22  2.8305E+21  3.9057E+20
6.0000E-16  1.3000E-15  9.6000E-16  2.2000E-15  7.0000E-22  3.0000E-44  3.2000E-45  5.2000E+00  6.8452E+02  2.2407E+22  2.8353E+21  3.7265E+20
6.0000E-16  1.3000E-15  9.6000E-16  2.2000E-15  7.0000E-22  3.0000E-44  3.2000E-45  5.2000E+00  7.1712E+02  2.2419E+22  2.8398E+21  3.5629E+20
6.0000E-16  1.3000E-15  9.6000E-16  2.2000E-15  7.0000E-22  3.0000E-44  3.2000E-45  5.2000E+00  7.5126E+02  2.2430E+22  2.8441E+21  3.4041E+20
6.0000E-16  1.3000E-15  9.6000E-16  2.2000E-15  7.0000E-22  3.0000E-44  3.2000E-45  5.2000E+00  7.8703E+02  2.2442E+22  2.8482E+21  3.2508E+20
6.0000E-16  1.3000E-15  9.6000E-16  2.2000E-15  7.0000E-22  3.0000E-44  3.2000E-45  5.2000E+00  8.2451E+02  2.2452E+22  2.8522E+21  3.1032E+20
6.0000E-16  1.3000E-15  9.6000E-16  2.2000E-15  7.0000E-22  3.0000E-44  3.2000E-45  5.2000E+00  8.6377E+02  2.2463E+22  2.8560E+21  2.9651E+20
6.0000E-16  1.3000E-15  9.6000E-16  2.2000E-15  7.0000E-22  3.0000E-44  3.2000E-45  5.2000E+00  9.0490E+02  2.2472E+22  2.8596E+21  2.8325E+20
6.0000E-16  1.3000E-15  9.6000E-16  2.2000E-15  7.0000E-22  3.0000E-44  3.2000E-45  5.2000E+00  9.4798E+02  2.2482E+22  2.8631E+21  2.7057E+20
6.0000E-16  1.3000E-15  9.6000E-16  2.2000E-15  7.0000E-22  3.0000E-44  3.2000E-45  5.2000E+00  9.9312E+02  2.2490E+22  2.8664E+21  2.5845E+20
6.0000E-16  1.3000E-15  9.6000E-16  2.2000E-15  7.0000E-22  3.0000E-44  3.2000E-45  5.2000E+00  1.0404E+03  2.2499E+22  2.8696E+21  2.4691E+20
6.0000E-16  1.3000E-15  9.6000E-16  2.2000E-15  7.0000E-22  3.0000E-44  3.2000E-45  5.2000E+00  1.0900E+03  2.2507E+22  2.8727E+21  2.3570E+20
6.0000E-16  1.3000E-15  9.6000E-16  2.2000E-15  7.0000E-22  3.0000E-44  3.2000E-45  5.2000E+00  1.1419E+03  2.2514E+22  2.8755E+21  2.2547E+20
6.0000E-16  1.3000E-15  9.6000E-16  2.2000E-15  7.0000E-22  3.0000E-44  3.2000E-45  5.2000E+00  1.1962E+03  2.2523E+22  2.8786E+21  2.1431E+20
6.0000E-16  1.3000E-15  9.6000E-16  2.2000E-15  7.0000E-22  3.0000E-44  3.2000E-45  5.2000E+00  1.2532E+03  2.2529E+22  2.8809E+21  2.0582E+20
6.0000E-16  1.3000E-15  9.6000E-16  2.2000E-15  7.0000E-22  3.0000E-44  3.2000E-45  5.2000E+00  1.3129E+03  2.2536E+22  2.8835E+21  1.9648E+20
6.0000E-16  1.3000E-15  9.6000E-16  2.2000E-15  7.0000E-22  3.0000E-44  3.2000E-45  5.2000E+00  1.3754E+03  2.2543E+22  2.8862E+21  1.8660E+20
6.0000E-16  1.3000E-15  9.6000E-16  2.2000E-15  7.0000E-22  3.0000E-44  3.2000E-45  5.2000E+00  1.4409E+03  2.2548E+22  2.8884E+21  1.7889E+20
6.0000E-16  1.3000E-15  9.6000E-16  2.2000E-15  7.0000E-22  3.0000E-44  3.2000E-45  5.2000E+00  1.5095E+03  2.2554E+22  2.8906E+21  1.7066E+20
6.0000E-16  1.3000E-15  9.6000E-16  2.2000E-15  7.0000E-22  3.0000E-44  3.2000E-45  5.2000E+00  1.5813E+03  2.2560E+22  2.8927E+21  1.6316E+20
6.0000E-16  1.3000E-15  9.6000E-16  2.2000E-15  7.0000E-22  3.0000E-44  3.2000E-45  5.2000E+00  1.6566E+03  2.2565E+22  2.8949E+21  1.5535E+20
6.0000E-16  1.3000E-15  9.6000E-16  2.2000E-15  7.0000E-22  3.0000E-44  3.2000E-45  5.2000E+00  1.7355E+03  2.2571E+22  2.8969E+21  1.4826E+20
6.0000E-16  1.3000E-15  9.6000E-16  2.2000E-15  7.0000E-22  3.0000E-44  3.2000E-45  5.2000E+00  1.8181E+03  2.2575E+22  2.8987E+21  1.4179E+20
6.0000E-16  1.3000E-15  9.6000E-16  2.2000E-15  7.0000E-22  3.0000E-44  3.2000E-45  5.2000E+00  1.9047E+03  2.2580E+22  2.9003E+21  1.3585E+20
6.0000E-16  1.3000E-15  9.6000E-16  2.2000E-15  7.0000E-22  3.0000E-44  3.2000E-45  5.2000E+00  1.9954E+03  2.2584E+22  2.9022E+21  1.2910E+20
6.0000E-16  1.3000E-15  9.6000E-16  2.2000E-15  7.0000E-22  3.0000E-44  3.2000E-45  5.2000E+00  2.0904E+03  2.2588E+22  2.9037E+21  1.2357E+20
6.0000E-16  1.3000E-15  9.6000E-16  2.2000E-15  7.0000E-22  3.0000E-44  3.2000E-45  5.2000E+00  2.1900E+03  2.2593E+22  2.9053E+21  1.1796E+20
6.0000E-16  1.3000E-15  9.6000E-16  2.2000E-15  7.0000E-22  3.0000E-44  3.2000E-45  5.2000E+00  2.2942E+03  2.2596E+22  2.9067E+21  1.1284E+20
6.0000E-16  1.3000E-15  9.6000E-16  2.2000E-15  7.0000E-22  3.0000E-44  3.2000E-45  5.2000E+00  2.4035E+03  2.2600E+22  2.9082E+21  1.0769E+20
6.0000E-16  1.3000E-15  9.6000E-16  2.2000E-15  7.0000E-22  3.0000E-44  3.2000E-45  5.2000E+00  2.5179E+03  2.2604E+22  2.9096E+21  1.0259E+20
6.0000E-16  1.3000E-15  9.6000E-16  2.2000E-15  7.0000E-22  3.0000E-44  3.2000E-45  5.2000E+00  2.6378E+03  2.2607E+22  2.9109E+21  9.7947E+19
6.0000E-16  1.3000E-15  9.6000E-16  2.2000E-15  7.0000E-22  3.0000E-44  3.2000E-45  5.2000E+00  2.7634E+03  2.2610E+22  2.9121E+21  9.3707E+19
6.0000E-16  1.3000E-15  9.6000E-16  2.2000E-15  7.0000E-22  3.0000E-44  3.2000E-45  5.2000E+00  2.8950E+03  2.2613E+22  2.9134E+21  8.9202E+19
6.0000E-16  1.3000E-15  9.6000E-16  2.2000E-15  7.0000E-22  3.0000E-44  3.2000E-45  5.2000E+00  3.0329E+03  2.2616E+22  2.9144E+21  8.5390E+19
6.0000E-16  1.3000E-15  9.6000E-16  2.2000E-15  7.0000E-22  3.0000E-44  3.2000E-45  5.2000E+00  3.1773E+03  2.2619E+22  2.9155E+21  8.1377E+19
6.0000E-16  1.3000E-15  9.6000E-16  2.2000E-15  7.0000E-22  3.0000E-44  3.2000E-45  5.2000E+00  3.3286E+03  2.2622E+22  2.9166E+21  7.7725E+19
6.0000E-16  1.3000E-15  9.6000E-16  2.2000E-15  7.0000E-22  3.0000E-44  3.2000E-45  5.2000E+00  3.4870E+03  2.2624E+22  2.9176E+21  7.4174E+19
6.0000E-16  1.3000E-15  9.6000E-16  2.2000E-15  7.0000E-22  3.0000E-44  3.2000E-45  5.2000E+00  3.6531E+03  2.2626E+22  2.9185E+21  7.0933E+19
6.0000E-16  1.3000E-15  9.6000E-16  2.2000E-15  7.0000E-22  3.0000E-44  3.2000E-45  5.2000E+00  3.8270E+03  2.2629E+22  2.9194E+21  6.7610E+19
6.0000E-16  1.3000E-15  9.6000E-16  2.2000E-15  7.0000E-22  3.0000E-44  3.2000E-45  5.2000E+00  4.0093E+03  2.2631E+22  2.9203E+21  6.4584E+19
6.0000E-16  1.3000E-15  9.6000E-16  2.2000E-15  7.0000E-22  3.0000E-44  3.2000E-45  5.2000E+00  4.2002E+03  2.2633E+22  2.9211E+21  6.1671E+19
6.0000E-16  1.3000E-15  9.6000E-16  2.2000E-15  7.0000E-22  3.0000E-44  3.2000E-45  5.2000E+00  4.4002E+03  2.2635E+22  2.9219E+21  5.8875E+19
6.0000E-16  1.3000E-15  9.6000E-16  2.2000E-15  7.0000E-22  3.0000E-44  3.2000E-45  5.2000E+00  4.6097E+03  2.2637E+22  2.9226E+21  5.6200E+19
6.0000E-16  1.3000E-15  9.6000E-16  2.2000E-15  7.0000E-22  3.0000E-44  3.2000E-45  5.2000E+00  4.8292E+03  2.2639E+22  2.9233E+21  5.3647E+19
6.0000E-16  1.3000E-15  9.6000E-16  2.2000E-15  7.0000E-22  3.0000E-44  3.2000E-45  5.2000E+00  5.0591E+03  2.2641E+22  2.9240E+21  5.1214E+19
6.0000E-16  1.3000E-15  9.6000E-16  2.2000E-15  7.0000E-22  3.0000E-44  3.2000E-45  5.2000E+00  5.3000E+03  2.2642E+22  2.9247E+21  4.8900E+19
