6.0000E-16  1.3000E-15  9.6000E-16  2.2000E-15  7.0000E-22  3.0000E-44  3.2000E-45  5.2000E+00  5.3000E+01  1.9571E+22  2.0420E+21  4.0032E+21
6.0000E-16  1.3000E-15  9.6000E-16  2.2000E-15  7.0000E-22  3.1428E-44  3.2000E-45  5.2000E+00  5.3000E+01  1.9580E+22  2.0345E+21  4.0019E+21
6.0000E-16  1.3000E-15  9.6000E-16  2.2000E-15  7.0000E-22  3.2925E-44  3.2000E-45  5.2000E+00  5.3000E+01  1.9589E+22  2.0266E+21  4.0004E+21
6.0000E-16  1.3000E-15  9.6000E-16  2.2000E-15  7.0000E-22  3.4493E-44  3.2000E-45  5.2000E+00  5.3000E+01  1.9599E+22  2.0182E+21  3.9989E+21
6.0000E-16  1.3000E-15  9.6000E-16  2.2000E-15  7.0000E-22  3.6135E-44  3.2000E-45  5.2000E+00  5.3000E+01  1.9609E+22  2.0098E+21  3.9973E+21
6.0000E-16  1.3000E-15  9.6000E-16  2.2000E-15  7.0000E-22  3.7856E-44  3.2000E-45  5.2000E+00  5.3000E+01  1.9620E+22  2.0005E+21  3.9956E+21
6.0000E-16  1.3000E-15  9.6000E-16  2.2000E-15  7.0000E-22  3.9658E-44  3.2000E-45  5.2000E+00  5.3000E+01  1.9631E+22  1.9913E+21  3.9939E+21
6.0000E-16  1.3000E-15  9.6000E-16  2.2000E-15  7.0000E-22  4.1547E-44  3.2000E-45  5.2000E+00  5.3000E+01  1.9642E+22  1.9822E+21  3.9923E+21
6.0000E-16  1.3000E-15  9.6000E-16  2.2000E-15  7.0000E-22  4.3525E-44  3.2000E-45  5.2000E+00  5.3000E+01  1.9653E+22  1.9721E+21  3.9904E+21
6.0000E-16  1.3000E-15  9.6000E-16  2.2000E-15  7.0000E-22  4.5597E-44  3.2000E-45  5.2000E+00  5.3000E+01  1.9666E+22  1.9617E+21  3.9885E+21
6.0000E-16  1.3000E-15  9.6000E-16  2.2000E-15  7.0000E-22  4.7768E-44  3.2000E-45  5.2000E+00  5.3000E+01  1.9679E+22  1.9509E+21  3.9865E+21
6.0000E-16  1.3000E-15  9.6000E-16  2.2000E-15  7.0000E-22  5.0043E-44  3.2000E-45  5.2000E+00  5.3000E+01  1.9691E+22  1.9402E+21  3.9846E+21
6.0000E-16  1.3000E-15  9.6000E-16  2.2000E-15  7.0000E-22  5.2426E-44  3.2000E-45  5.2000E+00  5.3000E+01  1.9705E+22  1.9286E+21  3.9824E+21
6.0000E-16  1.3000E-15  9.6000E-16  2.2000E-15  7.0000E-22  5.4922E-44  3.2000E-45  5.2000E+00  5.3000E+01  1.9719E+22  1.9167E+21  3.9802E+21
6.0000E-16  1.3000E-15  9.6000E-16  2.2000E-15  7.0000E-22  5.7537E-44  3.2000E-45  5.2000E+00  5.3000E+01  1.9734E+22  1.9045E+21  3.9780E+21
6.0000E-16  1.3000E-15  9.6000E-16  2.2000E-15  7.0000E-22  6.0277E-44  3.2000E-45  5.2000E+00  5.3000E+01  1.9749E+22  1.8915E+21  3.9756E+21
6.0000E-16  1.3000E-15  9.6000E-16  2.2000E-15  7.0000E-22  6.3147E-44  3.2000E-45  5.2000E+00  5.3000E+01  1.9764E+22  1.8786E+21  3.9733E+21
6.0000E-16  1.3000E-15  9.6000E-16  2.2000E-15  7.0000E-22  6.6154E-44  3.2000E-45  5.2000E+00  5.3000E+01  1.9781E+22  1.8646E+21  3.9707E+21
6.0000E-16  1.3000E-15  9.6000E-16  2.2000E-15  7.0000E-22  6.9304E-44  3.2000E-45  5.2000E+00  5.3000E+01  1.9797E+22  1.8508E+21  3.9682E+21
6.0000E-16  1.3000E-15  9.6000E-16  2.2000E-15  7.0000E-22  7.2604E-44  3.2000E-45  5.2000E+00  5.3000E+01  1.9814E+22  1.8364E+21  3.9655E+21
6.0000E-16  1.3000E-15  9.6000E-16  2.2000E-15  7.0000E-22  7.6061E-44  3.2000E-45  5.2000E+00  5.3000E+01  1.9832E+22  1.8212E+21  3.9627E+21
6.0000E-16  1.3000E-15  9.6000E-16  2.2000E-15  7.0000E-22  7.9683E-44  3.2000E-45  5.2000E+00  5.3000E+01  1.9850E+22  1.8059E+21  3.9599E+21
6.0000E-16  1.3000E-15  9.6000E-16  2.2000E-15  7.0000E-22  8.3477E-44  3.2000E-45  5.2000E+00  5.3000E+01  1.9869E+22  1.7901E+21  3.9570E+21
6.0000E-16  1.3000E-15  9.6000E-16  2.2000E-15  7.0000E-22  8.7452E-44  3.2000E-45  5.2000E+00  5.3000E+01  1.9888E+22  1.7736E+21  3.9540E+21
6.0000E-16  1.3000E-15  9.6000E-16  2.2000E-15  7.0000E-22  9.1616E-44  3.2000E-45  5.2000E+00  5.3000E+01  1.9908E+22  1.7571E+21  3.9510E+21
6.0000E-16  1.3000E-15  9.6000E-16  2.2000E-15  7.0000E-22  9.5978E-44  3.2000E-45  5.2000E+00  5.3000E+01  1.9928E+22  1.7397E+21  3.9478E+21
6.0000E-16  1.3000E-15  9.6000E-16  2.2000E-15  7.0000E-22  1.0055E-43  3.2000E-45  5.2000E+00  5.3000E+01  1.9951E+22  1.7203E+21  3.9442E+21
6.0000E-16  1.3000E-15  9.6000E-16  2.2000E-15  7.0000E-22  1.0534E-43  3.2000E-45  5.2000E+00  5.3000E+01  1.9969E+22  1.7051E+21  3.9414E+21
6.0000E-16  1.3000E-15  9.6000E-16  2.2000E-15  7.0000E-22  1.1035E-43  3.2000E-45  5.2000E+00  5.3000E+01  1.9991E+22  1.6865E+21  3.9380E+21
6.0000E-16  1.3000E-15  9.6000E-16  2.2000E-15  7.0000E-22  1.1561E-43  3.2000E-45  5.2000E+00  5.3000E+01  2.0017E+22  1.6647E+21  3.9340E+21
6.0000E-16  1.3000E-15  9.6000E-16  2.2000E-15  7.0000E-22  1.2111E-43  3.2000E-45  5.2000E+00  5.3000E+01  2.0038E+22  1.6469E+21  3.9308E+21
6.0000E-16  1.3000E-15  9.6000E-16  2.2000E-15  7.0000E-22  1.2688E-43  3.2000E-45  5.2000E+00  5.3000E+01  2.0063E+22  1.6260E+21  3.9269E+21
6.0000E-16  1.3000E-15  9.6000E-16  2.2000E-15  7.0000E-22  1.3292E-43  3.2000E-45  5.2000E+00  5.3000E+01  2.0087E+22  1.6057E+21  3.9232E+21
6.0000E-16  1.3000E-15  9.6000E-16  2.2000E-15  7.0000E-22  1.3925E-43  3.2000E-45  5.2000E+00  5.3000E+01  2.0111E+22  1.5858E+21  3.9196E+21
6.0000E-16  1.3000E-15  9.6000E-16  2.2000E-15  7.0000E-22  1.4588E-43  3.2000E-45  5.2000E+00  5.3000E+01  2.0137E+22  1.5633E+21  3.9154E+21
6.0000E-16  1.3000E-15  9.6000E-16  2.2000E-15  7.0000E-22  1.5282E-43  3.2000E-45  5.2000E+00  5.3000E+01  2.0163E+22  1.5414E+21  3.9114E+21
6.0000E-16  1.3000E-15  9.6000E-16  2.2000E-15  7.0000E-22  1.6010E-43  3.2000E-45  5.2000E+00  5.3000E+01  2.0188E+22  1.5200E+21  3.9075E+21
6.0000E-16  1.3000E-15  9.6000E-16  2.2000E-15  7.0000E-22  1.6772E-43  3.2000E-45  5.2000E+00  5.3000E+01  2.0216E+22  1.4964E+21  3.9032E+21
6.0000E-16  1.3000E-15  9.6000E-16  2.2000E-15  7.0000E-22  1.7571E-43  3.2000E-45  5.2000E+00  5.3000E+01  2.0244E+22  1.4734E+21  3.8989E+21
6.0000E-16  1.3000E-15  9.6000E-16  2.2000E-15  7.0000E-22  1.8408E-43  3.2000E-45  5.2000E+00  5.3000E+01  2.0270E+22  1.4511E+21  3.8949E+21
6.0000E-16  1.3000E-15  9.6000E-16  2.2000E-15  7.0000E-22  1.9284E-43  3.2000E-45  5.2000E+00  5.3000E+01  2.0299E+22  1.4268E+21  3.8904E+21
6.0000E-16  1.3000E-15  9.6000E-16  2.2000E-15  7.0000E-22  2.0202E-43  3.2000E-45  5.2000E+00  5.3000E+01  2.0327E+22  1.4034E+21  3.8861E+21
6.0000E-16  1.3000E-15  9.6000E-16  2.2000E-15  7.0000E-22  2.1164E-43  3.2000E-45  5.2000E+00  5.3000E+01  2.0356E+22  1.3781E+21  3.8815E+21
6.0000E-16  1.3000E-15  9.6000E-16  2.2000E-15  7.0000E-22  2.2172E-43  3.2000E-45  5.2000E+00  5.3000E+01  2.0385E+22  1.3538E+21  3.8770E+21
6.0000E-16  1.3000E-15  9.6000E-16  2.2000E-15  7.0000E-22  2.3228E-43  3.2000E-45  5.2000E+00  5.3000E+01  2.0413E+22  1.3303E+21  3.8727E+21
6.0000E-16  1.3000E-15  9.6000E-16  2.2000E-15  7.0000E-22  2.4334E-43  3.2000E-45  5.2000E+00  5.3000E+01  2.0442E+22  1.3054E+21  3.8681E+21
6.0000E-16  1.3000E-15  9.6000E-16  2.2000E-15  7.0000E-22  2.5493E-43  3.2000E-45  5.2000E+00  5.3000E+01  2.0473E+22  1.2792E+21  3.8633E+21
6.0000E-16  1.3000E-15  9.6000E-16  2.2000E-15  7.0000E-22  2.6706E-43  3.2000E-45  5.2000E+00  5.3000E+01  2.0503E+22  1.2540E+21  3.8587E+21
6.0000E-16  1.3000E-15  9.6000E-16  2.2000E-15  7.0000E-22  2.7978E-43  3.2000E-45  5.2000E+00  5.3000E+01  2.0534E+22  1.2279E+21  3.8539E+21
6.0000E-16  1.3000E-15  9.6000E-16  2.2000E-15  7.0000E-22  2.9310E-43  3.2000E-45  5.2000E+00  5.3000E+01  2.0564E+22  1.2028E+21  3.8493E+21
6.0000E-16  1.3000E-15  9.6000E-16  2.2000E-15  7.0000E-22  3.0706E-43  3.2000E-45  5.2000E+00  5.3000E+01  2.0595E+22  1.1769E+21  3.8446E+21
6.0000E-16  1.3000E-15  9.6000E-16  2.2000E-15  7.0000E-22  3.2168E-43  3.2000E-45  5.2000E+00  5.3000E+01  2.0626E+22  1.1503E+21  3.8397E+21
6.0000E-16  1.3000E-15  9.6000E-16  2.2000E-15  7.0000E-22  3.3700E-43  3.2000E-45  5.2000E+00  5.3000E+01  2.0656E+22  1.1249E+21  3.8350E+21
6.0000E-16  1.3000E-15  9.6000E-16  2.2000E-15  7.0000E-22  3.5304E-43  3.2000E-45  5.2000E+00  5.3000E+01  2.0687E+22  1.0990E+21  3.8303E+21
6.0000E-16  1.3000E-15  9.6000E-16  2.2000E-15  7.0000E-22  3.6985E-43  3.2000E-45  5.2000E+00  5.3000E+01  2.0718E+22  1.0728E+21  3.8255E+21
6.0000E-16  1.3000E-15  9.6000E-16  2.2000E-15  7.0000E-22  3.8746E-43  3.2000E-45  5.2000E+00  5.3000E+01  2.0747E+22  1.0477E+21  3.8209E+21
6.0000E-16  1.3000E-15  9.6000E-16  2.2000E-15  7.0000E-22  4.0591E-43  3.2000E-45  5.2000E+00  5.3000E+01  2.0779E+22  1.0211E+21  3.8160E+21
6.0000E-16  1.3000E-15  9.6000E-16  2.2000E-15  7.0000E-22  4.2524E-43  3.2000E-45  5.2000E+00  5.3000E+01  2.0809E+22  9.9579E+20  3.8114E+21
6.0000E-16  1.3000E-15  9.6000E-16  2.2000E-15  7.0000E-22  4.4549E-43  3.2000E-45  5.2000E+00  5.3000E+01  2.0839E+22  9.7046E+20  3.8067E+21
6.0000E-16  1.3000E-15  9.6000E-16  2.2000E-15  7.0000E-22  4.6670E-43  3.2000E-45  5.2000E+00  5.3000E+01  2.0870E+22  9.4404E+20  3.8019E+21
6.0000E-16  1.3000E-15  9.6000E-16  2.2000E-15  7.0000E-22  4.8893E-43  3.2000E-45  5.2000E+00  5.3000E+01  2.0900E+22  9.1901E+20  3.7973E+21
6.0000E-16  1.3000E-15  9.6000E-16  2.2000E-15  7.0000E-22  5.1221E-43  3.2000E-45  5.2000E+00  5.3000E+01  2.0929E+22  8.9422E+20  3.7928E+21
6.0000E-16  1.3000E-15  9.6000E-16  2.2000E-15  7.0000E-22  5.3659E-43  3.2000E-45  5.2000E+00  5.3000E+01  2.0959E+22  8.6875E+20  3.7881E+21
6.0000E-16  1.3000E-15  9.6000E-16  2.2000E-15  7.0000E-22  5.6215E-43  3.2000E-45  5.2000E+00  5.3000E+01  2.0988E+22  8.4468E+20  3.7837E+21
6.0000E-16  1.3000E-15  9.6000E-16  2.2000E-15  7.0000E-22  5.8891E-43  3.2000E-45  5.2000E+00  5.3000E+01  2.1017E+22  8.2013E+20  3.7792E+21
6.0000E-16  1.3000E-15  9.6000E-16  2.2000E-15  7.0000E-22  6.1695E-43  3.2000E-45  5.2000E+00  5.3000E+01  2.1045E+22  7.9614E+20  3.7748E+21
6.0000E-16  1.3000E-15  9.6000E-16  2.2000E-15  7.0000E-22  6.4633E-43  3.2000E-45  5.2000E+00  5.3000E+01  2.1073E+22  7.7272E+20  3.7705E+21
6.0000E-16  1.3000E-15  9.6000E-16  2.2000E-15  7.0000E-22  6.7711E-43  3.2000E-45  5.2000E+00  5.3000E+01  2.1101E+22  7.4916E+20  3.7662E+21
6.0000E-16  1.3000E-15  9.6000E-16  2.2000E-15  7.0000E-22  7.0935E-43  3.2000E-45  5.2000E+00  5.3000E+01  2.1128E+22  7.2630E+20  3.7620E+21
6.0000E-16  1.3000E-15  9.6000E-16  2.2000E-15  7.0000E-22  7.4312E-43  3.2000E-45  5.2000E+00  5.3000E+01  2.1155E+22  7.0349E+20  3.7578E+21
6.0000E-16  1.3000E-15  9.6000E-16  2.2000E-15  7.0000E-22  7.7851E-43  3.2000E-45  5.2000E+00  5.3000E+01  2.1181E+22  6.8085E+20  3.7537E+21
6.0000E-16  1.3000E-15  9.6000E-16  2.2000E-15  7.0000E-22  8.1558E-43  3.2000E-45  5.2000E+00  5.3000E+01  2.1207E+22  6.5904E+20  3.7497E+21
6.0000E-16  1.3000E-15  9.6000E-16  2.2000E-15  7.0000E-22  8.5441E-43  3.2000E-45  5.2000E+00  5.3000E+01  2.1232E+22  6.3806E+20  3.7458E+21
6.0000E-16  1.3000E-15  9.6000E-16  2.2000E-15  7.0000E-22  8.9509E-43  3.2000E-45  5.2000E+00  5.3000E+01  2.1257E+22  6.1686E+20  3.7419E+21
6.0000E-16  1.3000E-15  9.6000E-16  2.2000E-15  7.0000E-22  9.3771E-43  3.2000E-45  5.2000E+00  5.3000E+01  2.1282E+22  5.9609E+20  3.7381E+21
6.0000E-16  1.3000E-15  9.6000E-16  2.2000E-15  7.0000E-22  9.8236E-43  3.2000E-45  5.2000E+00  5.3000E+01  2.1305E+22  5.7623E+20  3.7345E+21
6.0000E-16  1.3000E-15  9.6000E-16  2.2000E-15  7.0000E-22  1.0291E-42  3.2000E-45  5.2000E+00  5.3000E+01  2.1329E+22  5.5603E+20  3.7308E+21
6.0000E-16  1.3000E-15  9.6000E-16  2.2000E-15  7.0000E-22  1.0781E-42  3.2000E-45  5.2000E+00  5.3000E+01  2.1352E+22  5.3643E+20  3.7272E+21
6.0000E-16  1.3000E-15  9.6000E-16  2.2000E-15  7.0000E-22  1.1295E-42  3.2000E-45  5.2000E+00  5.3000E+01  2.1374E+22  5.1817E+20  3.7239E+21
6.0000E-16  1.3000E-15  9.6000E-16  2.2000E-15  7.0000E-22  1.1833E-42  3.2000E-45  5.2000E+00  5.3000E+01  2.1394E+22  5.0111E+20  3.7207E+21
6.0000E-16  1.3000E-15  9.6000E-16  2.2000E-15  7.0000E-22  1.2396E-42  3.2000E-45  5.2000E+00  5.3000E+01  2.1417E+22  4.8206E+20  3.7173E+21
6.0000E-16  1.3000E-15  9.6000E-16  2.2000E-15  7.0000E-22  1.2986E-42  3.2000E-45  5.2000E+00  5.3000E+01  2.1438E+22  4.6441E+20  3.7140E+21
6.0000E-16  1.3000E-15  9.6000E-16  2.2000E-15  7.0000E-22  1.3605E-42  3.2000E-45  5.2000E+00  5.3000E+01  2.1457E+22  4.4800E+20  3.7110E+21
6.0000E-16  1.3000E-15  9.6000E-16  2.2000E-15  7.0000E-22  1.4252E-42  3.2000E-45  5.2000E+00  5.3000E+01  2.1478E+22  4.3026E+20  3.7078E+21
6.0000E-16  1.3000E-15  9.6000E-16  2.2000E-15  7.0000E-22  1.4931E-42  3.2000E-45  5.2000E+00  5.3000E+01  2.1495E+22  4.1614E+20  3.7052E+21
6.0000E-16  1.3000E-15  9.6000E-16  2.2000E-15  7.0000E-22  1.5642E-42  3.2000E-45  5.2000E+00  5.3000E+01  2.1513E+22  4.0080E+20  3.7024E+21
6.0000E-16  1.3000E-15  9.6000E-16  2.2000E-15  7.0000E-22  1.6387E-42  3.2000E-45  5.2000E+00  5.3000E+01  2.1532E+22  3.8459E+20  3.6994E+21
6.0000E-16  1.3000E-15  9.6000E-16  2.2000E-15  7.0000E-22  1.7167E-42  3.2000E-45  5.2000E+00  5.3000E+01  2.1550E+22  3.6964E+20  3.6967E+21
6.0000E-16  1.3000E-15  9.6000E-16  2.2000E-15  7.0000E-22  1.7985E-42  3.2000E-45  5.2000E+00  5.3000E+01  2.1566E+22  3.5581E+20  3.6941E+21
6.0000E-16  1.3000E-15  9.6000E-16  2.2000E-15  7.0000E-22  1.8841E-42  3.2000E-45  5.2000E+00  5.3000E+01  2.1581E+22  3.4297E+20  3.6918E+21
6.0000E-16  1.3000E-15  9.6000E-16  2.2000E-15  7.0000E-22  1.9738E-42  3.2000E-45  5.2000E+00  5.3000E+01  2.1597E+22  3.2960E+20  3.6893E+21
6.0000E-16  1.3000E-15  9.6000E-16  2.2000E-15  7.0000E-22  2.0678E-42  3.2000E-45  5.2000E+00  5.3000E+01  2.1613E+22  3.1591E+20  3.6868E+21
6.0000E-16  1.3000E-15  9.6000E-16  2.2000E-15  7.0000E-22  2.1662E-42  3.2000E-45  5.2000E+00  5.3000E+01  2.1628E+22  3.0331E+20  3.6845E+21
6.0000E-16  1.3000E-15  9.6000E-16  2.2000E-15  7.0000E-22  2.2694E-42  3.2000E-45  5.2000E+00  5.3000E+01  2.1642E+22  2.9168E+20  3.6824E+21
6.0000E-16  1.3000E-15  9.6000E-16  2.2000E-15  7.0000E-22  2.3774E-42  3.2000E-45  5.2000E+00  5.3000E+01  2.1656E+22  2.7988E+20  3.6802E+21
6.0000E-16  1.3000E-15  9.6000E-16  2.2000E-15  7.0000E-22  2.4907E-42  3.2000E-45  5.2000E+00  5.3000E+01  2.1669E+22  2.6899E+20  3.6782E+21
6.0000E-16  1.3000E-15  9.6000E-16  2.2000E-15  7.0000E-22  2.6092E-42  3.2000E-45  5.2000E+00  5.3000E+01  2.1682E+22  2.5804E+20  3.6762E+21
6.0000E-16  1.3000E-15  9.6000E-16  2.2000E-15  7.0000E-22  2.7335E-42  3.2000E-45  5.2000E+00  5.3000E+01  2.1694E+22  2.4795E+20  3.6744E+21
6.0000E-16  1.3000E-15  9.6000E-16  2.2000E-15  7.0000E-22  2.8636E-42  3.2000E-45  5.2000E+00  5.3000E+01  2.1706E+22  2.3787E+20  3.6725E+21
6.0000E-16  1.3000E-15  9.6000E-16  2.2000E-15  7.0000E-22  3.0000E-42  3.2000E-45  5.2000E+00  5.3000E+01  2.1717E+22  2.2789E+20  3.6707E+21