6.0000E-16  1.3000E-15  9.6000E-16  2.2000E-15  7.0000E-22  3.0000E-44  3.2000E-45  5.2000E+00  5.3000E+01  1.9571E+22  2.0420E+21  4.0032E+21
6.0000E-16  1.3000E-15  9.6000E-16  2.2000E-15  7.0000E-22  3.0000E-44  3.3524E-45  5.2000E+00  5.3000E+01  1.9572E+22  2.0422E+21  4.0018E+21
6.0000E-16  1.3000E-15  9.6000E-16  2.2000E-15  7.0000E-22  3.0000E-44  3.5120E-45  5.2000E+00  5.3000E+01  1.9573E+22  2.0425E+21  4.0002E+21
6.0000E-16  1.3000E-15  9.6000E-16  2.2000E-15  7.0000E-22  3.0000E-44  3.6792E-45  5.2000E+00  5.3000E+01  1.9575E+22  2.0428E+21  3.9986E+21
6.0000E-16  1.3000E-15  9.6000E-16  2.2000E-15  7.0000E-22  3.0000E-44  3.8544E-45  5.2000E+00  5.3000E+01  1.9576E+22  2.0431E+21  3.9970E+21
6.0000E-16  1.3000E-15  9.6000E-16  2.2000E-15  7.0000E-22  3.0000E-44  4.0379E-45  5.2000E+00  5.3000E+01  1.9577E+22  2.0434E+21  3.9951E+21
6.0000E-16  1.3000E-15  9.6000E-16  2.2000E-15  7.0000E-22  3.0000E-44  4.2302E-45  5.2000E+00  5.3000E+01  1.9579E+22  2.0437E+21  3.9933E+21
6.0000E-16  1.3000E-15  9.6000E-16  2.2000E-15  7.0000E-22  3.0000E-44  4.4316E-45  5.2000E+00  5.3000E+01  1.9581E+22  2.0441E+21  3.9914E+21
6.0000E-16  1.3000E-15  9.6000E-16  2.2000E-15  7.0000E-22  3.0000E-44  4.6427E-45  5.2000E+00  5.3000E+01  1.9582E+22  2.0444E+21  3.9894E+21
6.0000E-16  1.3000E-15  9.6000E-16  2.2000E-15  7.0000E-22  3.0000E-44  4.8637E-45  5.2000E+00  5.3000E+01  1.9584E+22  2.0448E+21  3.9873E+21
6.0000E-16  1.3000E-15  9.6000E-16  2.2000E-15  7.0000E-22  3.0000E-44  5.0953E-45  5.2000E+00  5.3000E+01  1.9586E+22  2.0452E+21  3.9850E+21
6.0000E-16  1.3000E-15  9.6000E-16  2.2000E-15  7.0000E-22  3.0000E-44  5.3379E-45  5.2000E+00  5.3000E+01  1.9588E+22  2.0456E+21  3.9827E+21
6.0000E-16  1.3000E-15  9.6000E-16  2.2000E-15  7.0000E-22  3.0000E-44  5.5921E-45  5.2000E+00  5.3000E+01  1.9590E+22  2.0460E+21  3.9803E+21
6.0000E-16  1.3000E-15  9.6000E-16  2.2000E-15  7.0000E-22  3.0000E-44  5.8584E-45  5.2000E+00  5.3000E+01  1.9592E+22  2.0465E+21  3.9778E+21
6.0000E-16  1.3000E-15  9.6000E-16  2.2000E-15  7.0000E-22  3.0000E-44  6.1373E-45  5.2000E+00  5.3000E+01  1.9594E+22  2.0470E+21  3.9751E+21
6.0000E-16  1.3000E-15  9.6000E-16  2.2000E-15  7.0000E-22  3.0000E-44  6.4295E-45  5.2000E+00  5.3000E+01  1.9596E+22  2.0474E+21  3.9724E+21
6.0000E-16  1.3000E-15  9.6000E-16  2.2000E-15  7.0000E-22  3.0000E-44  6.7357E-45  5.2000E+00  5.3000E+01  1.9599E+22  2.0480E+21  3.9695E+21
6.0000E-16  1.3000E-15  9.6000E-16  2.2000E-15  7.0000E-22  3.0000E-44  7.0564E-45  5.2000E+00  5.3000E+01  1.9601E+22  2.0485E+21  3.9665E+21
6.0000E-16  1.3000E-15  9.6000E-16  2.2000E-15  7.0000E-22  3.0000E-44  7.3924E-45  5.2000E+00  5.3000E+01  1.9604E+22  2.0491E+21  3.9634E+21
6.0000E-16  1.3000E-15  9.6000E-16  2.2000E-15  7.0000E-22  3.0000E-44  7.7444E-45  5.2000E+00  5.3000E+01  1.9606E+22  2.0496E+21  3.9601E+21
6.0000E-16  1.3000E-15  9.6000E-16  2.2000E-15  7.0000E-22  3.0000E-44  8.1132E-45  5.2000E+00  5.3000E+01  1.9609E+22  2.0502E+21  3.9567E+21
6.0000E-16  1.3000E-15  9.6000E-16  2.2000E-15  7.0000E-22  3.0000E-44  8.4995E-45  5.2000E+00  5.3000E+01  1.9612E+22  2.0509E+21  3.9531E+21
6.0000E-16  1.3000E-15  9.6000E-16  2.2000E-15  7.0000E-22  3.0000E-44  8.9042E-45  5.2000E+00  5.3000E+01  1.9615E+22  2.0516E+21  3.9494E+21
6.0000E-16  1.3000E-15  9.6000E-16  2.2000E-15  7.0000E-22  3.0000E-44  9.3282E-45  5.2000E+00  5.3000E+01  1.9618E+22  2.0523E+21  3.9454E+21
6.0000E-16  1.3000E-15  9.6000E-16  2.2000E-15  7.0000E-22  3.0000E-44  9.7723E-45  5.2000E+00  5.3000E+01  1.9622E+22  2.0530E+21  3.9414E+21
6.0000E-16  1.3000E-15  9.6000E-16  2.2000E-15  7.0000E-22  3.0000E-44  1.0238E-44  5.2000E+00  5.3000E+01  1.9625E+22  2.0537E+21  3.9375E+21
6.0000E-16  1.3000E-15  9.6000E-16  2.2000E-15  7.0000E-22  3.0000E-44  1.0725E-44  5.2000E+00  5.3000E+01  1.9629E+22  2.0545E+21  3.9329E+21
6.0000E-16  1.3000E-15  9.6000E-16  2.2000E-15  7.0000E-22  3.0000E-44  1.1236E-44  5.2000E+00  5.3000E+01  1.9632E+22  2.0553E+21  3.9284E+21
6.0000E-16  1.3000E-15  9.6000E-16  2.2000E-15  7.0000E-22  3.0000E-44  1.1771E-44  5.2000E+00  5.3000E+01  1.9637E+22  2.0563E+21  3.9230E+21
6.0000E-16  1.3000E-15  9.6000E-16  2.2000E-15  7.0000E-22  3.0000E-44  1.2331E-44  5.2000E+00  5.3000E+01  1.9640E+22  2.0571E+21  3.9185E+21
6.0000E-16  1.3000E-15  9.6000E-16  2.2000E-15  7.0000E-22  3.0000E-44  1.2918E-44  5.2000E+00  5.3000E+01  1.9645E+22  2.0580E+21  3.9131E+21
6.0000E-16  1.3000E-15  9.6000E-16  2.2000E-15  7.0000E-22  3.0000E-44  1.3534E-44  5.2000E+00  5.3000E+01  1.9649E+22  2.0590E+21  3.9078E+21
6.0000E-16  1.3000E-15  9.6000E-16  2.2000E-15  7.0000E-22  3.0000E-44  1.4178E-44  5.2000E+00  5.3000E+01  1.9654E+22  2.0601E+21  3.9016E+21
6.0000E-16  1.3000E-15  9.6000E-16  2.2000E-15  7.0000E-22  3.0000E-44  1.4853E-44  5.2000E+00  5.3000E+01  1.9659E+22  2.0612E+21  3.8955E+21
6.0000E-16  1.3000E-15  9.6000E-16  2.2000E-15  7.0000E-22  3.0000E-44  1.5560E-44  5.2000E+00  5.3000E+01  1.9664E+22  2.0623E+21  3.8894E+21
6.0000E-16  1.3000E-15  9.6000E-16  2.2000E-15  7.0000E-22  3.0000E-44  1.6301E-44  5.2000E+00  5.3000E+01  1.9669E+22  2.0634E+21  3.8833E+21
6.0000E-16  1.3000E-15  9.6000E-16  2.2000E-15  7.0000E-22  3.0000E-44  1.7077E-44  5.2000E+00  5.3000E+01  1.9675E+22  2.0646E+21  3.8764E+21
6.0000E-16  1.3000E-15  9.6000E-16  2.2000E-15  7.0000E-22  3.0000E-44  1.7891E-44  5.2000E+00  5.3000E+01  1.9681E+22  2.0659E+21  3.8695E+21
6.0000E-16  1.3000E-15  9.6000E-16  2.2000E-15  7.0000E-22  3.0000E-44  1.8742E-44  5.2000E+00  5.3000E+01  1.9686E+22  2.0671E+21  3.8627E+21
6.0000E-16  1.3000E-15  9.6000E-16  2.2000E-15  7.0000E-22  3.0000E-44  1.9635E-44  5.2000E+00  5.3000E+01  1.9693E+22  2.0685E+21  3.8551E+21
6.0000E-16  1.3000E-15  9.6000E-16  2.2000E-15  7.0000E-22  3.0000E-44  2.0570E-44  5.2000E+00  5.3000E+01  1.9699E+22  2.0700E+21  3.8467E+21
6.0000E-16  1.3000E-15  9.6000E-16  2.2000E-15  7.0000E-22  3.0000E-44  2.1549E-44  5.2000E+00  5.3000E+01  1.9706E+22  2.0713E+21  3.8391E+21
6.0000E-16  1.3000E-15  9.6000E-16  2.2000E-15  7.0000E-22  3.0000E-44  2.2575E-44  5.2000E+00  5.3000E+01  1.9713E+22  2.0730E+21  3.8300E+21
6.0000E-16  1.3000E-15  9.6000E-16  2.2000E-15  7.0000E-22  3.0000E-44  2.3650E-44  5.2000E+00  5.3000E+01  1.9720E+22  2.0746E+21  3.8210E+21
6.0000E-16  1.3000E-15  9.6000E-16  2.2000E-15  7.0000E-22  3.0000E-44  2.4776E-44  5.2000E+00  5.3000E+01  1.9728E+22  2.0762E+21  3.8121E+21
6.0000E-16  1.3000E-15  9.6000E-16  2.2000E-15  7.0000E-22  3.0000E-44  2.5956E-44  5.2000E+00  5.3000E+01  1.9736E+22  2.0780E+21  3.8024E+21
6.0000E-16  1.3000E-15  9.6000E-16  2.2000E-15  7.0000E-22  3.0000E-44  2.7192E-44  5.2000E+00  5.3000E+01  1.9744E+22  2.0797E+21  3.7928E+21
6.0000E-16  1.3000E-15  9.6000E-16  2.2000E-15  7.0000E-22  3.0000E-44  2.8487E-44  5.2000E+00  5.3000E+01  1.9752E+22  2.0816E+21  3.7825E+21
6.0000E-16  1.3000E-15  9.6000E-16  2.2000E-15  7.0000E-22  3.0000E-44  2.9843E-44  5.2000E+00  5.3000E+01  1.9760E+22  2.0835E+21  3.7723E+21
6.0000E-16  1.3000E-15  9.6000E-16  2.2000E-15  7.0000E-22  3.0000E-44  3.1264E-44  5.2000E+00  5.3000E+01  1.9770E+22  2.0856E+21  3.7607E+21
6.0000E-16  1.3000E-15  9.6000E-16  2.2000E-15  7.0000E-22  3.0000E-44  3.2753E-44  5.2000E+00  5.3000E+01  1.9779E+22  2.0877E+21  3.7492E+21
6.0000E-16  1.3000E-15  9.6000E-16  2.2000E-15  7.0000E-22  3.0000E-44  3.4313E-44  5.2000E+00  5.3000E+01  1.9789E+22  2.0897E+21  3.7378E+21
6.0000E-16  1.3000E-15  9.6000E-16  2.2000E-15  7.0000E-22  3.0000E-44  3.5946E-44  5.2000E+00  5.3000E+01  1.9798E+22  2.0919E+21  3.7258E+21
6.0000E-16  1.3000E-15  9.6000E-16  2.2000E-15  7.0000E-22  3.0000E-44  3.7658E-44  5.2000E+00  5.3000E+01  1.9809E+22  2.0944E+21  3.7125E+21
6.0000E-16  1.3000E-15  9.6000E-16  2.2000E-15  7.0000E-22  3.0000E-44  3.9451E-44  5.2000E+00  5.3000E+01  1.9820E+22  2.0968E+21  3.6993E+21
6.0000E-16  1.3000E-15  9.6000E-16  2.2000E-15  7.0000E-22  3.0000E-44  4.1330E-44  5.2000E+00  5.3000E+01  1.9831E+22  2.0992E+21  3.6863E+21
6.0000E-16  1.3000E-15  9.6000E-16  2.2000E-15  7.0000E-22  3.0000E-44  4.3298E-44  5.2000E+00  5.3000E+01  1.9842E+22  2.1018E+21  3.6720E+21
6.0000E-16  1.3000E-15  9.6000E-16  2.2000E-15  7.0000E-22  3.0000E-44  4.5359E-44  5.2000E+00  5.3000E+01  1.9854E+22  2.1045E+21  3.6573E+21
6.0000E-16  1.3000E-15  9.6000E-16  2.2000E-15  7.0000E-22  3.0000E-44  4.7519E-44  5.2000E+00  5.3000E+01  1.9866E+22  2.1072E+21  3.6427E+21
6.0000E-16  1.3000E-15  9.6000E-16  2.2000E-15  7.0000E-22  3.0000E-44  4.9782E-44  5.2000E+00  5.3000E+01  1.9879E+22  2.1101E+21  3.6270E+21
6.0000E-16  1.3000E-15  9.6000E-16  2.2000E-15  7.0000E-22  3.0000E-44  5.2152E-44  5.2000E+00  5.3000E+01  1.9892E+22  2.1130E+21  3.6109E+21
6.0000E-16  1.3000E-15  9.6000E-16  2.2000E-15  7.0000E-22  3.0000E-44  5.4635E-44  5.2000E+00  5.3000E+01  1.9905E+22  2.1160E+21  3.5950E+21
6.0000E-16  1.3000E-15  9.6000E-16  2.2000E-15  7.0000E-22  3.0000E-44  5.7237E-44  5.2000E+00  5.3000E+01  1.9919E+22  2.1191E+21  3.5781E+21
6.0000E-16  1.3000E-15  9.6000E-16  2.2000E-15  7.0000E-22  3.0000E-44  5.9962E-44  5.2000E+00  5.3000E+01  1.9933E+22  2.1224E+21  3.5602E+21
6.0000E-16  1.3000E-15  9.6000E-16  2.2000E-15  7.0000E-22  3.0000E-44  6.2817E-44  5.2000E+00  5.3000E+01  1.9948E+22  2.1257E+21  3.5426E+21
6.0000E-16  1.3000E-15  9.6000E-16  2.2000E-15  7.0000E-22  3.0000E-44  6.5808E-44  5.2000E+00  5.3000E+01  1.9963E+22  2.1292E+21  3.5241E+21
6.0000E-16  1.3000E-15  9.6000E-16  2.2000E-15  7.0000E-22  3.0000E-44  6.8942E-44  5.2000E+00  5.3000E+01  1.9978E+22  2.1327E+21  3.5054E+21
6.0000E-16  1.3000E-15  9.6000E-16  2.2000E-15  7.0000E-22  3.0000E-44  7.2225E-44  5.2000E+00  5.3000E+01  1.9994E+22  2.1363E+21  3.4858E+21
6.0000E-16  1.3000E-15  9.6000E-16  2.2000E-15  7.0000E-22  3.0000E-44  7.5664E-44  5.2000E+00  5.3000E+01  2.0010E+22  2.1401E+21  3.4654E+21
6.0000E-16  1.3000E-15  9.6000E-16  2.2000E-15  7.0000E-22  3.0000E-44  7.9266E-44  5.2000E+00  5.3000E+01  2.0027E+22  2.1440E+21  3.4449E+21
6.0000E-16  1.3000E-15  9.6000E-16  2.2000E-15  7.0000E-22  3.0000E-44  8.3041E-44  5.2000E+00  5.3000E+01  2.0044E+22  2.1479E+21  3.4243E+21
6.0000E-16  1.3000E-15  9.6000E-16  2.2000E-15  7.0000E-22  3.0000E-44  8.6995E-44  5.2000E+00  5.3000E+01  2.0062E+22  2.1520E+21  3.4024E+21
6.0000E-16  1.3000E-15  9.6000E-16  2.2000E-15  7.0000E-22  3.0000E-44  9.1137E-44  5.2000E+00  5.3000E+01  2.0079E+22  2.1561E+21  3.3806E+21
6.0000E-16  1.3000E-15  9.6000E-16  2.2000E-15  7.0000E-22  3.0000E-44  9.5477E-44  5.2000E+00  5.3000E+01  2.0098E+22  2.1605E+21  3.3577E+21
6.0000E-16  1.3000E-15  9.6000E-16  2.2000E-15  7.0000E-22  3.0000E-44  1.0002E-43  5.2000E+00  5.3000E+01  2.0116E+22  2.1648E+21  3.3348E+21
6.0000E-16  1.3000E-15  9.6000E-16  2.2000E-15  7.0000E-22  3.0000E-44  1.0479E-43  5.2000E+00  5.3000E+01  2.0136E+22  2.1696E+21  3.3100E+21
6.0000E-16  1.3000E-15  9.6000E-16  2.2000E-15  7.0000E-22  3.0000E-44  1.0978E-43  5.2000E+00  5.3000E+01  2.0156E+22  2.1742E+21  3.2858E+21
6.0000E-16  1.3000E-15  9.6000E-16  2.2000E-15  7.0000E-22  3.0000E-44  1.1500E-43  5.2000E+00  5.3000E+01  2.0175E+22  2.1787E+21  3.2623E+21
6.0000E-16  1.3000E-15  9.6000E-16  2.2000E-15  7.0000E-22  3.0000E-44  1.2048E-43  5.2000E+00  5.3000E+01  2.0194E+22  2.1831E+21  3.2393E+21
6.0000E-16  1.3000E-15  9.6000E-16  2.2000E-15  7.0000E-22  3.0000E-44  1.2621E-43  5.2000E+00  5.3000E+01  2.0215E+22  2.1883E+21  3.2125E+21
6.0000E-16  1.3000E-15  9.6000E-16  2.2000E-15  7.0000E-22  3.0000E-44  1.3222E-43  5.2000E+00  5.3000E+01  2.0236E+22  2.1933E+21  3.1864E+21
6.0000E-16  1.3000E-15  9.6000E-16  2.2000E-15  7.0000E-22  3.0000E-44  1.3852E-43  5.2000E+00  5.3000E+01  2.0260E+22  2.1990E+21  3.1569E+21
6.0000E-16  1.3000E-15  9.6000E-16  2.2000E-15  7.0000E-22  3.0000E-44  1.4512E-43  5.2000E+00  5.3000E+01  2.0280E+22  2.2038E+21  3.1323E+21
6.0000E-16  1.3000E-15  9.6000E-16  2.2000E-15  7.0000E-22  3.0000E-44  1.5203E-43  5.2000E+00  5.3000E+01  2.0302E+22  2.2092E+21  3.1045E+21
6.0000E-16  1.3000E-15  9.6000E-16  2.2000E-15  7.0000E-22  3.0000E-44  1.5926E-43  5.2000E+00  5.3000E+01  2.0324E+22  2.2145E+21  3.0775E+21
6.0000E-16  1.3000E-15  9.6000E-16  2.2000E-15  7.0000E-22  3.0000E-44  1.6685E-43  5.2000E+00  5.3000E+01  2.0348E+22  2.2203E+21  3.0477E+21
6.0000E-16  1.3000E-15  9.6000E-16  2.2000E-15  7.0000E-22  3.0000E-44  1.7479E-43  5.2000E+00  5.3000E+01  2.0371E+22  2.2260E+21  3.0188E+21
6.0000E-16  1.3000E-15  9.6000E-16  2.2000E-15  7.0000E-22  3.0000E-44  1.8312E-43  5.2000E+00  5.3000E+01  2.0394E+22  2.2315E+21  2.9908E+21
6.0000E-16  1.3000E-15  9.6000E-16  2.2000E-15  7.0000E-22  3.0000E-44  1.9183E-43  5.2000E+00  5.3000E+01  2.0418E+22  2.2375E+21  2.9604E+21
6.0000E-16  1.3000E-15  9.6000E-16  2.2000E-15  7.0000E-22  3.0000E-44  2.0097E-43  5.2000E+00  5.3000E+01  2.0442E+22  2.2434E+21  2.9311E+21
6.0000E-16  1.3000E-15  9.6000E-16  2.2000E-15  7.0000E-22  3.0000E-44  2.1054E-43  5.2000E+00  5.3000E+01  2.0467E+22  2.2496E+21  2.8996E+21
6.0000E-16  1.3000E-15  9.6000E-16  2.2000E-15  7.0000E-22  3.0000E-44  2.2056E-43  5.2000E+00  5.3000E+01  2.0491E+22  2.2557E+21  2.8692E+21
6.0000E-16  1.3000E-15  9.6000E-16  2.2000E-15  7.0000E-22  3.0000E-44  2.3107E-43  5.2000E+00  5.3000E+01  2.0514E+22  2.2616E+21  2.8399E+21
6.0000E-16  1.3000E-15  9.6000E-16  2.2000E-15  7.0000E-22  3.0000E-44  2.4207E-43  5.2000E+00  5.3000E+01  2.0539E+22  2.2678E+21  2.8089E+21
6.0000E-16  1.3000E-15  9.6000E-16  2.2000E-15  7.0000E-22  3.0000E-44  2.5359E-43  5.2000E+00  5.3000E+01  2.0565E+22  2.2744E+21  2.7763E+21
6.0000E-16  1.3000E-15  9.6000E-16  2.2000E-15  7.0000E-22  3.0000E-44  2.6567E-43  5.2000E+00  5.3000E+01  2.0590E+22  2.2807E+21  2.7449E+21
6.0000E-16  1.3000E-15  9.6000E-16  2.2000E-15  7.0000E-22  3.0000E-44  2.7832E-43  5.2000E+00  5.3000E+01  2.0614E+22  2.2869E+21  2.7148E+21
6.0000E-16  1.3000E-15  9.6000E-16  2.2000E-15  7.0000E-22  3.0000E-44  2.9157E-43  5.2000E+00  5.3000E+01  2.0641E+22  2.2938E+21  2.6809E+21
6.0000E-16  1.3000E-15  9.6000E-16  2.2000E-15  7.0000E-22  3.0000E-44  3.0546E-43  5.2000E+00  5.3000E+01  2.0665E+22  2.2999E+21  2.6508E+21
6.0000E-16  1.3000E-15  9.6000E-16  2.2000E-15  7.0000E-22  3.0000E-44  3.2000E-43  5.2000E+00  5.3000E+01  2.0692E+22  2.3068E+21  2.6174E+21