6.0000E-16  1.3000E-15  9.6000E-16  2.2000E-15  7.0000E-22  3.0000E-44  3.2000E-45  5.2000E+00  5.3000E+01  1.9571E+22  2.0420E+21  4.0032E+21
6.0000E-16  1.3619E-15  9.6000E-16  2.2000E-15  7.0000E-22  3.0000E-44  3.2000E-45  5.2000E+00  5.3000E+01  1.9593E+22  2.0233E+21  3.9998E+21
6.0000E-16  1.4267E-15  9.6000E-16  2.2000E-15  7.0000E-22  3.0000E-44  3.2000E-45  5.2000E+00  5.3000E+01  1.9618E+22  2.0019E+21  3.9959E+21
6.0000E-16  1.4947E-15  9.6000E-16  2.2000E-15  7.0000E-22  3.0000E-44  3.2000E-45  5.2000E+00  5.3000E+01  1.9639E+22  1.9840E+21  3.9926E+21
6.0000E-16  1.5659E-15  9.6000E-16  2.2000E-15  7.0000E-22  3.0000E-44  3.2000E-45  5.2000E+00  5.3000E+01  1.9667E+22  1.9605E+21  3.9883E+21
6.0000E-16  1.6404E-15  9.6000E-16  2.2000E-15  7.0000E-22  3.0000E-44  3.2000E-45  5.2000E+00  5.3000E+01  1.9691E+22  1.9405E+21  3.9846E+21
6.0000E-16  1.7185E-15  9.6000E-16  2.2000E-15  7.0000E-22  3.0000E-44  3.2000E-45  5.2000E+00  5.3000E+01  1.9717E+22  1.9180E+21  3.9805E+21
6.0000E-16  1.8004E-15  9.6000E-16  2.2000E-15  7.0000E-22  3.0000E-44  3.2000E-45  5.2000E+00  5.3000E+01  1.9743E+22  1.8961E+21  3.9765E+21
6.0000E-16  1.8861E-15  9.6000E-16  2.2000E-15  7.0000E-22  3.0000E-44  3.2000E-45  5.2000E+00  5.3000E+01  1.9772E+22  1.8720E+21  3.9721E+21
6.0000E-16  1.9759E-15  9.6000E-16  2.2000E-15  7.0000E-22  3.0000E-44  3.2000E-45  5.2000E+00  5.3000E+01  1.9800E+22  1.8485E+21  3.9677E+21
6.0000E-16  2.0700E-15  9.6000E-16  2.2000E-15  7.0000E-22  3.0000E-44  3.2000E-45  5.2000E+00  5.3000E+01  1.9827E+22  1.8256E+21  3.9635E+21
6.0000E-16  2.1685E-15  9.6000E-16  2.2000E-15  7.0000E-22  3.0000E-44  3.2000E-45  5.2000E+00  5.3000E+01  1.9856E+22  1.8009E+21  3.9590E+21
6.0000E-16  2.2718E-15  9.6000E-16  2.2000E-15  7.0000E-22  3.0000E-44  3.2000E-45  5.2000E+00  5.3000E+01  1.9885E+22  1.7767E+21  3.9546E+21
6.0000E-16  2.3800E-15  9.6000E-16  2.2000E-15  7.0000E-22  3.0000E-44  3.2000E-45  5.2000E+00  5.3000E+01  1.9915E+22  1.7509E+21  3.9498E+21
6.0000E-16  2.4933E-15  9.6000E-16  2.2000E-15  7.0000E-22  3.0000E-44  3.2000E-45  5.2000E+00  5.3000E+01  1.9945E+22  1.7258E+21  3.9452E+21
6.0000E-16  2.6120E-15  9.6000E-16  2.2000E-15  7.0000E-22  3.0000E-44  3.2000E-45  5.2000E+00  5.3000E+01  1.9976E+22  1.6993E+21  3.9404E+21
6.0000E-16  2.7364E-15  9.6000E-16  2.2000E-15  7.0000E-22  3.0000E-44  3.2000E-45  5.2000E+00  5.3000E+01  2.0009E+22  1.6714E+21  3.9353E+21
6.0000E-16  2.8667E-15  9.6000E-16  2.2000E-15  7.0000E-22  3.0000E-44  3.2000E-45  5.2000E+00  5.3000E+01  2.0041E+22  1.6445E+21  3.9303E+21
6.0000E-16  3.0032E-15  9.6000E-16  2.2000E-15  7.0000E-22  3.0000E-44  3.2000E-45  5.2000E+00  5.3000E+01  2.0072E+22  1.6184E+21  3.9255E+21
6.0000E-16  3.1462E-15  9.6000E-16  2.2000E-15  7.0000E-22  3.0000E-44  3.2000E-45  5.2000E+00  5.3000E+01  2.0107E+22  1.5892E+21  3.9202E+21
6.0000E-16  3.2960E-15  9.6000E-16  2.2000E-15  7.0000E-22  3.0000E-44  3.2000E-45  5.2000E+00  5.3000E+01  2.0140E+22  1.5611E+21  3.9150E+21
6.0000E-16  3.4529E-15  9.6000E-16  2.2000E-15  7.0000E-22  3.0000E-44  3.2000E-45  5.2000E+00  5.3000E+01  2.0172E+22  1.5340E+21  3.9101E+21
6.0000E-16  3.6173E-15  9.6000E-16  2.2000E-15  7.0000E-22  3.0000E-44  3.2000E-45  5.2000E+00  5.3000E+01  2.0207E+22  1.5044E+21  3.9046E+21
6.0000E-16  3.7896E-15  9.6000E-16  2.2000E-15  7.0000E-22  3.0000E-44  3.2000E-45  5.2000E+00  5.3000E+01  2.0241E+22  1.4759E+21  3.8994E+21
6.0000E-16  3.9700E-15  9.6000E-16  2.2000E-15  7.0000E-22  3.0000E-44  3.2000E-45  5.2000E+00  5.3000E+01  2.0275E+22  1.4469E+21  3.8941E+21
6.0000E-16  4.1590E-15  9.6000E-16  2.2000E-15  7.0000E-22  3.0000E-44  3.2000E-45  5.2000E+00  5.3000E+01  2.0310E+22  1.4174E+21  3.8887E+21
6.0000E-16  4.3571E-15  9.6000E-16  2.2000E-15  7.0000E-22  3.0000E-44  3.2000E-45  5.2000E+00  5.3000E+01  2.0345E+22  1.3877E+21  3.8832E+21
6.0000E-16  4.5645E-15  9.6000E-16  2.2000E-15  7.0000E-22  3.0000E-44  3.2000E-45  5.2000E+00  5.3000E+01  2.0379E+22  1.3592E+21  3.8780E+21
6.0000E-16  4.7819E-15  9.6000E-16  2.2000E-15  7.0000E-22  3.0000E-44  3.2000E-45  5.2000E+00  5.3000E+01  2.0414E+22  1.3292E+21  3.8725E+21
6.0000E-16  5.0096E-15  9.6000E-16  2.2000E-15  7.0000E-22  3.0000E-44  3.2000E-45  5.2000E+00  5.3000E+01  2.0450E+22  1.2991E+21  3.8670E+21
6.0000E-16  5.2481E-15  9.6000E-16  2.2000E-15  7.0000E-22  3.0000E-44  3.2000E-45  5.2000E+00  5.3000E+01  2.0485E+22  1.2692E+21  3.8615E+21
6.0000E-16  5.4980E-15  9.6000E-16  2.2000E-15  7.0000E-22  3.0000E-44  3.2000E-45  5.2000E+00  5.3000E+01  2.0520E+22  1.2395E+21  3.8561E+21
6.0000E-16  5.7598E-15  9.6000E-16  2.2000E-15  7.0000E-22  3.0000E-44  3.2000E-45  5.2000E+00  5.3000E+01  2.0555E+22  1.2100E+21  3.8506E+21
6.0000E-16  6.0341E-15  9.6000E-16  2.2000E-15  7.0000E-22  3.0000E-44  3.2000E-45  5.2000E+00  5.3000E+01  2.0590E+22  1.1808E+21  3.8453E+21
6.0000E-16  6.3214E-15  9.6000E-16  2.2000E-15  7.0000E-22  3.0000E-44  3.2000E-45  5.2000E+00  5.3000E+01  2.0625E+22  1.1510E+21  3.8398E+21
6.0000E-16  6.6224E-15  9.6000E-16  2.2000E-15  7.0000E-22  3.0000E-44  3.2000E-45  5.2000E+00  5.3000E+01  2.0660E+22  1.1217E+21  3.8345E+21
6.0000E-16  6.9377E-15  9.6000E-16  2.2000E-15  7.0000E-22  3.0000E-44  3.2000E-45  5.2000E+00  5.3000E+01  2.0695E+22  1.0921E+21  3.8290E+21
6.0000E-16  7.2681E-15  9.6000E-16  2.2000E-15  7.0000E-22  3.0000E-44  3.2000E-45  5.2000E+00  5.3000E+01  2.0729E+22  1.0631E+21  3.8237E+21
6.0000E-16  7.6141E-15  9.6000E-16  2.2000E-15  7.0000E-22  3.0000E-44  3.2000E-45  5.2000E+00  5.3000E+01  2.0763E+22  1.0348E+21  3.8185E+21
6.0000E-16  7.9767E-15  9.6000E-16  2.2000E-15  7.0000E-22  3.0000E-44  3.2000E-45  5.2000E+00  5.3000E+01  2.0797E+22  1.0057E+21  3.8132E+21
6.0000E-16  8.3565E-15  9.6000E-16  2.2000E-15  7.0000E-22  3.0000E-44  3.2000E-45  5.2000E+00  5.3000E+01  2.0831E+22  9.7741E+20  3.8080E+21
6.0000E-16  8.7544E-15  9.6000E-16  2.2000E-15  7.0000E-22  3.0000E-44  3.2000E-45  5.2000E+00  5.3000E+01  2.0863E+22  9.5000E+20  3.8030E+21
6.0000E-16  9.1712E-15  9.6000E-16  2.2000E-15  7.0000E-22  3.0000E-44  3.2000E-45  5.2000E+00  5.3000E+01  2.0896E+22  9.2215E+20  3.7979E+21
6.0000E-16  9.6079E-15  9.6000E-16  2.2000E-15  7.0000E-22  3.0000E-44  3.2000E-45  5.2000E+00  5.3000E+01  2.0928E+22  8.9468E+20  3.7929E+21
6.0000E-16  1.0065E-14  9.6000E-16  2.2000E-15  7.0000E-22  3.0000E-44  3.2000E-45  5.2000E+00  5.3000E+01  2.0962E+22  8.6594E+20  3.7876E+21
6.0000E-16  1.0545E-14  9.6000E-16  2.2000E-15  7.0000E-22  3.0000E-44  3.2000E-45  5.2000E+00  5.3000E+01  2.0989E+22  8.4381E+20  3.7835E+21
6.0000E-16  1.1047E-14  9.6000E-16  2.2000E-15  7.0000E-22  3.0000E-44  3.2000E-45  5.2000E+00  5.3000E+01  2.1020E+22  8.1770E+20  3.7787E+21
6.0000E-16  1.1573E-14  9.6000E-16  2.2000E-15  7.0000E-22  3.0000E-44  3.2000E-45  5.2000E+00  5.3000E+01  2.1054E+22  7.8841E+20  3.7734E+21
6.0000E-16  1.2124E-14  9.6000E-16  2.2000E-15  7.0000E-22  3.0000E-44  3.2000E-45  5.2000E+00  5.3000E+01  2.1081E+22  7.6556E+20  3.7692E+21
6.0000E-16  1.2701E-14  9.6000E-16  2.2000E-15  7.0000E-22  3.0000E-44  3.2000E-45  5.2000E+00  5.3000E+01  2.1112E+22  7.3982E+20  3.7645E+21
6.0000E-16  1.3306E-14  9.6000E-16  2.2000E-15  7.0000E-22  3.0000E-44  3.2000E-45  5.2000E+00  5.3000E+01  2.1140E+22  7.1576E+20  3.7601E+21
6.0000E-16  1.3939E-14  9.6000E-16  2.2000E-15  7.0000E-22  3.0000E-44  3.2000E-45  5.2000E+00  5.3000E+01  2.1167E+22  6.9322E+20  3.7559E+21
6.0000E-16  1.4603E-14  9.6000E-16  2.2000E-15  7.0000E-22  3.0000E-44  3.2000E-45  5.2000E+00  5.3000E+01  2.1196E+22  6.6864E+20  3.7514E+21
6.0000E-16  1.5299E-14  9.6000E-16  2.2000E-15  7.0000E-22  3.0000E-44  3.2000E-45  5.2000E+00  5.3000E+01  2.1223E+22  6.4575E+20  3.7472E+21
6.0000E-16  1.6027E-14  9.6000E-16  2.2000E-15  7.0000E-22  3.0000E-44  3.2000E-45  5.2000E+00  5.3000E+01  2.1248E+22  6.2437E+20  3.7433E+21
6.0000E-16  1.6790E-14  9.6000E-16  2.2000E-15  7.0000E-22  3.0000E-44  3.2000E-45  5.2000E+00  5.3000E+01  2.1275E+22  6.0161E+20  3.7392E+21
6.0000E-16  1.7590E-14  9.6000E-16  2.2000E-15  7.0000E-22  3.0000E-44  3.2000E-45  5.2000E+00  5.3000E+01  2.1300E+22  5.8045E+20  3.7353E+21
6.0000E-16  1.8427E-14  9.6000E-16  2.2000E-15  7.0000E-22  3.0000E-44  3.2000E-45  5.2000E+00  5.3000E+01  2.1324E+22  5.6072E+20  3.7317E+21
6.0000E-16  1.9305E-14  9.6000E-16  2.2000E-15  7.0000E-22  3.0000E-44  3.2000E-45  5.2000E+00  5.3000E+01  2.1348E+22  5.4007E+20  3.7279E+21
6.0000E-16  2.0224E-14  9.6000E-16  2.2000E-15  7.0000E-22  3.0000E-44  3.2000E-45  5.2000E+00  5.3000E+01  2.1371E+22  5.2089E+20  3.7244E+21
6.0000E-16  2.1187E-14  9.6000E-16  2.2000E-15  7.0000E-22  3.0000E-44  3.2000E-45  5.2000E+00  5.3000E+01  2.1394E+22  5.0111E+20  3.7207E+21
6.0000E-16  2.2196E-14  9.6000E-16  2.2000E-15  7.0000E-22  3.0000E-44  3.2000E-45  5.2000E+00  5.3000E+01  2.1416E+22  4.8278E+20  3.7174E+21
6.0000E-16  2.3252E-14  9.6000E-16  2.2000E-15  7.0000E-22  3.0000E-44  3.2000E-45  5.2000E+00  5.3000E+01  2.1438E+22  4.6411E+20  3.7140E+21
6.0000E-16  2.4360E-14  9.6000E-16  2.2000E-15  7.0000E-22  3.0000E-44  3.2000E-45  5.2000E+00  5.3000E+01  2.1458E+22  4.4682E+20  3.7108E+21
6.0000E-16  2.5520E-14  9.6000E-16  2.2000E-15  7.0000E-22  3.0000E-44  3.2000E-45  5.2000E+00  5.3000E+01  2.1477E+22  4.3078E+20  3.7079E+21
6.0000E-16  2.6735E-14  9.6000E-16  2.2000E-15  7.0000E-22  3.0000E-44  3.2000E-45  5.2000E+00  5.3000E+01  2.1497E+22  4.1454E+20  3.7049E+21
6.0000E-16  2.8008E-14  9.6000E-16  2.2000E-15  7.0000E-22  3.0000E-44  3.2000E-45  5.2000E+00  5.3000E+01  2.1516E+22  3.9828E+20  3.7019E+21
6.0000E-16  2.9341E-14  9.6000E-16  2.2000E-15  7.0000E-22  3.0000E-44  3.2000E-45  5.2000E+00  5.3000E+01  2.1534E+22  3.8324E+20  3.6992E+21
6.0000E-16  3.0738E-14  9.6000E-16  2.2000E-15  7.0000E-22  3.0000E-44  3.2000E-45  5.2000E+00  5.3000E+01  2.1551E+22  3.6827E+20  3.6964E+21
6.0000E-16  3.2202E-14  9.6000E-16  2.2000E-15  7.0000E-22  3.0000E-44  3.2000E-45  5.2000E+00  5.3000E+01  2.1569E+22  3.5347E+20  3.6937E+21
6.0000E-16  3.3735E-14  9.6000E-16  2.2000E-15  7.0000E-22  3.0000E-44  3.2000E-45  5.2000E+00  5.3000E+01  2.1585E+22  3.3982E+20  3.6912E+21
6.0000E-16  3.5342E-14  9.6000E-16  2.2000E-15  7.0000E-22  3.0000E-44  3.2000E-45  5.2000E+00  5.3000E+01  2.1601E+22  3.2637E+20  3.6887E+21
6.0000E-16  3.7024E-14  9.6000E-16  2.2000E-15  7.0000E-22  3.0000E-44  3.2000E-45  5.2000E+00  5.3000E+01  2.1616E+22  3.1320E+20  3.6863E+21
6.0000E-16  3.8787E-14  9.6000E-16  2.2000E-15  7.0000E-22  3.0000E-44  3.2000E-45  5.2000E+00  5.3000E+01  2.1632E+22  3.0036E+20  3.6840E+21
6.0000E-16  4.0634E-14  9.6000E-16  2.2000E-15  7.0000E-22  3.0000E-44  3.2000E-45  5.2000E+00  5.3000E+01  2.1646E+22  2.8854E+20  3.6818E+21
6.0000E-16  4.2569E-14  9.6000E-16  2.2000E-15  7.0000E-22  3.0000E-44  3.2000E-45  5.2000E+00  5.3000E+01  2.1660E+22  2.7645E+20  3.6796E+21
6.0000E-16  4.4596E-14  9.6000E-16  2.2000E-15  7.0000E-22  3.0000E-44  3.2000E-45  5.2000E+00  5.3000E+01  2.1673E+22  2.6533E+20  3.6776E+21
6.0000E-16  4.6720E-14  9.6000E-16  2.2000E-15  7.0000E-22  3.0000E-44  3.2000E-45  5.2000E+00  5.3000E+01  2.1686E+22  2.5458E+20  3.6756E+21
6.0000E-16  4.8944E-14  9.6000E-16  2.2000E-15  7.0000E-22  3.0000E-44  3.2000E-45  5.2000E+00  5.3000E+01  2.1698E+22  2.4421E+20  3.6737E+21
6.0000E-16  5.1275E-14  9.6000E-16  2.2000E-15  7.0000E-22  3.0000E-44  3.2000E-45  5.2000E+00  5.3000E+01  2.1710E+22  2.3383E+20  3.6718E+21
6.0000E-16  5.3716E-14  9.6000E-16  2.2000E-15  7.0000E-22  3.0000E-44  3.2000E-45  5.2000E+00  5.3000E+01  2.1722E+22  2.2429E+20  3.6700E+21
6.0000E-16  5.6274E-14  9.6000E-16  2.2000E-15  7.0000E-22  3.0000E-44  3.2000E-45  5.2000E+00  5.3000E+01  2.1733E+22  2.1479E+20  3.6683E+21
6.0000E-16  5.8953E-14  9.6000E-16  2.2000E-15  7.0000E-22  3.0000E-44  3.2000E-45  5.2000E+00  5.3000E+01  2.1744E+22  2.0575E+20  3.6666E+21
6.0000E-16  6.1761E-14  9.6000E-16  2.2000E-15  7.0000E-22  3.0000E-44  3.2000E-45  5.2000E+00  5.3000E+01  2.1754E+22  1.9714E+20  3.6651E+21
6.0000E-16  6.4701E-14  9.6000E-16  2.2000E-15  7.0000E-22  3.0000E-44  3.2000E-45  5.2000E+00  5.3000E+01  2.1763E+22  1.8895E+20  3.6636E+21
6.0000E-16  6.7782E-14  9.6000E-16  2.2000E-15  7.0000E-22  3.0000E-44  3.2000E-45  5.2000E+00  5.3000E+01  2.1773E+22  1.8092E+20  3.6621E+21
6.0000E-16  7.1010E-14  9.6000E-16  2.2000E-15  7.0000E-22  3.0000E-44  3.2000E-45  5.2000E+00  5.3000E+01  2.1782E+22  1.7331E+20  3.6607E+21
6.0000E-16  7.4391E-14  9.6000E-16  2.2000E-15  7.0000E-22  3.0000E-44  3.2000E-45  5.2000E+00  5.3000E+01  2.1791E+22  1.6590E+20  3.6594E+21
6.0000E-16  7.7933E-14  9.6000E-16  2.2000E-15  7.0000E-22  3.0000E-44  3.2000E-45  5.2000E+00  5.3000E+01  2.1799E+22  1.5891E+20  3.6581E+21
6.0000E-16  8.1644E-14  9.6000E-16  2.2000E-15  7.0000E-22  3.0000E-44  3.2000E-45  5.2000E+00  5.3000E+01  2.1807E+22  1.5213E+20  3.6568E+21
6.0000E-16  8.5531E-14  9.6000E-16  2.2000E-15  7.0000E-22  3.0000E-44  3.2000E-45  5.2000E+00  5.3000E+01  2.1815E+22  1.4558E+20  3.6556E+21
6.0000E-16  8.9604E-14  9.6000E-16  2.2000E-15  7.0000E-22  3.0000E-44  3.2000E-45  5.2000E+00  5.3000E+01  2.1822E+22  1.3928E+20  3.6545E+21
6.0000E-16  9.3871E-14  9.6000E-16  2.2000E-15  7.0000E-22  3.0000E-44  3.2000E-45  5.2000E+00  5.3000E+01  2.1829E+22  1.3323E+20  3.6534E+21
6.0000E-16  9.8340E-14  9.6000E-16  2.2000E-15  7.0000E-22  3.0000E-44  3.2000E-45  5.2000E+00  5.3000E+01  2.1836E+22  1.2756E+20  3.6523E+21
6.0000E-16  1.0302E-13  9.6000E-16  2.2000E-15  7.0000E-22  3.0000E-44  3.2000E-45  5.2000E+00  5.3000E+01  2.1843E+22  1.2202E+20  3.6513E+21
6.0000E-16  1.0793E-13  9.6000E-16  2.2000E-15  7.0000E-22  3.0000E-44  3.2000E-45  5.2000E+00  5.3000E+01  2.1849E+22  1.1663E+20  3.6503E+21
6.0000E-16  1.1307E-13  9.6000E-16  2.2000E-15  7.0000E-22  3.0000E-44  3.2000E-45  5.2000E+00  5.3000E+01  2.1855E+22  1.1169E+20  3.6494E+21
6.0000E-16  1.1845E-13  9.6000E-16  2.2000E-15  7.0000E-22  3.0000E-44  3.2000E-45  5.2000E+00  5.3000E+01  2.1860E+22  1.0715E+20  3.6486E+21
6.0000E-16  1.2409E-13  9.6000E-16  2.2000E-15  7.0000E-22  3.0000E-44  3.2000E-45  5.2000E+00  5.3000E+01  2.1866E+22  1.0217E+20  3.6477E+21
6.0000E-16  1.3000E-13  9.6000E-16  2.2000E-15  7.0000E-22  3.0000E-44  3.2000E-45  5.2000E+00  5.3000E+01  2.1871E+22  9.7636E+19  3.6469E+21