6.0000E-16  1.3000E-15  9.6000E-16  2.2000E-15  7.0000E-22  3.0000E-44  3.2000E-45  5.2000E+00  5.3000E+01  1.9571E+22  2.0420E+21  4.0032E+21
6.0000E-16  1.3000E-15  9.6000E-16  2.3048E-15  7.0000E-22  3.0000E-44  3.2000E-45  5.2000E+00  5.3000E+01  1.9584E+22  2.0061E+21  4.0261E+21
6.0000E-16  1.3000E-15  9.6000E-16  2.4145E-15  7.0000E-22  3.0000E-44  3.2000E-45  5.2000E+00  5.3000E+01  1.9598E+22  1.9681E+21  4.0503E+21
6.0000E-16  1.3000E-15  9.6000E-16  2.5295E-15  7.0000E-22  3.0000E-44  3.2000E-45  5.2000E+00  5.3000E+01  1.9612E+22  1.9284E+21  4.0757E+21
6.0000E-16  1.3000E-15  9.6000E-16  2.6499E-15  7.0000E-22  3.0000E-44  3.2000E-45  5.2000E+00  5.3000E+01  1.9625E+22  1.8904E+21  4.1001E+21
6.0000E-16  1.3000E-15  9.6000E-16  2.7761E-15  7.0000E-22  3.0000E-44  3.2000E-45  5.2000E+00  5.3000E+01  1.9640E+22  1.8509E+21  4.1256E+21
6.0000E-16  1.3000E-15  9.6000E-16  2.9083E-15  7.0000E-22  3.0000E-44  3.2000E-45  5.2000E+00  5.3000E+01  1.9653E+22  1.8130E+21  4.1500E+21
6.0000E-16  1.3000E-15  9.6000E-16  3.0468E-15  7.0000E-22  3.0000E-44  3.2000E-45  5.2000E+00  5.3000E+01  1.9667E+22  1.7741E+21  4.1752E+21
6.0000E-16  1.3000E-15  9.6000E-16  3.1918E-15  7.0000E-22  3.0000E-44  3.2000E-45  5.2000E+00  5.3000E+01  1.9680E+22  1.7369E+21  4.1993E+21
6.0000E-16  1.3000E-15  9.6000E-16  3.3438E-15  7.0000E-22  3.0000E-44  3.2000E-45  5.2000E+00  5.3000E+01  1.9693E+22  1.6987E+21  4.2241E+21
6.0000E-16  1.3000E-15  9.6000E-16  3.5030E-15  7.0000E-22  3.0000E-44  3.2000E-45  5.2000E+00  5.3000E+01  1.9707E+22  1.6599E+21  4.2495E+21
6.0000E-16  1.3000E-15  9.6000E-16  3.6698E-15  7.0000E-22  3.0000E-44  3.2000E-45  5.2000E+00  5.3000E+01  1.9720E+22  1.6207E+21  4.2751E+21
6.0000E-16  1.3000E-15  9.6000E-16  3.8446E-15  7.0000E-22  3.0000E-44  3.2000E-45  5.2000E+00  5.3000E+01  1.9733E+22  1.5833E+21  4.2997E+21
6.0000E-16  1.3000E-15  9.6000E-16  4.0276E-15  7.0000E-22  3.0000E-44  3.2000E-45  5.2000E+00  5.3000E+01  1.9747E+22  1.5436E+21  4.3258E+21
6.0000E-16  1.3000E-15  9.6000E-16  4.2194E-15  7.0000E-22  3.0000E-44  3.2000E-45  5.2000E+00  5.3000E+01  1.9760E+22  1.5058E+21  4.3507E+21
6.0000E-16  1.3000E-15  9.6000E-16  4.4203E-15  7.0000E-22  3.0000E-44  3.2000E-45  5.2000E+00  5.3000E+01  1.9772E+22  1.4681E+21  4.3756E+21
6.0000E-16  1.3000E-15  9.6000E-16  4.6308E-15  7.0000E-22  3.0000E-44  3.2000E-45  5.2000E+00  5.3000E+01  1.9785E+22  1.4306E+21  4.4005E+21
6.0000E-16  1.3000E-15  9.6000E-16  4.8513E-15  7.0000E-22  3.0000E-44  3.2000E-45  5.2000E+00  5.3000E+01  1.9797E+22  1.3933E+21  4.4253E+21
6.0000E-16  1.3000E-15  9.6000E-16  5.0823E-15  7.0000E-22  3.0000E-44  3.2000E-45  5.2000E+00  5.3000E+01  1.9810E+22  1.3564E+21  4.4499E+21
6.0000E-16  1.3000E-15  9.6000E-16  5.3243E-15  7.0000E-22  3.0000E-44  3.2000E-45  5.2000E+00  5.3000E+01  1.9822E+22  1.3200E+21  4.4742E+21
6.0000E-16  1.3000E-15  9.6000E-16  5.5778E-15  7.0000E-22  3.0000E-44  3.2000E-45  5.2000E+00  5.3000E+01  1.9834E+22  1.2828E+21  4.4992E+21
6.0000E-16  1.3000E-15  9.6000E-16  5.8434E-15  7.0000E-22  3.0000E-44  3.2000E-45  5.2000E+00  5.3000E+01  1.9846E+22  1.2476E+21  4.5228E+21
6.0000E-16  1.3000E-15  9.6000E-16  6.1216E-15  7.0000E-22  3.0000E-44  3.2000E-45  5.2000E+00  5.3000E+01  1.9857E+22  1.2119E+21  4.5469E+21
6.0000E-16  1.3000E-15  9.6000E-16  6.4131E-15  7.0000E-22  3.0000E-44  3.2000E-45  5.2000E+00  5.3000E+01  1.9869E+22  1.1770E+21  4.5705E+21
6.0000E-16  1.3000E-15  9.6000E-16  6.7185E-15  7.0000E-22  3.0000E-44  3.2000E-45  5.2000E+00  5.3000E+01  1.9880E+22  1.1420E+21  4.5942E+21
6.0000E-16  1.3000E-15  9.6000E-16  7.0384E-15  7.0000E-22  3.0000E-44  3.2000E-45  5.2000E+00  5.3000E+01  1.9891E+22  1.1079E+21  4.6173E+21
6.0000E-16  1.3000E-15  9.6000E-16  7.3735E-15  7.0000E-22  3.0000E-44  3.2000E-45  5.2000E+00  5.3000E+01  1.9901E+22  1.0749E+21  4.6398E+21
6.0000E-16  1.3000E-15  9.6000E-16  7.7246E-15  7.0000E-22  3.0000E-44  3.2000E-45  5.2000E+00  5.3000E+01  1.9912E+22  1.0420E+21  4.6622E+21
6.0000E-16  1.3000E-15  9.6000E-16  8.0924E-15  7.0000E-22  3.0000E-44  3.2000E-45  5.2000E+00  5.3000E+01  1.9922E+22  1.0094E+21  4.6846E+21
6.0000E-16  1.3000E-15  9.6000E-16  8.4778E-15  7.0000E-22  3.0000E-44  3.2000E-45  5.2000E+00  5.3000E+01  1.9932E+22  9.7719E+20  4.7066E+21
6.0000E-16  1.3000E-15  9.6000E-16  8.8814E-15  7.0000E-22  3.0000E-44  3.2000E-45  5.2000E+00  5.3000E+01  1.9942E+22  9.4625E+20  4.7279E+21
6.0000E-16  1.3000E-15  9.6000E-16  9.3043E-15  7.0000E-22  3.0000E-44  3.2000E-45  5.2000E+00  5.3000E+01  1.9951E+22  9.1583E+20  4.7489E+21
6.0000E-16  1.3000E-15  9.6000E-16  9.7474E-15  7.0000E-22  3.0000E-44  3.2000E-45  5.2000E+00  5.3000E+01  1.9961E+22  8.8536E+20  4.7699E+21
6.0000E-16  1.3000E-15  9.6000E-16  1.0211E-14  7.0000E-22  3.0000E-44  3.2000E-45  5.2000E+00  5.3000E+01  1.9970E+22  8.5688E+20  4.7896E+21
6.0000E-16  1.3000E-15  9.6000E-16  1.0698E-14  7.0000E-22  3.0000E-44  3.2000E-45  5.2000E+00  5.3000E+01  1.9979E+22  8.2732E+20  4.8101E+21
6.0000E-16  1.3000E-15  9.6000E-16  1.1207E-14  7.0000E-22  3.0000E-44  3.2000E-45  5.2000E+00  5.3000E+01  1.9987E+22  7.9976E+20  4.8292E+21
6.0000E-16  1.3000E-15  9.6000E-16  1.1741E-14  7.0000E-22  3.0000E-44  3.2000E-45  5.2000E+00  5.3000E+01  1.9995E+22  7.7399E+20  4.8472E+21
6.0000E-16  1.3000E-15  9.6000E-16  1.2300E-14  7.0000E-22  3.0000E-44  3.2000E-45  5.2000E+00  5.3000E+01  2.0004E+22  7.4520E+20  4.8673E+21
6.0000E-16  1.3000E-15  9.6000E-16  1.2885E-14  7.0000E-22  3.0000E-44  3.2000E-45  5.2000E+00  5.3000E+01  2.0012E+22  7.1848E+20  4.8859E+21
6.0000E-16  1.3000E-15  9.6000E-16  1.3499E-14  7.0000E-22  3.0000E-44  3.2000E-45  5.2000E+00  5.3000E+01  2.0019E+22  6.9363E+20  4.9033E+21
6.0000E-16  1.3000E-15  9.6000E-16  1.4142E-14  7.0000E-22  3.0000E-44  3.2000E-45  5.2000E+00  5.3000E+01  2.0026E+22  6.7045E+20  4.9196E+21
6.0000E-16  1.3000E-15  9.6000E-16  1.4815E-14  7.0000E-22  3.0000E-44  3.2000E-45  5.2000E+00  5.3000E+01  2.0034E+22  6.4531E+20  4.9373E+21
6.0000E-16  1.3000E-15  9.6000E-16  1.5521E-14  7.0000E-22  3.0000E-44  3.2000E-45  5.2000E+00  5.3000E+01  2.0040E+22  6.2200E+20  4.9537E+21
6.0000E-16  1.3000E-15  9.6000E-16  1.6260E-14  7.0000E-22  3.0000E-44  3.2000E-45  5.2000E+00  5.3000E+01  2.0048E+22  5.9734E+20  4.9711E+21
6.0000E-16  1.3000E-15  9.6000E-16  1.7034E-14  7.0000E-22  3.0000E-44  3.2000E-45  5.2000E+00  5.3000E+01  2.0054E+22  5.7733E+20  4.9852E+21
6.0000E-16  1.3000E-15  9.6000E-16  1.7845E-14  7.0000E-22  3.0000E-44  3.2000E-45  5.2000E+00  5.3000E+01  2.0060E+22  5.5604E+20  5.0003E+21
6.0000E-16  1.3000E-15  9.6000E-16  1.8695E-14  7.0000E-22  3.0000E-44  3.2000E-45  5.2000E+00  5.3000E+01  2.0066E+22  5.3391E+20  5.0160E+21
6.0000E-16  1.3000E-15  9.6000E-16  1.9585E-14  7.0000E-22  3.0000E-44  3.2000E-45  5.2000E+00  5.3000E+01  2.0072E+22  5.1348E+20  5.0305E+21
6.0000E-16  1.3000E-15  9.6000E-16  2.0517E-14  7.0000E-22  3.0000E-44  3.2000E-45  5.2000E+00  5.3000E+01  2.0078E+22  4.9455E+20  5.0439E+21
6.0000E-16  1.3000E-15  9.6000E-16  2.1494E-14  7.0000E-22  3.0000E-44  3.2000E-45  5.2000E+00  5.3000E+01  2.0083E+22  4.7511E+20  5.0578E+21
6.0000E-16  1.3000E-15  9.6000E-16  2.2518E-14  7.0000E-22  3.0000E-44  3.2000E-45  5.2000E+00  5.3000E+01  2.0088E+22  4.5714E+20  5.0706E+21
6.0000E-16  1.3000E-15  9.6000E-16  2.3590E-14  7.0000E-22  3.0000E-44  3.2000E-45  5.2000E+00  5.3000E+01  2.0094E+22  4.3888E+20  5.0836E+21
6.0000E-16  1.3000E-15  9.6000E-16  2.4713E-14  7.0000E-22  3.0000E-44  3.2000E-45  5.2000E+00  5.3000E+01  2.0098E+22  4.2203E+20  5.0957E+21
6.0000E-16  1.3000E-15  9.6000E-16  2.5890E-14  7.0000E-22  3.0000E-44  3.2000E-45  5.2000E+00  5.3000E+01  2.0103E+22  4.0507E+20  5.1078E+21
6.0000E-16  1.3000E-15  9.6000E-16  2.7123E-14  7.0000E-22  3.0000E-44  3.2000E-45  5.2000E+00  5.3000E+01  2.0108E+22  3.8942E+20  5.1190E+21
6.0000E-16  1.3000E-15  9.6000E-16  2.8414E-14  7.0000E-22  3.0000E-44  3.2000E-45  5.2000E+00  5.3000E+01  2.0112E+22  3.7378E+20  5.1303E+21
6.0000E-16  1.3000E-15  9.6000E-16  2.9767E-14  7.0000E-22  3.0000E-44  3.2000E-45  5.2000E+00  5.3000E+01  2.0116E+22  3.5829E+20  5.1414E+21
6.0000E-16  1.3000E-15  9.6000E-16  3.1184E-14  7.0000E-22  3.0000E-44  3.2000E-45  5.2000E+00  5.3000E+01  2.0120E+22  3.4403E+20  5.1516E+21
6.0000E-16  1.3000E-15  9.6000E-16  3.2669E-14  7.0000E-22  3.0000E-44  3.2000E-45  5.2000E+00  5.3000E+01  2.0124E+22  3.2997E+20  5.1618E+21
6.0000E-16  1.3000E-15  9.6000E-16  3.4225E-14  7.0000E-22  3.0000E-44  3.2000E-45  5.2000E+00  5.3000E+01  2.0128E+22  3.1701E+20  5.1711E+21
6.0000E-16  1.3000E-15  9.6000E-16  3.5855E-14  7.0000E-22  3.0000E-44  3.2000E-45  5.2000E+00  5.3000E+01  2.0132E+22  3.0350E+20  5.1809E+21
6.0000E-16  1.3000E-15  9.6000E-16  3.7562E-14  7.0000E-22  3.0000E-44  3.2000E-45  5.2000E+00  5.3000E+01  2.0135E+22  2.9110E+20  5.1898E+21
6.0000E-16  1.3000E-15  9.6000E-16  3.9350E-14  7.0000E-22  3.0000E-44  3.2000E-45  5.2000E+00  5.3000E+01  2.0139E+22  2.7903E+20  5.1985E+21
6.0000E-16  1.3000E-15  9.6000E-16  4.1224E-14  7.0000E-22  3.0000E-44  3.2000E-45  5.2000E+00  5.3000E+01  2.0142E+22  2.6792E+20  5.2066E+21
6.0000E-16  1.3000E-15  9.6000E-16  4.3187E-14  7.0000E-22  3.0000E-44  3.2000E-45  5.2000E+00  5.3000E+01  2.0145E+22  2.5657E+20  5.2148E+21
6.0000E-16  1.3000E-15  9.6000E-16  4.5243E-14  7.0000E-22  3.0000E-44  3.2000E-45  5.2000E+00  5.3000E+01  2.0148E+22  2.4615E+20  5.2223E+21
6.0000E-16  1.3000E-15  9.6000E-16  4.7398E-14  7.0000E-22  3.0000E-44  3.2000E-45  5.2000E+00  5.3000E+01  2.0150E+22  2.3562E+20  5.2300E+21
6.0000E-16  1.3000E-15  9.6000E-16  4.9654E-14  7.0000E-22  3.0000E-44  3.2000E-45  5.2000E+00  5.3000E+01  2.0153E+22  2.2553E+20  5.2373E+21
6.0000E-16  1.3000E-15  9.6000E-16  5.2019E-14  7.0000E-22  3.0000E-44  3.2000E-45  5.2000E+00  5.3000E+01  2.0156E+22  2.1627E+20  5.2440E+21
6.0000E-16  1.3000E-15  9.6000E-16  5.4496E-14  7.0000E-22  3.0000E-44  3.2000E-45  5.2000E+00  5.3000E+01  2.0158E+22  2.0704E+20  5.2507E+21
6.0000E-16  1.3000E-15  9.6000E-16  5.7091E-14  7.0000E-22  3.0000E-44  3.2000E-45  5.2000E+00  5.3000E+01  2.0161E+22  1.9823E+20  5.2571E+21
6.0000E-16  1.3000E-15  9.6000E-16  5.9809E-14  7.0000E-22  3.0000E-44  3.2000E-45  5.2000E+00  5.3000E+01  2.0163E+22  1.8985E+20  5.2632E+21
6.0000E-16  1.3000E-15  9.6000E-16  6.2657E-14  7.0000E-22  3.0000E-44  3.2000E-45  5.2000E+00  5.3000E+01  2.0165E+22  1.8160E+20  5.2693E+21
6.0000E-16  1.3000E-15  9.6000E-16  6.5640E-14  7.0000E-22  3.0000E-44  3.2000E-45  5.2000E+00  5.3000E+01  2.0167E+22  1.7404E+20  5.2748E+21
6.0000E-16  1.3000E-15  9.6000E-16  6.8766E-14  7.0000E-22  3.0000E-44  3.2000E-45  5.2000E+00  5.3000E+01  2.0169E+22  1.6639E+20  5.2803E+21
6.0000E-16  1.3000E-15  9.6000E-16  7.2040E-14  7.0000E-22  3.0000E-44  3.2000E-45  5.2000E+00  5.3000E+01  2.0171E+22  1.5939E+20  5.2854E+21
6.0000E-16  1.3000E-15  9.6000E-16  7.5470E-14  7.0000E-22  3.0000E-44  3.2000E-45  5.2000E+00  5.3000E+01  2.0173E+22  1.5238E+20  5.2906E+21
6.0000E-16  1.3000E-15  9.6000E-16  7.9064E-14  7.0000E-22  3.0000E-44  3.2000E-45  5.2000E+00  5.3000E+01  2.0175E+22  1.4578E+20  5.2954E+21
6.0000E-16  1.3000E-15  9.6000E-16  8.2829E-14  7.0000E-22  3.0000E-44  3.2000E-45  5.2000E+00  5.3000E+01  2.0177E+22  1.3958E+20  5.2999E+21
6.0000E-16  1.3000E-15  9.6000E-16  8.6773E-14  7.0000E-22  3.0000E-44  3.2000E-45  5.2000E+00  5.3000E+01  2.0178E+22  1.3343E+20  5.3044E+21
6.0000E-16  1.3000E-15  9.6000E-16  9.0904E-14  7.0000E-22  3.0000E-44  3.2000E-45  5.2000E+00  5.3000E+01  2.0180E+22  1.2767E+20  5.3086E+21
6.0000E-16  1.3000E-15  9.6000E-16  9.5233E-14  7.0000E-22  3.0000E-44  3.2000E-45  5.2000E+00  5.3000E+01  2.0181E+22  1.2214E+20  5.3127E+21
6.0000E-16  1.3000E-15  9.6000E-16  9.9767E-14  7.0000E-22  3.0000E-44  3.2000E-45  5.2000E+00  5.3000E+01  2.0183E+22  1.1673E+20  5.3166E+21
6.0000E-16  1.3000E-15  9.6000E-16  1.0452E-13  7.0000E-22  3.0000E-44  3.2000E-45  5.2000E+00  5.3000E+01  2.0184E+22  1.1117E+20  5.3207E+21
6.0000E-16  1.3000E-15  9.6000E-16  1.0949E-13  7.0000E-22  3.0000E-44  3.2000E-45  5.2000E+00  5.3000E+01  2.0185E+22  1.0723E+20  5.3236E+21
6.0000E-16  1.3000E-15  9.6000E-16  1.1471E-13  7.0000E-22  3.0000E-44  3.2000E-45  5.2000E+00  5.3000E+01  2.0187E+22  1.0183E+20  5.3275E+21
6.0000E-16  1.3000E-15  9.6000E-16  1.2017E-13  7.0000E-22  3.0000E-44  3.2000E-45  5.2000E+00  5.3000E+01  2.0188E+22  9.7728E+19  5.3305E+21
6.0000E-16  1.3000E-15  9.6000E-16  1.2589E-13  7.0000E-22  3.0000E-44  3.2000E-45  5.2000E+00  5.3000E+01  2.0189E+22  9.3220E+19  5.3338E+21
6.0000E-16  1.3000E-15  9.6000E-16  1.3189E-13  7.0000E-22  3.0000E-44  3.2000E-45  5.2000E+00  5.3000E+01  2.0190E+22  8.9110E+19  5.3369E+21
6.0000E-16  1.3000E-15  9.6000E-16  1.3817E-13  7.0000E-22  3.0000E-44  3.2000E-45  5.2000E+00  5.3000E+01  2.0191E+22  8.5347E+19  5.3396E+21
6.0000E-16  1.3000E-15  9.6000E-16  1.4475E-13  7.0000E-22  3.0000E-44  3.2000E-45  5.2000E+00  5.3000E+01  2.0192E+22  8.1340E+19  5.3426E+21
6.0000E-16  1.3000E-15  9.6000E-16  1.5164E-13  7.0000E-22  3.0000E-44  3.2000E-45  5.2000E+00  5.3000E+01  2.0193E+22  7.7692E+19  5.3452E+21
6.0000E-16  1.3000E-15  9.6000E-16  1.5886E-13  7.0000E-22  3.0000E-44  3.2000E-45  5.2000E+00  5.3000E+01  2.0194E+22  7.4357E+19  5.3477E+21
6.0000E-16  1.3000E-15  9.6000E-16  1.6642E-13  7.0000E-22  3.0000E-44  3.2000E-45  5.2000E+00  5.3000E+01  2.0195E+22  7.1297E+19  5.3499E+21
6.0000E-16  1.3000E-15  9.6000E-16  1.7435E-13  7.0000E-22  3.0000E-44  3.2000E-45  5.2000E+00  5.3000E+01  2.0196E+22  6.8095E+19  5.3523E+21
6.0000E-16  1.3000E-15  9.6000E-16  1.8265E-13  7.0000E-22  3.0000E-44  3.2000E-45  5.2000E+00  5.3000E+01  2.0197E+22  6.4819E+19  5.3547E+21
6.0000E-16  1.3000E-15  9.6000E-16  1.9134E-13  7.0000E-22  3.0000E-44  3.2000E-45  5.2000E+00  5.3000E+01  2.0197E+22  6.2161E+19  5.3567E+21
6.0000E-16  1.3000E-15  9.6000E-16  2.0046E-13  7.0000E-22  3.0000E-44  3.2000E-45  5.2000E+00  5.3000E+01  2.0198E+22  5.9420E+19  5.3587E+21
6.0000E-16  1.3000E-15  9.6000E-16  2.1000E-13  7.0000E-22  3.0000E-44  3.2000E-45  5.2000E+00  5.3000E+01  2.0199E+22  5.6645E+19  5.3607E+21
6.0000E-16  1.3000E-15  9.6000E-16  2.2000E-13  7.0000E-22  3.0000E-44  3.2000E-45  5.2000E+00  5.3000E+01  2.0199E+22  5.4117E+19  5.3626E+21