6.0000E-16  1.3000E-15  8.0292E-15  1.0195E-14  7.0000E-22  3.0000E-44  3.2000E-45  5.2000E+00  5.3000E+01  1.0364E+22  3.9130E+20  1.4861E+22
6.0000E-16  1.3000E-15  9.4152E-15  2.4385E-15  7.0000E-22  3.0000E-44  3.2000E-45  5.2000E+00  5.3000E+01  9.4528E+21  6.9364E+20  1.5469E+22
6.0000E-16  1.3000E-15  7.8527E-15  2.0141E-14  7.0000E-22  3.0000E-44  3.2000E-45  5.2000E+00  5.3000E+01  1.0495E+22  2.4357E+20  1.4877E+22
6.0000E-16  1.3000E-15  6.2210E-15  4.7425E-15  7.0000E-22  3.0000E-44  3.2000E-45  5.2000E+00  5.3000E+01  1.1823E+22  6.9712E+20  1.3096E+22
6.0000E-16  1.3000E-15  2.9205E-15  5.3943E-15  7.0000E-22  3.0000E-44  3.2000E-45  5.2000E+00  5.3000E+01  1.5882E+22  9.4607E+20  8.7893E+21
6.0000E-16  1.3000E-15  7.5846E-15  7.0068E-16  7.0000E-22  3.0000E-44  3.2000E-45  5.2000E+00  5.3000E+01  1.0667E+22  1.0294E+21  1.3920E+22
6.0000E-16  1.3000E-15  2.0513E-15  6.8761E-15  7.0000E-22  3.0000E-44  3.2000E-45  5.2000E+00  5.3000E+01  1.7462E+22  9.3314E+20  7.2216E+21
6.0000E-16  1.3000E-15  1.0821E-15  1.2678E-14  7.0000E-22  3.0000E-44  3.2000E-45  5.2000E+00  5.3000E+01  1.9698E+22  7.1329E+20  5.2052E+21
6.0000E-16  1.3000E-15  9.3589E-15  1.4971E-14  7.0000E-22  3.0000E-44  3.2000E-45  5.2000E+00  5.3000E+01  9.4942E+21  2.7394E+20  1.5848E+22
6.0000E-16  1.3000E-15  6.7880E-15  1.4666E-14  7.0000E-22  3.0000E-44  3.2000E-45  5.2000E+00  5.3000E+01  1.1335E+22  3.3587E+20  1.3945E+22
6.0000E-16  1.3000E-15  8.6091E-15  1.9859E-14  7.0000E-22  3.0000E-44  3.2000E-45  5.2000E+00  5.3000E+01  9.9681E+21  2.3329E+20  1.5415E+22
6.0000E-16  1.3000E-15  3.3579E-15  5.9425E-15  7.0000E-22  3.0000E-44  3.2000E-45  5.2000E+00  5.3000E+01  1.5203E+22  8.4639E+20  9.5666E+21
6.0000E-16  1.3000E-15  5.4605E-17  8.8583E-16  7.0000E-22  3.0000E-44  3.2000E-45  5.2000E+00  5.3000E+01  2.1254E+22  3.6068E+21  7.5461E+20
6.0000E-16  1.3000E-15  3.7642E-16  3.2099E-15  7.0000E-22  3.0000E-44  3.2000E-45  5.2000E+00  5.3000E+01  2.1143E+22  1.9950E+21  2.4775E+21
6.0000E-16  1.3000E-15  6.6870E-15  1.6367E-15  7.0000E-22  3.0000E-44  3.2000E-45  5.2000E+00  5.3000E+01  1.1392E+22  9.6690E+20  1.3257E+22
6.0000E-16  1.3000E-15  6.7771E-15  2.7923E-15  7.0000E-22  3.0000E-44  3.2000E-45  5.2000E+00  5.3000E+01  1.1323E+22  8.2177E+20  1.3471E+22
6.0000E-16  1.3000E-15  3.0980E-15  1.6109E-14  7.0000E-22  3.0000E-44  3.2000E-45  5.2000E+00  5.3000E+01  1.5662E+22  4.4841E+20  9.5055E+21
6.0000E-16  1.3000E-15  4.4176E-15  1.8131E-15  7.0000E-22  3.0000E-44  3.2000E-45  5.2000E+00  5.3000E+01  1.3709E+22  1.2045E+21  1.0702E+22
6.0000E-16  1.3000E-15  3.0714E-15  2.2664E-15  7.0000E-22  3.0000E-44  3.2000E-45  5.2000E+00  5.3000E+01  1.5571E+22  1.3536E+21  8.6923E+21
6.0000E-16  1.3000E-15  1.5027E-15  1.6194E-14  7.0000E-22  3.0000E-44  3.2000E-45  5.2000E+00  5.3000E+01  1.8722E+22  5.5161E+20  6.3431E+21
6.0000E-16  1.3000E-15  7.4482E-15  8.8484E-15  7.0000E-22  3.0000E-44  3.2000E-45  5.2000E+00  5.3000E+01  1.0795E+22  4.4735E+20  1.4374E+22
6.0000E-16  1.3000E-15  8.7031E-15  2.9448E-15  7.0000E-22  3.0000E-44  3.2000E-45  5.2000E+00  5.3000E+01  9.8962E+21  6.8780E+20  1.5032E+22
6.0000E-16  1.3000E-15  6.7704E-15  1.8599E-14  7.0000E-22  3.0000E-44  3.2000E-45  5.2000E+00  5.3000E+01  1.1352E+22  2.8154E+20  1.3982E+22
6.0000E-16  1.3000E-15  5.8875E-15  1.0966E-14  7.0000E-22  3.0000E-44  3.2000E-45  5.2000E+00  5.3000E+01  1.2154E+22  4.4439E+20  1.3018E+22
6.0000E-16  1.3000E-15  1.9434E-15  1.1564E-14  7.0000E-22  3.0000E-44  3.2000E-45  5.2000E+00  5.3000E+01  1.7736E+22  6.6817E+20  7.2129E+21
6.0000E-16  1.3000E-15  8.6756E-16  1.3291E-14  7.0000E-22  3.0000E-44  3.2000E-45  5.2000E+00  5.3000E+01  2.0259E+22  7.1328E+20  4.6438E+21
6.0000E-16  1.3000E-15  3.3911E-15  1.0035E-14  7.0000E-22  3.0000E-44  3.2000E-45  5.2000E+00  5.3000E+01  1.5183E+22  6.1004E+20  9.8230E+21
6.0000E-16  1.3000E-15  3.1474E-15  8.9227E-15  7.0000E-22  3.0000E-44  3.2000E-45  5.2000E+00  5.3000E+01  1.5552E+22  6.7949E+20  9.3840E+21
6.0000E-16  1.3000E-15  3.4827E-15  1.3791E-14  7.0000E-22  3.0000E-44  3.2000E-45  5.2000E+00  5.3000E+01  1.5060E+22  4.8208E+20  1.0074E+22
6.0000E-16  1.3000E-15  6.5153E-15  1.6688E-14  7.0000E-22  3.0000E-44  3.2000E-45  5.2000E+00  5.3000E+01  1.1574E+22  3.1218E+20  1.3730E+22
6.0000E-16  1.3000E-15  2.8170E-15  1.2064E-15  7.0000E-22  3.0000E-44  3.2000E-45  5.2000E+00  5.3000E+01  1.5923E+22  1.6794E+21  8.0143E+21
6.0000E-16  1.3000E-15  2.1983E-15  2.0086E-14  7.0000E-22  3.0000E-44  3.2000E-45  5.2000E+00  5.3000E+01  1.7270E+22  4.2095E+20  7.9266E+21
6.0000E-16  1.3000E-15  9.2926E-15  8.7521E-16  7.0000E-22  3.0000E-44  3.2000E-45  5.2000E+00  5.3000E+01  9.5216E+21  8.6984E+20  1.5224E+22
6.0000E-16  1.3000E-15  2.2354E-15  1.8362E-15  7.0000E-22  3.0000E-44  3.2000E-45  5.2000E+00  5.3000E+01  1.6946E+22  1.6649E+21  7.0057E+21
6.0000E-16  1.3000E-15  4.8982E-15  7.4776E-15  7.0000E-22  3.0000E-44  3.2000E-45  5.2000E+00  5.3000E+01  1.3192E+22  6.2228E+20  1.1802E+22
6.0000E-16  1.3000E-15  5.5888E-15  1.0570E-14  7.0000E-22  3.0000E-44  3.2000E-45  5.2000E+00  5.3000E+01  1.2452E+22  4.6801E+20  1.2696E+22
6.0000E-16  1.3000E-15  1.4764E-15  1.2044E-14  7.0000E-22  3.0000E-44  3.2000E-45  5.2000E+00  5.3000E+01  1.8748E+22  6.9571E+20  6.1729E+21
6.0000E-16  1.3000E-15  7.3822E-15  8.3014E-15  7.0000E-22  3.0000E-44  3.2000E-45  5.2000E+00  5.3000E+01  1.0845E+22  4.6747E+20  1.4303E+22
6.0000E-16  1.3000E-15  9.4858E-15  1.9461E-14  7.0000E-22  3.0000E-44  3.2000E-45  5.2000E+00  5.3000E+01  9.4190E+21  2.2335E+20  1.5974E+22
6.0000E-16  1.3000E-15  2.0116E-15  7.5434E-15  7.0000E-22  3.0000E-44  3.2000E-45  5.2000E+00  5.3000E+01  1.7552E+22  8.8583E+20  7.1794E+21
6.0000E-16  1.3000E-15  6.4564E-15  6.4788E-15  7.0000E-22  3.0000E-44  3.2000E-45  5.2000E+00  5.3000E+01  1.1615E+22  5.8229E+20  1.3419E+22
6.0000E-16  1.3000E-15  2.9217E-16  7.0031E-16  7.0000E-22  3.0000E-44  3.2000E-45  5.2000E+00  5.3000E+01  2.0659E+22  3.4902E+21  1.4667E+21
6.0000E-16  1.3000E-15  4.6496E-16  7.6366E-15  7.0000E-22  3.0000E-44  3.2000E-45  5.2000E+00  5.3000E+01  2.1236E+22  1.1579E+21  3.2223E+21
6.0000E-16  1.3000E-15  3.3800E-15  2.1658E-14  7.0000E-22  3.0000E-44  3.2000E-45  5.2000E+00  5.3000E+01  1.5231E+22  3.4337E+20  1.0042E+22
6.0000E-16  1.3000E-15  2.8572E-15  1.7492E-14  7.0000E-22  3.0000E-44  3.2000E-45  5.2000E+00  5.3000E+01  1.6065E+22  4.3290E+20  9.1207E+21
6.0000E-16  1.3000E-15  3.0541E-15  1.7355E-15  7.0000E-22  3.0000E-44  3.2000E-45  5.2000E+00  5.3000E+01  1.5578E+22  1.4744E+21  8.5647E+21
6.0000E-16  1.3000E-15  2.0560E-16  9.2473E-15  7.0000E-22  3.0000E-44  3.2000E-45  5.2000E+00  5.3000E+01  2.2066E+22  1.0666E+21  2.4832E+21
6.0000E-16  1.3000E-15  5.8507E-15  1.1755E-14  7.0000E-22  3.0000E-44  3.2000E-45  5.2000E+00  5.3000E+01  1.2191E+22  4.2533E+20  1.3000E+22
6.0000E-16  1.3000E-15  7.3568E-15  6.9477E-15  7.0000E-22  3.0000E-44  3.2000E-45  5.2000E+00  5.3000E+01  1.0863E+22  5.1926E+20  1.4233E+22
6.0000E-16  1.3000E-15  2.1703E-15  1.2532E-14  7.0000E-22  3.0000E-44  3.2000E-45  5.2000E+00  5.3000E+01  1.7291E+22  6.1001E+20  7.7166E+21
6.0000E-16  1.3000E-15  7.3068E-15  1.4651E-14  7.0000E-22  3.0000E-44  3.2000E-45  5.2000E+00  5.3000E+01  1.0909E+22  3.2254E+20  1.4384E+22
6.0000E-16  1.3000E-15  1.3204E-15  9.8436E-15  7.0000E-22  3.0000E-44  3.2000E-45  5.2000E+00  5.3000E+01  1.9080E+22  8.2636E+20  5.7100E+21
6.0000E-16  1.3000E-15  1.4647E-15  1.6237E-14  7.0000E-22  3.0000E-44  3.2000E-45  5.2000E+00  5.3000E+01  1.8809E+22  5.5358E+20  6.2537E+21
6.0000E-16  1.3000E-15  4.5463E-15  2.1010E-14  7.0000E-22  3.0000E-44  3.2000E-45  5.2000E+00  5.3000E+01  1.3633E+22  3.1157E+20  1.1671E+22
6.0000E-16  1.3000E-15  2.6340E-15  6.8130E-16  7.0000E-22  3.0000E-44  3.2000E-45  5.2000E+00  5.3000E+01  1.6179E+22  1.9230E+21  7.5144E+21
6.0000E-16  1.3000E-15  5.2761E-15  8.7315E-15  7.0000E-22  3.0000E-44  3.2000E-45  5.2000E+00  5.3000E+01  1.2776E+22  5.4532E+20  1.2294E+22
6.0000E-16  1.3000E-15  2.6171E-16  1.8030E-14  7.0000E-22  3.0000E-44  3.2000E-45  5.2000E+00  5.3000E+01  2.2072E+22  6.2097E+20  2.9234E+21
6.0000E-16  1.3000E-15  8.8290E-15  2.1224E-14  7.0000E-22  3.0000E-44  3.2000E-45  5.2000E+00  5.3000E+01  9.8247E+21  2.1815E+20  1.5573E+22
6.0000E-16  1.3000E-15  8.6177E-15  4.8679E-15  7.0000E-22  3.0000E-44  3.2000E-45  5.2000E+00  5.3000E+01  9.9554E+21  5.6481E+20  1.5096E+22
6.0000E-16  1.3000E-15  6.8729E-15  1.1241E-14  7.0000E-22  3.0000E-44  3.2000E-45  5.2000E+00  5.3000E+01  1.1261E+22  4.0170E+20  1.3953E+22
6.0000E-16  1.3000E-15  7.0726E-15  3.0144E-15  7.0000E-22  3.0000E-44  3.2000E-45  5.2000E+00  5.3000E+01  1.1080E+22  7.7913E+20  1.3757E+22
6.0000E-16  1.3000E-15  8.7945E-15  1.9652E-14  7.0000E-22  3.0000E-44  3.2000E-45  5.2000E+00  5.3000E+01  9.8467E+21  2.3219E+20  1.5537E+22
6.0000E-16  1.3000E-15  3.1635E-15  3.9065E-15  7.0000E-22  3.0000E-44  3.2000E-45  5.2000E+00  5.3000E+01  1.5471E+22  1.0753E+21  9.0713E+21
6.0000E-16  1.3000E-15  7.5049E-16  1.9883E-14  7.0000E-22  3.0000E-44  3.2000E-45  5.2000E+00  5.3000E+01  2.0640E+22  5.2496E+20  4.4513E+21
6.0000E-16  1.3000E-15  2.3267E-15  1.9546E-14  7.0000E-22  3.0000E-44  3.2000E-45  5.2000E+00  5.3000E+01  1.7021E+22  4.2327E+20  8.1732E+21
6.0000E-16  1.3000E-15  5.7990E-15  1.7431E-14  7.0000E-22  3.0000E-44  3.2000E-45  5.2000E+00  5.3000E+01  1.2247E+22  3.2104E+20  1.3048E+22
6.0000E-16  1.3000E-15  7.0802E-15  7.8648E-15  7.0000E-22  3.0000E-44  3.2000E-45  5.2000E+00  5.3000E+01  1.1085E+22  4.9467E+20  1.4036E+22
6.0000E-16  1.3000E-15  3.6830E-15  5.1232E-16  7.0000E-22  3.0000E-44  3.2000E-45  5.2000E+00  5.3000E+01  1.4612E+22  1.6689E+21  9.3361E+21
6.0000E-16  1.3000E-15  4.9650E-15  1.6126E-15  7.0000E-22  3.0000E-44  3.2000E-45  5.2000E+00  5.3000E+01  1.3069E+22  1.1624E+21  1.1384E+22
6.0000E-16  1.3000E-15  2.1455E-15  1.5459E-15  7.0000E-22  3.0000E-44  3.2000E-45  5.2000E+00  5.3000E+01  1.7087E+22  1.7814E+21  6.7478E+21
6.0000E-16  1.3000E-15  6.3757E-15  1.9457E-14  7.0000E-22  3.0000E-44  3.2000E-45  5.2000E+00  5.3000E+01  1.1700E+22  2.8078E+20  1.3635E+22
6.0000E-16  1.3000E-15  4.1987E-15  1.9639E-14  7.0000E-22  3.0000E-44  3.2000E-45  5.2000E+00  5.3000E+01  1.4072E+22  3.4042E+20  1.1203E+22
6.0000E-16  1.3000E-15  5.2342E-15  1.1893E-14  7.0000E-22  3.0000E-44  3.2000E-45  5.2000E+00  5.3000E+01  1.2828E+22  4.4661E+20  1.2341E+22
6.0000E-16  1.3000E-15  9.2912E-16  3.2441E-17  7.0000E-22  3.0000E-44  3.2000E-45  5.2000E+00  5.3000E+01  1.9085E+22  3.4556E+21  3.0757E+21
6.0000E-16  1.3000E-15  6.9774E-15  1.8737E-14  7.0000E-22  3.0000E-44  3.2000E-45  5.2000E+00  5.3000E+01  1.1178E+22  2.7537E+20  1.4163E+22
6.0000E-16  1.3000E-15  1.6326E-15  4.3752E-15  7.0000E-22  3.0000E-44  3.2000E-45  5.2000E+00  5.3000E+01  1.8247E+22  1.2953E+21  6.0736E+21
6.0000E-16  1.3000E-15  5.5949E-15  1.8078E-15  7.0000E-22  3.0000E-44  3.2000E-45  5.2000E+00  5.3000E+01  1.2406E+22  1.0526E+21  1.2157E+22
6.0000E-16  1.3000E-15  5.9821E-15  5.4124E-15  7.0000E-22  3.0000E-44  3.2000E-45  5.2000E+00  5.3000E+01  1.2050E+22  6.6824E+20  1.2898E+22
6.0000E-16  1.3000E-15  5.7281E-15  2.5332E-17  7.0000E-22  3.0000E-44  3.2000E-45  5.2000E+00  5.3000E+01  1.2245E+22  1.4039E+21  1.1970E+22
6.0000E-16  1.3000E-15  6.4668E-16  2.1891E-14  7.0000E-22  3.0000E-44  3.2000E-45  5.2000E+00  5.3000E+01  2.0946E+22  4.9231E+20  4.1778E+21
6.0000E-16  1.3000E-15  4.6035E-15  3.5135E-15  7.0000E-22  3.0000E-44  3.2000E-45  5.2000E+00  5.3000E+01  1.3510E+22  9.3965E+20  1.1166E+22
6.0000E-16  1.3000E-15  4.9337E-15  2.2417E-15  7.0000E-22  3.0000E-44  3.2000E-45  5.2000E+00  5.3000E+01  1.3114E+22  1.0646E+21  1.1438E+22
6.0000E-16  1.3000E-15  8.5070E-15  3.3874E-15  7.0000E-22  3.0000E-44  3.2000E-45  5.2000E+00  5.3000E+01  1.0026E+22  6.6361E+20  1.4926E+22
6.0000E-16  1.3000E-15  4.8810E-15  1.8266E-14  7.0000E-22  3.0000E-44  3.2000E-45  5.2000E+00  5.3000E+01  1.3232E+22  3.3684E+20  1.2047E+22
6.0000E-16  1.3000E-15  5.8601E-15  1.8248E-14  7.0000E-22  3.0000E-44  3.2000E-45  5.2000E+00  5.3000E+01  1.2187E+22  3.0831E+20  1.3120E+22
6.0000E-16  1.3000E-15  7.9909E-15  1.9670E-14  7.0000E-22  3.0000E-44  3.2000E-45  5.2000E+00  5.3000E+01  1.0395E+22  2.4560E+20  1.4976E+22
6.0000E-16  1.3000E-15  5.0489E-15  1.9200E-14  7.0000E-22  3.0000E-44  3.2000E-45  5.2000E+00  5.3000E+01  1.3041E+22  3.1889E+20  1.2256E+22
6.0000E-16  1.3000E-15  8.3409E-16  1.0691E-14  7.0000E-22  3.0000E-44  3.2000E-45  5.2000E+00  5.3000E+01  2.0307E+22  8.4662E+20  4.4625E+21
6.0000E-16  1.3000E-15  5.1690E-15  6.4910E-15  7.0000E-22  3.0000E-44  3.2000E-45  5.2000E+00  5.3000E+01  1.2885E+22  6.5665E+20  1.2074E+22
6.0000E-16  1.3000E-15  1.1221E-15  2.7486E-15  7.0000E-22  3.0000E-44  3.2000E-45  5.2000E+00  5.3000E+01  1.9264E+22  1.7932E+21  4.5593E+21
6.0000E-16  1.3000E-15  4.7309E-15  4.9666E-15  7.0000E-22  3.0000E-44  3.2000E-45  5.2000E+00  5.3000E+01  1.3372E+22  7.9138E+20  1.1452E+22
6.0000E-16  1.3000E-15  2.8534E-15  1.9585E-14  7.0000E-22  3.0000E-44  3.2000E-45  5.2000E+00  5.3000E+01  1.6076E+22  3.9587E+20  9.1462E+21
6.0000E-16  1.3000E-15  4.3771E-15  1.0993E-15  7.0000E-22  3.0000E-44  3.2000E-45  5.2000E+00  5.3000E+01  1.3743E+22  1.3578E+21  1.0517E+22
6.0000E-16  1.3000E-15  1.4759E-15  2.4217E-15  7.0000E-22  3.0000E-44  3.2000E-45  5.2000E+00  5.3000E+01  1.8463E+22  1.7516E+21  5.4014E+21
6.0000E-16  1.3000E-15  4.8731E-15  2.7043E-15  7.0000E-22  3.0000E-44  3.2000E-45  5.2000E+00  5.3000E+01  1.3188E+22  1.0074E+21  1.1421E+22
6.0000E-16  1.3000E-15  6.8821E-15  7.5318E-15  7.0000E-22  3.0000E-44  3.2000E-45  5.2000E+00  5.3000E+01  1.1249E+22  5.1574E+20  1.3852E+22
6.0000E-16  1.3000E-15  1.4519E-15  1.9377E-14  7.0000E-22  3.0000E-44  3.2000E-45  5.2000E+00  5.3000E+01  1.8856E+22  4.8072E+20  6.2794E+21
6.0000E-16  1.3000E-15  9.2725E-15  1.1501E-14  7.0000E-22  3.0000E-44  3.2000E-45  5.2000E+00  5.3000E+01  9.5456E+21  3.3094E+20  1.5739E+22
6.0000E-16  1.3000E-15  4.7089E-15  7.9970E-15  7.0000E-22  3.0000E-44  3.2000E-45  5.2000E+00  5.3000E+01  1.3414E+22  6.0946E+20  1.1593E+22
6.0000E-16  1.3000E-15  8.2157E-15  1.0465E-14  7.0000E-22  3.0000E-44  3.2000E-45  5.2000E+00  5.3000E+01  1.0233E+22  3.7945E+20  1.5004E+22
