6.0000E-16  1.3000E-15  9.6000E-16  2.2000E-15  7.0000E-22  3.0000E-44  3.2000E-45  5.2000E+00  5.3000E+01  1.9571E+22  2.0420E+21  4.0032E+21
1.2000E-15  1.3000E-15  9.6000E-16  2.2000E-15  7.0000E-22  3.0000E-44  3.2000E-45  5.2000E+00  5.3000E+01  1.7650E+22  3.6644E+21  4.3012E+21
1.8000E-15  1.3000E-15  9.6000E-16  2.2000E-15  7.0000E-22  3.0000E-44  3.2000E-45  5.2000E+00  5.3000E+01  1.6079E+22  4.9912E+21  4.5455E+21
2.4000E-15  1.3000E-15  9.6000E-16  2.2000E-15  7.0000E-22  3.0000E-44  3.2000E-45  5.2000E+00  5.3000E+01  1.4767E+22  6.0993E+21  4.7498E+21
3.0000E-15  1.3000E-15  9.6000E-16  2.2000E-15  7.0000E-22  3.0000E-44  3.2000E-45  5.2000E+00  5.3000E+01  1.3653E+22  7.0398E+21  4.9236E+21
3.6000E-15  1.3000E-15  9.6000E-16  2.2000E-15  7.0000E-22  3.0000E-44  3.2000E-45  5.2000E+00  5.3000E+01  1.2694E+22  7.8487E+21  5.0733E+21
4.2000E-15  1.3000E-15  9.6000E-16  2.2000E-15  7.0000E-22  3.0000E-44  3.2000E-45  5.2000E+00  5.3000E+01  1.1860E+22  8.5521E+21  5.2036E+21
4.8000E-15  1.3000E-15  9.6000E-16  2.2000E-15  7.0000E-22  3.0000E-44  3.2000E-45  5.2000E+00  5.3000E+01  1.1129E+22  9.1693E+21  5.3181E+21
5.4000E-15  1.3000E-15  9.6000E-16  2.2000E-15  7.0000E-22  3.0000E-44  3.2000E-45  5.2000E+00  5.3000E+01  1.0481E+22  9.7154E+21  5.4196E+21
6.0000E-15  1.3000E-15  9.6000E-16  2.2000E-15  7.0000E-22  3.0000E-44  3.2000E-45  5.2000E+00  5.3000E+01  9.9041E+21  1.0202E+22  5.5101E+21
6.0000E-16  1.3000E-15  1.9200E-15  2.2000E-15  7.0000E-22  3.0000E-44  3.2000E-45  5.2000E+00  5.3000E+01  1.7555E+22  1.6622E+21  6.3988E+21
1.2000E-15  1.3000E-15  1.9200E-15  2.2000E-15  7.0000E-22  3.0000E-44  3.2000E-45  5.2000E+00  5.3000E+01  1.6092E+22  3.0700E+21  6.4545E+21
1.8000E-15  1.3000E-15  1.9200E-15  2.2000E-15  7.0000E-22  3.0000E-44  3.2000E-45  5.2000E+00  5.3000E+01  1.4840E+22  4.2743E+21  6.5023E+21
2.4000E-15  1.3000E-15  1.9200E-15  2.2000E-15  7.0000E-22  3.0000E-44  3.2000E-45  5.2000E+00  5.3000E+01  1.3758E+22  5.3143E+21  6.5437E+21
3.0000E-15  1.3000E-15  1.9200E-15  2.2000E-15  7.0000E-22  3.0000E-44  3.2000E-45  5.2000E+00  5.3000E+01  1.2817E+22  6.2199E+21  6.5798E+21
3.6000E-15  1.3000E-15  1.9200E-15  2.2000E-15  7.0000E-22  3.0000E-44  3.2000E-45  5.2000E+00  5.3000E+01  1.1990E+22  7.0146E+21  6.6116E+21
4.2000E-15  1.3000E-15  1.9200E-15  2.2000E-15  7.0000E-22  3.0000E-44  3.2000E-45  5.2000E+00  5.3000E+01  1.1260E+22  7.7168E+21  6.6397E+21
4.8000E-15  1.3000E-15  1.9200E-15  2.2000E-15  7.0000E-22  3.0000E-44  3.2000E-45  5.2000E+00  5.3000E+01  1.0610E+22  8.3412E+21  6.6647E+21
5.4000E-15  1.3000E-15  1.9200E-15  2.2000E-15  7.0000E-22  3.0000E-44  3.2000E-45  5.2000E+00  5.3000E+01  1.0029E+22  8.8997E+21  6.6872E+21
6.0000E-15  1.3000E-15  1.9200E-15  2.2000E-15  7.0000E-22  3.0000E-44  3.2000E-45  5.2000E+00  5.3000E+01  9.5070E+21  9.4020E+21  6.7074E+21
6.0000E-16  1.3000E-15  2.8800E-15  2.2000E-15  7.0000E-22  3.0000E-44  3.2000E-45  5.2000E+00  5.3000E+01  1.5870E+22  1.4081E+21  8.3385E+21
1.2000E-15  1.3000E-15  2.8800E-15  2.2000E-15  7.0000E-22  3.0000E-44  3.2000E-45  5.2000E+00  5.3000E+01  1.4722E+22  2.6455E+21  8.2492E+21
1.8000E-15  1.3000E-15  2.8800E-15  2.2000E-15  7.0000E-22  3.0000E-44  3.2000E-45  5.2000E+00  5.3000E+01  1.3710E+22  3.7366E+21  8.1703E+21
2.4000E-15  1.3000E-15  2.8800E-15  2.2000E-15  7.0000E-22  3.0000E-44  3.2000E-45  5.2000E+00  5.3000E+01  1.2814E+22  4.7023E+21  8.1002E+21
3.0000E-15  1.3000E-15  2.8800E-15  2.2000E-15  7.0000E-22  3.0000E-44  3.2000E-45  5.2000E+00  5.3000E+01  1.2018E+22  5.5607E+21  8.0378E+21
3.6000E-15  1.3000E-15  2.8800E-15  2.2000E-15  7.0000E-22  3.0000E-44  3.2000E-45  5.2000E+00  5.3000E+01  1.1307E+22  6.3270E+21  7.9820E+21
4.2000E-15  1.3000E-15  2.8800E-15  2.2000E-15  7.0000E-22  3.0000E-44  3.2000E-45  5.2000E+00  5.3000E+01  1.0670E+22  7.0140E+21  7.9318E+21
4.8000E-15  1.3000E-15  2.8800E-15  2.2000E-15  7.0000E-22  3.0000E-44  3.2000E-45  5.2000E+00  5.3000E+01  1.0097E+22  7.6325E+21  7.8866E+21
5.4000E-15  1.3000E-15  2.8800E-15  2.2000E-15  7.0000E-22  3.0000E-44  3.2000E-45  5.2000E+00  5.3000E+01  9.5788E+21  8.1916E+21  7.8457E+21
6.0000E-15  1.3000E-15  2.8800E-15  2.2000E-15  7.0000E-22  3.0000E-44  3.2000E-45  5.2000E+00  5.3000E+01  9.1086E+21  8.6989E+21  7.8085E+21
6.0000E-16  1.3000E-15  3.8400E-15  2.2000E-15  7.0000E-22  3.0000E-44  3.2000E-45  5.2000E+00  5.3000E+01  1.4459E+22  1.2255E+21  9.9336E+21
1.2000E-15  1.3000E-15  3.8400E-15  2.2000E-15  7.0000E-22  3.0000E-44  3.2000E-45  5.2000E+00  5.3000E+01  1.3534E+22  2.3282E+21  9.7550E+21
1.8000E-15  1.3000E-15  3.8400E-15  2.2000E-15  7.0000E-22  3.0000E-44  3.2000E-45  5.2000E+00  5.3000E+01  1.2702E+22  3.3208E+21  9.5938E+21
2.4000E-15  1.3000E-15  3.8400E-15  2.2000E-15  7.0000E-22  3.0000E-44  3.2000E-45  5.2000E+00  5.3000E+01  1.1953E+22  4.2156E+21  9.4482E+21
3.0000E-15  1.3000E-15  3.8400E-15  2.2000E-15  7.0000E-22  3.0000E-44  3.2000E-45  5.2000E+00  5.3000E+01  1.1276E+22  5.0239E+21  9.3164E+21
3.6000E-15  1.3000E-15  3.8400E-15  2.2000E-15  7.0000E-22  3.0000E-44  3.2000E-45  5.2000E+00  5.3000E+01  1.0663E+22  5.7557E+21  9.1968E+21
4.2000E-15  1.3000E-15  3.8400E-15  2.2000E-15  7.0000E-22  3.0000E-44  3.2000E-45  5.2000E+00  5.3000E+01  1.0107E+22  6.4199E+21  9.0882E+21
4.8000E-15  1.3000E-15  3.8400E-15  2.2000E-15  7.0000E-22  3.0000E-44  3.2000E-45  5.2000E+00  5.3000E+01  9.6019E+21  7.0244E+21  8.9891E+21
5.4000E-15  1.3000E-15  3.8400E-15  2.2000E-15  7.0000E-22  3.0000E-44  3.2000E-45  5.2000E+00  5.3000E+01  9.1406E+21  7.5762E+21  8.8986E+21
6.0000E-15  1.3000E-15  3.8400E-15  2.2000E-15  7.0000E-22  3.0000E-44  3.2000E-45  5.2000E+00  5.3000E+01  8.7185E+21  8.0811E+21  8.8157E+21
6.0000E-16  1.3000E-15  4.8000E-15  2.2000E-15  7.0000E-22  3.0000E-44  3.2000E-45  5.2000E+00  5.3000E+01  1.3264E+22  1.0874E+21  1.1264E+22
1.2000E-15  1.3000E-15  4.8000E-15  2.2000E-15  7.0000E-22  3.0000E-44  3.2000E-45  5.2000E+00  5.3000E+01  1.2506E+22  2.0817E+21  1.1031E+22
1.8000E-15  1.3000E-15  4.8000E-15  2.2000E-15  7.0000E-22  3.0000E-44  3.2000E-45  5.2000E+00  5.3000E+01  1.1811E+22  2.9903E+21  1.0816E+22
2.4000E-15  1.3000E-15  4.8000E-15  2.2000E-15  7.0000E-22  3.0000E-44  3.2000E-45  5.2000E+00  5.3000E+01  1.1176E+22  3.8207E+21  1.0619E+22
3.0000E-15  1.3000E-15  4.8000E-15  2.2000E-15  7.0000E-22  3.0000E-44  3.2000E-45  5.2000E+00  5.3000E+01  1.0596E+22  4.5803E+21  1.0439E+22
3.6000E-15  1.3000E-15  4.8000E-15  2.2000E-15  7.0000E-22  3.0000E-44  3.2000E-45  5.2000E+00  5.3000E+01  1.0066E+22  5.2760E+21  1.0273E+22
4.2000E-15  1.3000E-15  4.8000E-15  2.2000E-15  7.0000E-22  3.0000E-44  3.2000E-45  5.2000E+00  5.3000E+01  9.5791E+21  5.9139E+21  1.0121E+22
4.8000E-15  1.3000E-15  4.8000E-15  2.2000E-15  7.0000E-22  3.0000E-44  3.2000E-45  5.2000E+00  5.3000E+01  9.1324E+21  6.5001E+21  9.9816E+21
5.4000E-15  1.3000E-15  4.8000E-15  2.2000E-15  7.0000E-22  3.0000E-44  3.2000E-45  5.2000E+00  5.3000E+01  8.4722E+21  6.7393E+21  1.0404E+22
6.0000E-15  1.3000E-15  4.8000E-15  2.2000E-15  7.0000E-22  3.0000E-44  3.2000E-45  5.2000E+00  5.3000E+01  7.9001E+21  6.9459E+21  1.0770E+22
6.0000E-16  1.3000E-15  5.7600E-15  2.2000E-15  7.0000E-22  3.0000E-44  3.2000E-45  5.2000E+00  5.3000E+01  2.0419E+22  2.2377E+21  2.9596E+21
1.2000E-15  1.3000E-15  5.7600E-15  2.2000E-15  7.0000E-22  3.0000E-44  3.2000E-45  5.2000E+00  5.3000E+01  1.7244E+22  3.4948E+21  4.8771E+21
1.8000E-15  1.3000E-15  5.7600E-15  2.2000E-15  7.0000E-22  3.0000E-44  3.2000E-45  5.2000E+00  5.3000E+01  1.4989E+22  4.3527E+21  6.2744E+21
2.4000E-15  1.3000E-15  5.7600E-15  2.2000E-15  7.0000E-22  3.0000E-44  3.2000E-45  5.2000E+00  5.3000E+01  1.3276E+22  4.9901E+21  7.3500E+21
3.0000E-15  1.3000E-15  5.7600E-15  2.2000E-15  7.0000E-22  3.0000E-44  3.2000E-45  5.2000E+00  5.3000E+01  1.1922E+22  5.4876E+21  8.2070E+21
3.6000E-15  1.3000E-15  5.7600E-15  2.2000E-15  7.0000E-22  3.0000E-44  3.2000E-45  5.2000E+00  5.3000E+01  1.0820E+22  5.8891E+21  8.9068E+21
4.2000E-15  1.3000E-15  5.7600E-15  2.2000E-15  7.0000E-22  3.0000E-44  3.2000E-45  5.2000E+00  5.3000E+01  9.9051E+21  6.2208E+21  9.4893E+21
4.8000E-15  1.3000E-15  5.7600E-15  2.2000E-15  7.0000E-22  3.0000E-44  3.2000E-45  5.2000E+00  5.3000E+01  9.1324E+21  6.5001E+21  9.9816E+21
5.4000E-15  1.3000E-15  5.7600E-15  2.2000E-15  7.0000E-22  3.0000E-44  3.2000E-45  5.2000E+00  5.3000E+01  8.4722E+21  6.7393E+21  1.0404E+22
6.0000E-15  1.3000E-15  5.7600E-15  2.2000E-15  7.0000E-22  3.0000E-44  3.2000E-45  5.2000E+00  5.3000E+01  7.9001E+21  6.9459E+21  1.0770E+22
6.0000E-16  1.3000E-15  6.7200E-15  2.2000E-15  7.0000E-22  3.0000E-44  3.2000E-45  5.2000E+00  5.3000E+01  2.0419E+22  2.2377E+21  2.9596E+21
1.2000E-15  1.3000E-15  6.7200E-15  2.2000E-15  7.0000E-22  3.0000E-44  3.2000E-45  5.2000E+00  5.3000E+01  1.7244E+22  3.4948E+21  4.8771E+21
1.8000E-15  1.3000E-15  6.7200E-15  2.2000E-15  7.0000E-22  3.0000E-44  3.2000E-45  5.2000E+00  5.3000E+01  1.4989E+22  4.3527E+21  6.2744E+21
2.4000E-15  1.3000E-15  6.7200E-15  2.2000E-15  7.0000E-22  3.0000E-44  3.2000E-45  5.2000E+00  5.3000E+01  1.3276E+22  4.9901E+21  7.3500E+21
3.0000E-15  1.3000E-15  6.7200E-15  2.2000E-15  7.0000E-22  3.0000E-44  3.2000E-45  5.2000E+00  5.3000E+01  1.1922E+22  5.4876E+21  8.2070E+21
3.6000E-15  1.3000E-15  6.7200E-15  2.2000E-15  7.0000E-22  3.0000E-44  3.2000E-45  5.2000E+00  5.3000E+01  1.0820E+22  5.8891E+21  8.9068E+21
4.2000E-15  1.3000E-15  6.7200E-15  2.2000E-15  7.0000E-22  3.0000E-44  3.2000E-45  5.2000E+00  5.3000E+01  9.9051E+21  6.2208E+21  9.4893E+21
4.8000E-15  1.3000E-15  6.7200E-15  2.2000E-15  7.0000E-22  3.0000E-44  3.2000E-45  5.2000E+00  5.3000E+01  9.1324E+21  6.5001E+21  9.9816E+21
5.4000E-15  1.3000E-15  6.7200E-15  2.2000E-15  7.0000E-22  3.0000E-44  3.2000E-45  5.2000E+00  5.3000E+01  8.4722E+21  6.7393E+21  1.0404E+22
6.0000E-15  1.3000E-15  6.7200E-15  2.2000E-15  7.0000E-22  3.0000E-44  3.2000E-45  5.2000E+00  5.3000E+01  7.9001E+21  6.9459E+21  1.0770E+22
6.0000E-16  1.3000E-15  7.6800E-15  2.2000E-15  7.0000E-22  3.0000E-44  3.2000E-45  5.2000E+00  5.3000E+01  2.0419E+22  2.2377E+21  2.9596E+21
1.2000E-15  1.3000E-15  7.6800E-15  2.2000E-15  7.0000E-22  3.0000E-44  3.2000E-45  5.2000E+00  5.3000E+01  1.7244E+22  3.4948E+21  4.8771E+21
1.8000E-15  1.3000E-15  7.6800E-15  2.2000E-15  7.0000E-22  3.0000E-44  3.2000E-45  5.2000E+00  5.3000E+01  1.4989E+22  4.3527E+21  6.2744E+21
2.4000E-15  1.3000E-15  7.6800E-15  2.2000E-15  7.0000E-22  3.0000E-44  3.2000E-45  5.2000E+00  5.3000E+01  1.3276E+22  4.9901E+21  7.3500E+21
3.0000E-15  1.3000E-15  7.6800E-15  2.2000E-15  7.0000E-22  3.0000E-44  3.2000E-45  5.2000E+00  5.3000E+01  1.1922E+22  5.4876E+21  8.2070E+21
3.6000E-15  1.3000E-15  7.6800E-15  2.2000E-15  7.0000E-22  3.0000E-44  3.2000E-45  5.2000E+00  5.3000E+01  1.0820E+22  5.8891E+21  8.9068E+21
4.2000E-15  1.3000E-15  7.6800E-15  2.2000E-15  7.0000E-22  3.0000E-44  3.2000E-45  5.2000E+00  5.3000E+01  9.9051E+21  6.2208E+21  9.4893E+21
4.8000E-15  1.3000E-15  7.6800E-15  2.2000E-15  7.0000E-22  3.0000E-44  3.2000E-45  5.2000E+00  5.3000E+01  9.1324E+21  6.5001E+21  9.9816E+21
5.4000E-15  1.3000E-15  7.6800E-15  2.2000E-15  7.0000E-22  3.0000E-44  3.2000E-45  5.2000E+00  5.3000E+01  8.4722E+21  6.7393E+21  1.0404E+22
6.0000E-15  1.3000E-15  7.6800E-15  2.2000E-15  7.0000E-22  3.0000E-44  3.2000E-45  5.2000E+00  5.3000E+01  7.9001E+21  6.9459E+21  1.0770E+22
6.0000E-16  1.3000E-15  8.6400E-15  2.2000E-15  7.0000E-22  3.0000E-44  3.2000E-45  5.2000E+00  5.3000E+01  2.0419E+22  2.2377E+21  2.9596E+21
1.2000E-15  1.3000E-15  8.6400E-15  2.2000E-15  7.0000E-22  3.0000E-44  3.2000E-45  5.2000E+00  5.3000E+01  1.7244E+22  3.4948E+21  4.8771E+21
1.8000E-15  1.3000E-15  8.6400E-15  2.2000E-15  7.0000E-22  3.0000E-44  3.2000E-45  5.2000E+00  5.3000E+01  1.4989E+22  4.3527E+21  6.2744E+21
2.4000E-15  1.3000E-15  8.6400E-15  2.2000E-15  7.0000E-22  3.0000E-44  3.2000E-45  5.2000E+00  5.3000E+01  1.3276E+22  4.9901E+21  7.3500E+21
3.0000E-15  1.3000E-15  8.6400E-15  2.2000E-15  7.0000E-22  3.0000E-44  3.2000E-45  5.2000E+00  5.3000E+01  1.1922E+22  5.4876E+21  8.2070E+21
3.6000E-15  1.3000E-15  8.6400E-15  2.2000E-15  7.0000E-22  3.0000E-44  3.2000E-45  5.2000E+00  5.3000E+01  1.0820E+22  5.8891E+21  8.9068E+21
4.2000E-15  1.3000E-15  8.6400E-15  2.2000E-15  7.0000E-22  3.0000E-44  3.2000E-45  5.2000E+00  5.3000E+01  9.9051E+21  6.2208E+21  9.4893E+21
4.8000E-15  1.3000E-15  8.6400E-15  2.2000E-15  7.0000E-22  3.0000E-44  3.2000E-45  5.2000E+00  5.3000E+01  9.1324E+21  6.5001E+21  9.9816E+21
5.4000E-15  1.3000E-15  8.6400E-15  2.2000E-15  7.0000E-22  3.0000E-44  3.2000E-45  5.2000E+00  5.3000E+01  8.4722E+21  6.7393E+21  1.0404E+22
6.0000E-15  1.3000E-15  8.6400E-15  2.2000E-15  7.0000E-22  3.0000E-44  3.2000E-45  5.2000E+00  5.3000E+01  7.9001E+21  6.9459E+21  1.0770E+22
6.0000E-16  1.3000E-15  9.6000E-15  2.2000E-15  7.0000E-22  3.0000E-44  3.2000E-45  5.2000E+00  5.3000E+01  2.0419E+22  2.2377E+21  2.9596E+21
1.2000E-15  1.3000E-15  9.6000E-15  2.2000E-15  7.0000E-22  3.0000E-44  3.2000E-45  5.2000E+00  5.3000E+01  1.7244E+22  3.4948E+21  4.8771E+21
1.8000E-15  1.3000E-15  9.6000E-15  2.2000E-15  7.0000E-22  3.0000E-44  3.2000E-45  5.2000E+00  5.3000E+01  1.4989E+22  4.3527E+21  6.2744E+21
2.4000E-15  1.3000E-15  9.6000E-15  2.2000E-15  7.0000E-22  3.0000E-44  3.2000E-45  5.2000E+00  5.3000E+01  1.3276E+22  4.9901E+21  7.3500E+21
3.0000E-15  1.3000E-15  9.6000E-15  2.2000E-15  7.0000E-22  3.0000E-44  3.2000E-45  5.2000E+00  5.3000E+01  1.1922E+22  5.4876E+21  8.2070E+21
3.6000E-15  1.3000E-15  9.6000E-15  2.2000E-15  7.0000E-22  3.0000E-44  3.2000E-45  5.2000E+00  5.3000E+01  1.0820E+22  5.8891E+21  8.9068E+21
4.2000E-15  1.3000E-15  9.6000E-15  2.2000E-15  7.0000E-22  3.0000E-44  3.2000E-45  5.2000E+00  5.3000E+01  9.9051E+21  6.2208E+21  9.4893E+21
4.8000E-15  1.3000E-15  9.6000E-15  2.2000E-15  7.0000E-22  3.0000E-44  3.2000E-45  5.2000E+00  5.3000E+01  9.1324E+21  6.5001E+21  9.9816E+21
5.4000E-15  1.3000E-15  9.6000E-15  2.2000E-15  7.0000E-22  3.0000E-44  3.2000E-45  5.2000E+00  5.3000E+01  8.4722E+21  6.7393E+21  1.0404E+22
6.0000E-15  1.3000E-15  9.6000E-15  2.2000E-15  7.0000E-22  3.0000E-44  3.2000E-45  5.2000E+00  5.3000E+01  7.9001E+21  6.9459E+21  1.0770E+22
