4.765131473640E-15  9.318709874903E-15  5.647583339617E-15  2.200000000000E-15  7.000000000000E-22  3.000000000000E-44  3.200000000000E-45  5.200000000000E+00  5.300000000000E+01  6.4045E+02  6.647282304980E+22  7.671349471420E+21  4.890078925007E+22
7.120605265408E-16  1.245470215048E-14  2.188349211277E-15  2.200000000000E-15  7.000000000000E-22  3.000000000000E-44  3.200000000000E-45  5.200000000000E+00  5.300000000000E+01  3.9979E+02  5.594758329006E+22  1.545604843696E+21  1.932041748605E+22
4.021700468602E-15  1.346194716037E-15  4.185664166845E-15  2.200000000000E-15  7.000000000000E-22  3.000000000000E-44  3.200000000000E-45  5.200000000000E+00  5.300000000000E+01  9.8136E+01  7.147692935477E+21  4.742951999339E+21  6.962757069219E+21
4.643540965709E-15  7.292649481614E-15  6.784514434173E-15  2.200000000000E-15  7.000000000000E-22  3.000000000000E-44  3.200000000000E-45  5.200000000000E+00  5.300000000000E+01  1.3053E+03  1.659560644728E+23  7.242629688675E+21  7.758398844819E+22
3.291937866434E-15  1.080766525133E-14  4.777438627015E-15  2.200000000000E-15  7.000000000000E-22  3.000000000000E-44  3.200000000000E-45  5.200000000000E+00  5.300000000000E+01  4.6171E+02  4.846596140427E+22  5.225254947797E+21  3.501292662647E+22
1.813901885867E-15  8.466554981904E-15  4.709880902400E-15  2.200000000000E-15  7.000000000000E-22  3.000000000000E-44  3.200000000000E-45  5.200000000000E+00  5.300000000000E+01  6.6674E+02  7.890660809389E+22  3.380370232904E+21  4.580820284797E+22
1.669539469702E-15  9.744537213952E-15  6.297506693975E-15  2.200000000000E-15  7.000000000000E-22  3.000000000000E-44  3.200000000000E-45  5.200000000000E+00  5.300000000000E+01  1.3030E+03  1.732271378874E+23  2.665229049986E+21  7.444681999723E+22
4.706865845874E-15  4.714949997596E-15  5.393514415670E-15  2.200000000000E-15  7.000000000000E-22  3.000000000000E-44  3.200000000000E-45  5.200000000000E+00  5.300000000000E+01  5.9510E+02  6.051481127600E+22  8.707052341232E+21  4.511053352264E+22
1.513198517438E-15  1.203795723340E-14  6.579431651888E-15  2.200000000000E-15  7.000000000000E-22  3.000000000000E-44  3.200000000000E-45  5.200000000000E+00  5.300000000000E+01  4.3342E+02  4.134660327543E+22  1.941005162403E+21  3.998147996267E+22
1.077034996540E-15  9.660536665753E-15  6.152976557415E-15  2.200000000000E-15  7.000000000000E-22  3.000000000000E-44  3.200000000000E-45  5.200000000000E+00  5.300000000000E+01  6.9941E+02  7.758780584498E+22  1.696768370327E+21  5.508639923077E+22
