5.4307E-15  8.8938E-15  2.9627E-15  1.0137E-14  1.8980E-21  2.7445E-43  2.7570E-44  2.9568E+01  1.1432E+02  1.6945E+22  2.7109E+21  5.9612E+21
2.3173E-15  2.2011E-15  4.7240E-15  1.8554E-14  4.7303E-21  9.8101E-44  2.4474E-44  1.6902E+01  6.2752E+01  1.4033E+22  8.4049E+20  1.0742E+22
3.1487E-15  2.1998E-15  2.1161E-15  1.9323E-14  2.2656E-21  2.7179E-43  5.4452E-45  1.0550E+01  6.7912E+01  1.6046E+22  1.4210E+21  8.1488E+21
3.4153E-15  9.9101E-15  4.5491E-15  7.4734E-15  6.5506E-21  1.4486E-43  7.0988E-45  2.0388E+01  1.4212E+02  1.7780E+22  1.7966E+21  6.0401E+21
5.2315E-15  4.4812E-15  5.3136E-15  6.2491E-15  6.2594E-21  5.6772E-44  6.0153E-45  3.6022E+01  1.6120E+02  1.6487E+22  3.0773E+21  6.0521E+21
2.2272E-15  8.7978E-15  4.4458E-15  1.4304E-14  4.6378E-21  2.6708E-43  1.3614E-44  8.9325E+00  1.6213E+02  1.8882E+22  1.1424E+21  5.5916E+21
3.0575E-15  6.8655E-15  3.5790E-15  8.8472E-15  2.2933E-21  2.9357E-43  2.8258E-44  4.3884E+01  5.2368E+02  2.1586E+22  2.3188E+21  1.7108E+21
5.6454E-15  8.2914E-15  1.7265E-15  1.9931E-14  6.5964E-21  2.8576E-43  1.9910E-44  3.8779E+01  2.6157E+02  2.0098E+22  2.5421E+21  2.9754E+21
4.1546E-15  3.2460E-15  1.9181E-15  1.6808E-14  3.8780E-21  9.3929E-44  8.6376E-45  1.2475E+01  2.3589E+02  1.9270E+22  2.9720E+21  3.3738E+21
8.5037E-16  1.1868E-14  6.9794E-15  4.4208E-15  5.5321E-21  6.0730E-44  3.0536E-44  7.9850E+00  1.6428E+02  1.8155E+22  5.5154E+20  6.9104E+21
1.8403E-15  1.1343E-14  4.3414E-15  1.3832E-14  1.6116E-21  2.0389E-43  2.9266E-44  2.0582E+01  1.0437E+02  1.7530E+22  8.5335E+20  7.2345E+21
2.6778E-15  2.0431E-15  2.4073E-15  1.4933E-14  1.0527E-21  3.7588E-44  2.6536E-44  4.1883E+01  7.8646E+01  1.7020E+22  1.5903E+21  7.0072E+21
2.1189E-15  9.4603E-15  7.3112E-15  2.1355E-14  1.2225E-21  1.4066E-43  6.5300E-45  4.9466E+01  7.4482E+01  1.2613E+22  5.3785E+20  1.2465E+22
2.1915E-15  1.1492E-14  6.5189E-15  2.1991E-14  3.4850E-21  2.5262E-43  1.1038E-44  2.3104E+01  2.8240E+02  1.9860E+22  9.1728E+20  4.8386E+21
2.2232E-15  8.2725E-15  1.9154E-15  1.5843E-14  1.9864E-21  1.9299E-43  2.4356E-44  1.8934E+01  1.6608E+02  2.0816E+22  1.4175E+21  3.3828E+21
4.1473E-15  1.2193E-14  6.8390E-15  1.1217E-14  5.4330E-21  1.5100E-43  2.7201E-44  2.1150E+01  3.4552E+02  1.9243E+22  2.2490E+21  4.1243E+21
3.6210E-15  2.2349E-15  2.6159E-15  1.9991E-14  3.8205E-21  2.2041E-43  2.1411E-44  2.9910E+01  1.3102E+02  1.8287E+22  1.7296E+21  5.5996E+21
1.1535E-15  3.0429E-15  7.7990E-15  1.8796E-14  3.9301E-21  2.5481E-43  1.4783E-44  4.6241E+01  1.2707E+02  1.5994E+22  3.8462E+20  9.2371E+21
5.2599E-15  9.6289E-15  6.6407E-15  2.1444E-14  2.4371E-21  7.1717E-44  2.8517E-44  2.1927E+01  5.4654E+01  1.0465E+22  1.2097E+21  1.3942E+22
4.6849E-15  5.7797E-15  8.5660E-15  3.7936E-15  5.7464E-21  6.8470E-44  1.9305E-44  4.7782E+01  2.8390E+02  1.7503E+22  2.9550E+21  5.1584E+21
1.8259E-15  2.1604E-15  1.1378E-15  1.7107E-14  1.6317E-21  2.7697E-43  1.0709E-44  3.2964E+01  2.4663E+02  2.2404E+22  1.3844E+21  1.8278E+21
6.3843E-16  1.0417E-14  9.2102E-15  9.4043E-15  3.8371E-21  4.3483E-44  1.0241E-44  2.0404E+01  3.9179E+02  2.0622E+22  4.5514E+20  4.5384E+21
1.0885E-15  1.5896E-15  2.9079E-15  3.6713E-15  4.7881E-21  7.4722E-44  3.1183E-44  4.3662E+01  5.9755E+01  1.7525E+22  7.8046E+20  7.3100E+21
1.9833E-15  3.3200E-15  2.2372E-15  4.5666E-15  3.5172E-21  1.6852E-43  1.9251E-44  6.2610E+00  1.5022E+02  1.9521E+22  2.7177E+21  3.3776E+21
5.7697E-15  1.0676E-14  6.1305E-15  5.7032E-15  2.0019E-21  1.7853E-43  6.5255E-45  2.0981E+01  3.2640E+02  1.7805E+22  4.0872E+21  3.7238E+21
3.6996E-15  6.6530E-15  6.9613E-15  1.2880E-14  3.4778E-21  1.8269E-43  1.2046E-44  3.5955E+01  4.0455E+02  1.9675E+22  2.1989E+21  3.7423E+21
5.4311E-15  1.2809E-14  5.9299E-15  9.7742E-15  2.0214E-21  2.7335E-43  2.6244E-44  9.9588E+00  9.7183E+01  1.4231E+22  2.1077E+21  9.2774E+21
1.2374E-15  4.4848E-15  4.7186E-15  1.5871E-14  5.4920E-21  4.3825E-44  2.0446E-44  1.1156E+01  2.2245E+02  2.0294E+22  8.6705E+20  4.4554E+21
5.3418E-15  8.9544E-15  7.4897E-15  1.2472E-14  3.8189E-21  2.8731E-43  8.8754E-45  5.0027E+01  4.7353E+02  1.9503E+22  2.6436E+21  3.4697E+21
3.0713E-15  5.9782E-15  5.4749E-15  6.8226E-15  5.0300E-21  2.1655E-43  2.9648E-44  2.6739E+01  2.1633E+02  1.8737E+22  2.0432E+21  4.8355E+21
4.4363E-15  8.5806E-15  4.8689E-15  1.7826E-14  5.4286E-21  1.4414E-43  1.5486E-44  3.5386E+01  4.3843E+02  2.0392E+22  2.2945E+21  2.9293E+21
2.8265E-15  4.4522E-15  7.4384E-15  1.3746E-14  2.9051E-21  4.9918E-44  1.7051E-44  1.9101E+01  3.4112E+02  1.9021E+22  2.0557E+21  4.5389E+21
3.7956E-15  9.3352E-15  6.9593E-15  2.2906E-15  6.3129E-21  1.7836E-43  2.2915E-44  3.5072E+01  3.8013E+02  1.9431E+22  2.7854E+21  3.4000E+21
6.2324E-16  1.2475E-14  4.5298E-15  1.1248E-14  4.8155E-21  4.3564E-44  1.4946E-44  4.6042E+01  1.8231E+02  2.0502E+22  3.2202E+20  4.7921E+21
2.3245E-15  7.5841E-15  3.2691E-15  1.0863E-14  4.9148E-21  1.0092E-43  7.3239E-45  4.3104E+01  4.7934E+02  2.2185E+22  1.6893E+21  1.7421E+21
1.9340E-15  9.8092E-15  8.1887E-15  2.1120E-14  4.8210E-21  8.6266E-44  2.2879E-44  2.5288E+01  4.9228E+02  2.1054E+22  9.7888E+20  3.5832E+21
4.2869E-15  1.1749E-14  8.5392E-15  2.0855E-14  4.7217E-21  2.3079E-43  2.1655E-44  2.9066E+01  4.7883E+02  1.9848E+22  1.8134E+21  3.9549E+21
4.3368E-15  7.7033E-15  5.4448E-15  7.2246E-15  1.0346E-21  3.7120E-44  2.0058E-44  4.5663E+01  3.6544E+02  1.9223E+22  3.1979E+21  3.1951E+21
3.5998E-15  1.0781E-14  3.8211E-15  1.9655E-14  1.8365E-21  1.2096E-43  2.4136E-44  3.3294E+01  1.7098E+02  1.8671E+22  1.5834E+21  5.3619E+21
4.5050E-15  2.0634E-15  9.1704E-15  1.7239E-14  2.3098E-21  4.7966E-44  3.1814E-44  1.4131E+01  3.7447E+02  1.7443E+22  3.0354E+21  5.1373E+21
1.1233E-15  6.6008E-15  8.4162E-15  1.3955E-14  3.5334E-21  2.9084E-43  1.7587E-44  4.9883E+01  2.6060E+02  1.9240E+22  5.0194E+20  5.8742E+21
1.8799E-15  1.6586E-15  5.1554E-15  5.9967E-15  7.0788E-22  2.0007E-43  1.1216E-44  2.4027E+01  5.9733E+01  1.3342E+22  1.1936E+21  1.1081E+22
1.9898E-15  8.1711E-15  4.3722E-15  7.4603E-15  1.1934E-21  5.2677E-44  1.1867E-44  3.6859E+01  9.3799E+01  1.6629E+22  1.2192E+21  7.7693E+21
8.3554E-16  5.6423E-15  7.4580E-15  1.7458E-14  6.4584E-21  1.1152E-43  1.3812E-44  4.2791E+01  2.4319E+02  1.9545E+22  3.7896E+20  5.6926E+21
3.0472E-15  1.3279E-15  1.3730E-15  7.4584E-15  4.8533E-21  2.3698E-43  9.6768E-45  9.6985E+00  7.8956E+01  1.7956E+22  2.6214E+21  5.0390E+21
1.6234E-15  6.3975E-15  7.0069E-15  1.1211E-14  4.7377E-21  1.1331E-43  2.3607E-44  3.5178E+01  2.5721E+02  1.9487E+22  9.5676E+20  5.1720E+21
4.2918E-15  9.9467E-15  4.3812E-15  5.7982E-15  2.9719E-21  8.0432E-44  3.9243E-45  2.0582E+01  1.8385E+02  1.7768E+22  3.0769E+21  4.7709E+21
3.2964E-15  7.7851E-15  3.0838E-15  9.9498E-15  1.7010E-21  7.5618E-44  1.3560E-44  4.5391E+01  2.7662E+02  2.0494E+22  2.2815E+21  2.8407E+21
3.5857E-15  2.3546E-15  6.6093E-15  6.8812E-15  4.2449E-21  2.5490E-43  1.3570E-44  5.1498E+01  1.7221E+02  1.7128E+22  1.8714E+21  6.6174E+21
4.1634E-15  1.1744E-14  7.9396E-15  7.6997E-15  6.0998E-21  5.4111E-44  2.3940E-44  2.8979E+01  4.9117E+02  1.9674E+22  2.6539E+21  3.2879E+21
4.0903E-15  9.8273E-15  5.7041E-15  1.3978E-14  1.8319E-21  2.9003E-43  4.9000E-45  7.7468E+00  2.2532E+02  1.8018E+22  2.1803E+21  5.4178E+21
5.2875E-15  5.7504E-15  5.3427E-15  1.6790E-14  4.3638E-21  1.4855E-43  1.1189E-44  8.9706E+00  2.4613E+02  1.7515E+22  2.8553E+21  5.2459E+21
2.4055E-15  7.9521E-15  7.7781E-15  7.1276E-15  2.4342E-21  8.0501E-44  2.0907E-44  2.8862E+01  4.4954E+02  2.0155E+22  1.9855E+21  3.4753E+21
4.6704E-15  9.1213E-15  1.7045E-15  1.6910E-14  6.2448E-21  2.8554E-43  2.3711E-44  4.3217E+01  3.4174E+02  2.1146E+22  2.4136E+21  2.0566E+21
4.7757E-15  6.0572E-15  3.4700E-15  7.0754E-15  3.6868E-21  2.0782E-43  1.4676E-44  5.1850E+01  3.0519E+02  1.9651E+22  3.2340E+21  2.7312E+21
5.8956E-15  2.6659E-15  3.1706E-15  5.2961E-15  1.9218E-21  1.3595E-43  2.9517E-44  4.2651E+01  4.9117E+02  1.8250E+22  5.7205E+21  1.6454E+21
3.6212E-15  7.1170E-15  4.5857E-15  2.1719E-14  6.1777E-21  1.4590E-43  2.8872E-44  2.3504E+01  4.6669E+02  2.0982E+22  1.9296E+21  2.7040E+21
1.0164E-15  1.0397E-14  7.2693E-15  1.1024E-14  7.9127E-22  1.9039E-43  1.7479E-44  4.3262E+01  3.8348E+02  2.1171E+22  6.1767E+20  3.8272E+21
5.1895E-15  8.2382E-15  4.2149E-15  1.5994E-14  7.9491E-22  2.7768E-43  2.2358E-44  2.8259E+01  2.9054E+02  1.8956E+22  2.7712E+21  3.8893E+21
5.4725E-15  6.6303E-15  7.0542E-15  6.4999E-15  1.7897E-21  2.8006E-43  3.0262E-44  1.3546E+01  2.6378E+02  1.6717E+22  3.9777E+21  4.9217E+21
6.5795E-16  1.2917E-14  6.4222E-15  1.1817E-14  5.0827E-21  1.8933E-43  7.1445E-45  1.5586E+01  3.6132E+02  2.1577E+22  4.0134E+20  3.6378E+21
4.9225E-15  7.1848E-15  6.2835E-15  2.0169E-14  6.7078E-21  2.0587E-43  3.0430E-44  1.0460E+01  2.0629E+02  1.7293E+22  1.9401E+21  6.3833E+21
1.2729E-15  3.7562E-15  1.1768E-15  7.7356E-15  9.0009E-22  1.7801E-43  2.5089E-44  2.5961E+01  4.2559E+02  2.3128E+22  1.6290E+21  8.5875E+20
1.5120E-15  3.0663E-15  5.9080E-15  1.3303E-14  5.3318E-21  2.5990E-43  2.7264E-44  3.0225E+01  3.5225E+02  2.1041E+22  1.0166E+21  3.5586E+21
2.4430E-15  2.7205E-15  1.4160E-15  2.0516E-14  5.1108E-21  2.7146E-43  2.8793E-44  1.7122E+01  4.5403E+02  2.2422E+22  1.8055E+21  1.3884E+21
1.2023E-15  1.2028E-14  8.6031E-15  2.1619E-14  6.9069E-21  2.9417E-43  3.5207E-45  3.8664E+01  5.0996E+02  2.1580E+22  4.9656E+20  3.5393E+21
9.1376E-16  7.8777E-15  5.0432E-15  9.0145E-15  5.1498E-21  1.4635E-43  4.1216E-45  2.5022E+01  1.1581E+02  1.7766E+22  4.6689E+20  7.3832E+21
3.2594E-15  5.7744E-15  4.5789E-15  2.5303E-15  4.4392E-21  1.3283E-43  3.4847E-45  1.1127E+01  1.6618E+02  1.7544E+22  3.1944E+21  4.8773E+21
2.3246E-15  4.0008E-15  6.2575E-15  1.8706E-14  5.3256E-21  5.4697E-44  2.1641E-44  4.7034E+01  3.4587E+02  2.0413E+22  1.2327E+21  3.9707E+21
5.0099E-15  1.1574E-14  1.2604E-15  1.6298E-14  7.9513E-22  1.5206E-43  1.2507E-44  3.9645E+01  3.5935E+02  2.1022E+22  2.7660E+21  1.8276E+21
2.5365E-15  7.3005E-15  2.0980E-15  1.0946E-14  6.5015E-21  2.4505E-43  2.2034E-44  4.0815E+01  4.1972E+02  2.2324E+22  1.8312E+21  1.4610E+21
4.1188E-15  2.6555E-15  1.0166E-15  4.8055E-15  3.5440E-21  2.8700E-43  1.5669E-44  4.4208E+01  1.1027E+02  1.9199E+22  3.4522E+21  2.9645E+21
4.6428E-15  2.1569E-15  6.0147E-15  2.0142E-14  4.3627E-21  2.7042E-43  2.8754E-44  1.4853E+01  1.6018E+02  1.6243E+22  1.8966E+21  7.4790E+21
2.0998E-15  2.1559E-15  6.2829E-15  1.6872E-14  2.2624E-21  2.9083E-43  6.7407E-45  2.7195E+01  5.1366E+02  2.1294E+22  1.4825E+21  2.8397E+21
5.0287E-15  9.5437E-15  9.1757E-15  7.9249E-15  2.0110E-21  2.1768E-43  4.2785E-45  2.2853E+01  2.5057E+02  1.6519E+22  2.7535E+21  6.3436E+21
3.0407E-15  2.4450E-15  3.9771E-15  1.5667E-14  2.1274E-21  2.2200E-43  6.8143E-45  1.2537E+01  1.3328E+02  1.7243E+22  1.7854E+21  6.5881E+21
5.3037E-15  7.2941E-15  7.0354E-15  1.6079E-14  2.2735E-21  2.1422E-43  3.4256E-45  2.9709E+01  6.5112E+01  1.0783E+22  1.3209E+21  1.3512E+22
4.1340E-15  4.1813E-15  6.4095E-15  9.2639E-15  1.8715E-21  9.8822E-44  2.6653E-44  4.9349E+01  5.1231E+02  1.9759E+22  3.0850E+21  2.7717E+21
2.7203E-15  1.2814E-14  2.2041E-15  1.1951E-14  4.0148E-21  1.5703E-43  2.3518E-44  1.3931E+01  5.0320E+02  2.2261E+22  2.0204E+21  1.3348E+21
8.7996E-16  4.7414E-15  2.3590E-15  1.5827E-14  4.3224E-21  8.2103E-44  2.0959E-44  3.9962E+01  4.2532E+02  2.3529E+22  6.6380E+20  1.4232E+21
1.7428E-15  1.1130E-14  4.4644E-15  1.5211E-14  4.1640E-21  1.5300E-43  5.6702E-45  1.3962E+01  1.4713E+02  1.8772E+22  8.4872E+20  5.9956E+21
4.8060E-15  4.5462E-15  3.3213E-15  1.1964E-14  5.9194E-21  1.2601E-43  1.5734E-44  1.4055E+01  8.5711E+01  1.5398E+22  2.2279E+21  7.9897E+21
5.3352E-15  3.7187E-15  4.9977E-15  1.6623E-14  4.3856E-21  4.8579E-44  2.0561E-44  1.6044E+01  4.5595E+02  1.8837E+22  3.6658E+21  3.1127E+21
5.4841E-15  3.7591E-15  8.6718E-15  5.0611E-15  6.7712E-21  7.5245E-44  3.0376E-44  4.7838E+01  5.2356E+02  1.8401E+22  4.0699E+21  3.1448E+21
1.6118E-15  5.7426E-15  8.3104E-15  1.5260E-14  1.0455E-21  2.1182E-43  3.0941E-44  4.7234E+01  2.6248E+02  1.8990E+22  8.1237E+20  5.8145E+21
6.9466E-16  6.3588E-15  1.8987E-15  1.7854E-14  6.9256E-21  2.5839E-43  4.0902E-45  9.8008E+00  1.3344E+02  2.1823E+22  4.2656E+20  3.3666E+21
1.3354E-15  7.2128E-15  6.7977E-15  9.8885E-15  3.8510E-21  5.4642E-44  2.6586E-44  2.5111E+01  2.2815E+02  1.9220E+22  9.0330E+20  5.4933E+21
1.6348E-15  9.0282E-15  8.0980E-15  1.6051E-14  1.0834E-21  2.3949E-43  6.0206E-45  4.0364E+01  1.6287E+02  1.6797E+22  6.3958E+20  8.1803E+21
4.8950E-15  3.4439E-15  8.8688E-15  1.5270E-14  5.5196E-21  1.9802E-43  2.0007E-44  4.6715E+01  7.8840E+01  1.1551E+22  1.1119E+21  1.2953E+22
3.6217E-15  7.1773E-15  8.9008E-15  1.6866E-14  4.5772E-21  1.5236E-43  1.0343E-44  1.8991E+01  3.4548E+02  1.8576E+22  1.8409E+21  5.1996E+21
5.9910E-15  3.8908E-15  8.9371E-15  1.7451E-14  5.9980E-21  1.0623E-43  2.6596E-44  1.7426E+01  3.0299E+02  1.6794E+22  2.8565E+21  5.9660E+21
1.1566E-15  4.9131E-15  4.8793E-15  1.2580E-14  1.4413E-21  2.3487E-43  9.9518E-45  5.0764E+01  1.6906E+02  1.9459E+22  6.2949E+20  5.5278E+21
1.9922E-15  1.2098E-14  4.5141E-15  2.5181E-15  4.3942E-21  2.9942E-43  3.0756E-44  3.1047E+01  4.4475E+02  2.1853E+22  1.6497E+21  2.1130E+21
3.3186E-15  8.3439E-15  6.0028E-15  2.4559E-15  6.6723E-21  2.1338E-43  2.6494E-44  2.9261E+01  2.0005E+02  1.8349E+22  2.0951E+21  5.1720E+21
1.7637E-15  8.0993E-15  2.4646E-15  1.9685E-14  1.1253E-21  1.4093E-43  9.4511E-45  3.2178E+01  4.0125E+02  2.2738E+22  1.1001E+21  1.7780E+21
1.2082E-15  3.5060E-15  7.6739E-15  1.5764E-14  4.0452E-21  1.4243E-43  2.8649E-44  6.4592E+00  2.8604E+02  1.9619E+22  8.3613E+20  5.1615E+21
1.5452E-15  8.7119E-15  2.4919E-15  1.1081E-14  6.2347E-21  1.9432E-43  1.6878E-44  8.1324E+00  1.5779E+02  2.0863E+22  1.0828E+21  3.6706E+21
5.8225E-15  6.5044E-15  1.4347E-15  1.3110E-14  3.0759E-21  1.7455E-43  1.4556E-44  5.1893E+01  4.9357E+02  2.0553E+22  3.6293E+21  1.4340E+21
3.5343E-15  4.0254E-15  3.8888E-15  1.3555E-14  5.4255E-21  4.8811E-44  1.7265E-44  2.1286E+01  4.5834E+02  2.0428E+22  2.8315E+21  2.3564E+21
5.9120E-15  4.8252E-15  6.9924E-15  1.6807E-14  1.9301E-21  1.2216E-43  6.7402E-45  2.4905E+01  2.4624E+02  1.6452E+22  3.0098E+21  6.1540E+21
3.8298E-15  5.4461E-15  2.8842E-15  4.2429E-15  4.1221E-21  1.8632E-43  8.4717E-45  1.8283E+01  8.6792E+01  1.6684E+22  2.7291E+21  6.2030E+21
2.4451E-15  8.3277E-15  1.2276E-15  1.5591E-14  3.3233E-21  9.5804E-44  3.1870E-44  4.6126E+01  4.6229E+02  2.2968E+22  1.5950E+21  1.0525E+21
5.1171E-15  1.2816E-14  5.1219E-15  3.7742E-15  3.4459E-21  1.8401E-43  1.4393E-44  3.4284E+01  4.9128E+02  1.9767E+22  3.6974E+21  2.1519E+21
4.5112E-15  5.1979E-15  6.8384E-15  7.1353E-15  1.6804E-21  2.8584E-43  2.2319E-44  1.8383E+01  4.7089E+02  1.8585E+22  4.0060E+21  3.0253E+21
2.4800E-15  6.9565E-15  6.2720E-15  8.2759E-15  5.9153E-21  2.5520E-43  8.7947E-45  2.3527E+01  4.5812E+02  2.0812E+22  1.8776E+21  2.9265E+21
2.7962E-15  8.4080E-15  9.1536E-15  1.6297E-14  6.2300E-21  1.4258E-43  2.0572E-44  2.4951E+01  3.2382E+02  1.8879E+22  1.2977E+21  5.4395E+21
3.2315E-15  1.1848E-14  7.7249E-15  1.4082E-14  5.5362E-21  2.3791E-43  6.7928E-45  2.7391E+01  1.2082E+02  1.4990E+22  9.4916E+20  9.6772E+21
5.0797E-15  4.3537E-15  9.0859E-15  1.9760E-14  2.2476E-21  2.4718E-43  4.2763E-45  1.6337E+01  9.6647E+01  1.1632E+22  1.4183E+21  1.2566E+22
7.2990E-16  3.5800E-15  6.0004E-15  2.2274E-15  4.1522E-21  2.1001E-43  1.6559E-44  4.5509E+01  4.0559E+02  2.1871E+22  7.4593E+20  2.9985E+21
1.5108E-15  3.0117E-15  4.2914E-15  1.7954E-14  9.4766E-22  2.2074E-43  3.7662E-45  3.7235E+01  2.6753E+02  2.0995E+22  9.4630E+20  3.6746E+21
7.6073E-16  2.5959E-15  3.4900E-15  2.1428E-14  4.6471E-21  7.0147E-44  1.8362E-44  3.6313E+01  4.4084E+02  2.3194E+22  5.1107E+20  1.9108E+21
5.5430E-15  1.6499E-15  6.6786E-15  1.7424E-14  4.9483E-21  1.7871E-43  2.4484E-44  6.1808E+00  4.4596E+02  1.8123E+22  3.6965E+21  3.7969E+21
5.0579E-15  6.6473E-15  4.8517E-15  7.7952E-15  3.4920E-21  7.9880E-44  2.2516E-44  4.0132E+01  3.4574E+02  1.8871E+22  3.5887E+21  3.1562E+21
5.6271E-15  4.9725E-15  8.6030E-15  1.6455E-14  6.4843E-21  2.4376E-43  7.7746E-45  7.9769E+00  3.2985E+02  1.7452E+22  2.7418E+21  5.4219E+21
4.7387E-15  2.8941E-15  6.2166E-15  1.8069E-14  4.2072E-21  8.7841E-44  6.8697E-45  1.9655E+01  4.8583E+02  1.9215E+22  3.0885E+21  3.3128E+21
2.9682E-15  5.6513E-15  1.6601E-15  2.1786E-14  3.1547E-21  2.5154E-43  2.8010E-44  4.4931E+01  3.6882E+02  2.2202E+22  1.6229E+21  1.7906E+21
5.5691E-15  8.4834E-15  4.7257E-15  3.5103E-15  3.0728E-21  1.8288E-43  2.3302E-44  4.2615E+01  4.2325E+02  1.9019E+22  4.3242E+21  2.2728E+21
5.5311E-15  4.9972E-15  4.8730E-15  6.1722E-15  7.0039E-22  1.0871E-43  1.2963E-44  1.3627E+01  3.8071E+02  1.6831E+22  5.9283E+21  2.8568E+21
9.9488E-16  6.0473E-15  2.2438E-15  8.0369E-15  1.2113E-21  2.0315E-43  2.7550E-44  5.1961E+01  4.3361E+02  2.3490E+22  8.6489E+20  1.2610E+21
2.5686E-15  2.2522E-15  9.3542E-15  2.4230E-15  5.9822E-21  1.5104E-43  4.1488E-45  4.4703E+01  5.0391E+02  1.9745E+22  2.3964E+21  3.4742E+21
5.9558E-15  1.5689E-15  5.4684E-15  2.0837E-14  2.4553E-21  2.7704E-43  2.7444E-44  1.0587E+01  1.5702E+02  1.5362E+22  2.5446E+21  7.7094E+21
2.1475E-15  2.3419E-15  8.4470E-15  1.5999E-14  5.4755E-21  2.0847E-43  2.4576E-44  5.8762E+00  4.2239E+02  1.9947E+22  1.5124E+21  4.1568E+21
1.1160E-15  8.3666E-15  3.6820E-15  2.0801E-14  4.4404E-21  2.9737E-43  8.1549E-45  1.2067E+01  3.3508E+02  2.2338E+22  6.5407E+20  2.6242E+21
2.7886E-15  9.1794E-15  5.9889E-15  1.5755E-14  4.1958E-21  1.9139E-43  2.3853E-44  3.0814E+01  2.8306E+02  1.9731E+22  1.3961E+21  4.4886E+21
4.5338E-15  2.8237E-15  2.9872E-15  1.1855E-14  5.4297E-21  1.6806E-43  1.6713E-44  2.1105E+01  2.8885E+02  1.9072E+22  3.4481E+21  3.0954E+21
1.9702E-15  3.1760E-15  7.1146E-15  1.6238E-14  4.9695E-21  9.6726E-44  1.5940E-44  3.7341E+01  1.6575E+02  1.7284E+22  8.8964E+20  7.4432E+21
2.0822E-15  5.3748E-15  7.0549E-15  8.2962E-15  3.0435E-21  2.9222E-43  2.2976E-44  4.8689E+01  3.8165E+02  2.0534E+22  1.3536E+21  3.7284E+21
1.4199E-15  5.6935E-15  9.1323E-15  4.5314E-15  2.8951E-21  1.3675E-43  1.6272E-44  1.4713E+01  2.6587E+02  1.8400E+22  1.2803E+21  5.9359E+21
3.1958E-15  1.1302E-14  1.3817E-15  1.2082E-14  6.0249E-21  9.7430E-44  1.8281E-44  4.2090E+01  2.7043E+02  2.1844E+22  1.9522E+21  1.8194E+21
3.4419E-15  1.0845E-14  3.1618E-15  3.5128E-15  1.6212E-21  2.8071E-43  1.2609E-44  2.5338E+01  3.1240E+02  2.0409E+22  3.0037E+21  2.2031E+21
1.1236E-15  3.9837E-15  9.4047E-15  1.3215E-14  3.1135E-21  8.3689E-44  3.1923E-44  3.0277E+01  1.8914E+02  1.7136E+22  6.1000E+20  7.8724E+21
2.4282E-15  7.9711E-15  4.4684E-15  1.7417E-14  1.0713E-21  1.0812E-43  1.5555E-44  2.8872E+01  3.1679E+02  2.0729E+22  1.4751E+21  3.4123E+21
3.0496E-15  8.2508E-15  8.8234E-15  7.9056E-15  3.1045E-21  4.0631E-44  1.5999E-44  4.7779E+01  1.1000E+02  1.3844E+22  1.2074E+21  1.0565E+22
5.1572E-15  7.8837E-15  1.7943E-15  1.0042E-14  6.7254E-21  8.8289E-44  2.1700E-44  3.5028E+01  4.7007E+02  2.0435E+22  3.7338E+21  1.4475E+21
4.2538E-15  5.8368E-15  7.3659E-15  8.6173E-15  3.0556E-21  2.6518E-43  2.7034E-44  1.4605E+01  8.9294E+01  1.3241E+22  1.7147E+21  1.0660E+22
4.6993E-15  5.4561E-15  6.0108E-15  5.7700E-15  1.7421E-21  2.0784E-43  9.4571E-45  3.9264E+01  1.2160E+02  1.5204E+22  2.5377E+21  7.8754E+21
4.0363E-15  1.2935E-14  5.5652E-15  1.6921E-14  6.5640E-21  2.2900E-43  1.6324E-44  4.5101E+01  4.3721E+02  2.0785E+22  1.7783E+21  3.0528E+21
1.9700E-15  6.9788E-15  9.0280E-15  6.8657E-15  2.1190E-21  4.7165E-44  2.5344E-44  2.4435E+01  1.2100E+02  1.4524E+22  1.1342E+21  9.9581E+21
1.4939E-15  2.0960E-15  2.0589E-15  1.6170E-14  6.8416E-21  1.3582E-43  3.1298E-44  2.6604E+01  5.1203E+02  2.3098E+22  1.2920E+21  1.2256E+21
3.3900E-15  1.0672E-14  2.3692E-15  2.9260E-15  5.8631E-21  2.2798E-43  2.5418E-44  4.0734E+01  4.9242E+02  2.1584E+22  2.9197E+21  1.1123E+21
4.1631E-15  1.0767E-14  6.7220E-15  4.4988E-15  5.2052E-21  2.9628E-43  1.4201E-44  3.4923E+01  1.4882E+02  1.6604E+22  1.7829E+21  7.2300E+21
4.8717E-15  1.3251E-15  9.2162E-15  4.2049E-15  5.7630E-21  2.0860E-43  2.6879E-44  3.7580E+01  2.3997E+02  1.6393E+22  3.0746E+21  6.1489E+21
2.4496E-15  5.5399E-15  9.0402E-15  1.9110E-14  4.4859E-21  3.4677E-44  3.1798E-44  3.9346E+01  2.2989E+02  1.7617E+22  1.0551E+21  6.9452E+21
7.0297E-16  1.0340E-14  6.3215E-15  1.7818E-14  1.0571E-21  1.2354E-43  2.3197E-44  5.1627E+01  3.9568E+02  2.1907E+22  3.6566E+20  3.3428E+21
3.7328E-15  4.7988E-15  9.5030E-15  1.8789E-14  5.6751E-21  1.6138E-43  2.7887E-44  2.0991E+01  3.9064E+02  1.8784E+22  1.8675E+21  4.9643E+21
4.8405E-15  6.0939E-15  7.4638E-15  2.4153E-15  4.3556E-21  1.6023E-43  2.0000E-44  3.4171E+01  2.5234E+02  1.7168E+22  3.5312E+21  4.9169E+21
3.9346E-15  1.2663E-14  5.7452E-15  3.7534E-15  1.2894E-21  1.0019E-43  2.3755E-44  2.7718E+01  2.0837E+02  1.7959E+22  2.7452E+21  4.9117E+21
7.6555E-16  1.2447E-14  2.2208E-15  5.8638E-15  6.7209E-21  1.3698E-43  2.7260E-44  5.1265E+01  1.3983E+02  2.1874E+22  4.6020E+20  3.2818E+21
3.2883E-15  3.6168E-15  1.3599E-15  1.0122E-14  7.0781E-22  1.1592E-43  3.1426E-44  4.7350E+01  1.9009E+02  2.0430E+22  2.6083E+21  2.5775E+21
4.9821E-15  1.1806E-14  9.2804E-15  8.2792E-15  4.5761E-21  2.2496E-43  3.1539E-44  3.9374E+01  4.5236E+02  1.9020E+22  2.6090E+21  3.9870E+21
5.0298E-15  5.0085E-15  2.8928E-15  1.4774E-14  6.3032E-21  2.2054E-43  5.3515E-45  9.1216E+00  4.7079E+02  1.9733E+22  3.7008E+21  2.1818E+21
1.9185E-15  1.5974E-15  1.5932E-15  1.2637E-14  3.1778E-21  1.3870E-43  2.4013E-44  2.3394E+01  3.9277E+02  2.2196E+22  2.0042E+21  1.4161E+21
4.7689E-15  5.2867E-15  6.6276E-15  4.2906E-15  4.0330E-21  9.3148E-44  1.7710E-44  1.8586E+01  4.3125E+02  1.7761E+22  4.9068E+21  2.9477E+21
3.5018E-15  1.1584E-14  3.2271E-15  1.5353E-14  5.6315E-21  9.4786E-44  1.4175E-44  3.4802E+01  3.8312E+02  2.1314E+22  1.9424E+21  2.3591E+21
2.3743E-15  8.3594E-15  8.5390E-15  1.7785E-14  6.3624E-21  5.2226E-44  2.1364E-44  2.8822E+01  1.6820E+02  1.6497E+22  8.6311E+20  8.2586E+21
6.0034E-16  5.9329E-15  3.7699E-15  2.1966E-14  2.9611E-21  1.7960E-43  1.1296E-44  4.9578E+01  4.2020E+02  2.3213E+22  3.3270E+20  2.0706E+21
4.2939E-15  2.7730E-15  6.5931E-15  1.1169E-14  2.3364E-21  2.2600E-43  1.0092E-44  4.6438E+01  2.8657E+02  1.8299E+22  2.5565E+21  4.7607E+21
3.8284E-15  9.0111E-15  5.2073E-15  1.7798E-14  2.4778E-21  7.8192E-44  1.6240E-44  1.1393E+01  5.1581E+02  2.0464E+22  2.4747E+21  2.6770E+21
3.3919E-15  1.2010E-14  7.8243E-15  3.8017E-15  1.3707E-21  1.3378E-43  2.8619E-44  1.0464E+01  2.0753E+02  1.6973E+22  2.5094E+21  6.1340E+21
1.1477E-15  5.8699E-15  4.0155E-15  1.6811E-14  2.5851E-21  2.2296E-43  3.0785E-44  2.2071E+01  4.1169E+02  2.2482E+22  8.2455E+20  2.3092E+21
3.7129E-15  7.4589E-15  1.6262E-15  1.5882E-14  2.8368E-21  2.5125E-43  8.7917E-45  3.4712E+01  2.0111E+02  2.0478E+22  2.1031E+21  3.0349E+21
1.1471E-15  8.8417E-15  2.9349E-15  2.1563E-14  4.3719E-21  8.4839E-44  1.5520E-44  3.5556E+01  2.5698E+02  2.2224E+22  6.0813E+20  2.7837E+21
2.0020E-15  6.1023E-15  3.3959E-15  1.6066E-14  1.9612E-21  2.3894E-43  2.6543E-44  1.5692E+01  9.1603E+01  1.7532E+22  1.0013E+21  7.0851E+21
4.0719E-15  1.2104E-14  3.5694E-15  2.0074E-14  5.1946E-21  1.7045E-43  1.4948E-44  5.7838E+00  3.7340E+02  2.0593E+22  2.1580E+21  2.8649E+21
1.4666E-15  3.9299E-15  2.1620E-15  2.6026E-15  2.6940E-21  2.0196E-43  1.6692E-44  4.9727E+01  4.3299E+02  2.2736E+22  1.7416E+21  1.1385E+21
5.0967E-15  4.2291E-15  1.2429E-15  1.5280E-14  5.2022E-21  1.9843E-43  9.2717E-45  3.3680E+01  5.0574E+02  2.0634E+22  3.5343E+21  1.4474E+21
2.2501E-15  7.3226E-15  4.2457E-15  1.4034E-14  1.9815E-21  1.8388E-43  1.0028E-44  4.2567E+01  1.6295E+02  1.9047E+22  1.1563E+21  5.4132E+21
1.8092E-15  2.2138E-15  9.0296E-15  6.0290E-15  4.3649E-21  1.9307E-43  2.5242E-44  2.2083E+01  5.0518E+02  2.0218E+22  1.8906E+21  3.5074E+21
1.3706E-15  5.2637E-15  4.6536E-15  3.8059E-15  7.5381E-22  1.5091E-43  2.4570E-44  4.9864E+01  4.2520E+02  2.1938E+22  1.3699E+21  2.3082E+21
1.8006E-15  6.6338E-15  4.6402E-15  7.4858E-15  4.4523E-21  2.7337E-43  2.2126E-44  2.0154E+01  1.6605E+02  1.9178E+22  1.1661E+21  5.2721E+21
1.1721E-15  9.9953E-15  4.8500E-15  2.0423E-14  1.0712E-21  1.4730E-43  2.9597E-44  2.7833E+01  2.2542E+02  2.0561E+22  5.9588E+20  4.4592E+21
2.5183E-15  1.2373E-14  8.7390E-15  1.5773E-14  2.6821E-21  1.7625E-43  2.8027E-44  4.7005E+01  4.1216E+02  2.0176E+22  1.1500E+21  4.2900E+21
2.3427E-15  1.1831E-14  1.8006E-15  1.2445E-14  5.1073E-21  1.4497E-43  1.7161E-44  2.2688E+01  2.4063E+02  2.1852E+22  1.5416E+21  2.2225E+21
3.1165E-15  6.0172E-15  8.8672E-15  7.0166E-15  3.9939E-21  1.0533E-43  1.5238E-44  1.8159E+01  4.3256E+02  1.8985E+22  2.6725E+21  3.9583E+21
2.9380E-15  3.1188E-15  1.1614E-15  4.7836E-15  3.8119E-21  2.9189E-43  1.7361E-44  1.8887E+01  3.2449E+02  2.0307E+22  4.0889E+21  1.2200E+21
2.4360E-15  3.2902E-15  7.4064E-15  2.1671E-14  2.6470E-21  1.1676E-43  6.5338E-45  5.0839E+01  1.2833E+02  1.5430E+22  8.3423E+20  9.3515E+21
1.4279E-15  4.1397E-15  6.8669E-15  1.6738E-14  6.5118E-21  2.2180E-43  2.7496E-44  1.9277E+01  5.0053E+02  2.1658E+22  9.5270E+20  3.0052E+21
1.8942E-15  4.1849E-15  6.7015E-15  8.1974E-15  6.2234E-21  1.0180E-43  5.1892E-45  4.1960E+01  3.1931E+02  2.0120E+22  1.3130E+21  4.1834E+21
3.2500E-15  9.5983E-15  5.5609E-15  1.3065E-14  6.4246E-21  2.1404E-43  8.7149E-45  1.5176E+01  1.4315E+02  1.7137E+22  1.3378E+21  7.1416E+21
2.6502E-15  1.0709E-14  7.0253E-15  1.4680E-14  4.0952E-21  2.1808E-43  2.2653E-44  3.9114E+01  4.3136E+02  2.0749E+22  1.3589E+21  3.5076E+21
2.6939E-15  8.7385E-15  9.4988E-15  1.7225E-14  4.9565E-21  1.7576E-43  3.1933E-44  3.6552E+01  4.8381E+02  2.0252E+22  1.3178E+21  4.0460E+21
2.1746E-15  5.1935E-15  3.2428E-15  1.0863E-14  5.7145E-21  1.9310E-43  7.1505E-45  3.0009E+01  4.6988E+02  2.2023E+22  1.8113E+21  1.7814E+21
3.3834E-15  8.0784E-15  6.2493E-15  9.0885E-15  1.4562E-21  6.1127E-44  2.5696E-44  4.1480E+01  4.5800E+02  2.0204E+22  2.4485E+21  2.9634E+21
3.6360E-15  1.0549E-14  1.6239E-15  3.4702E-15  1.8140E-21  2.7005E-43  3.0268E-44  3.5941E+01  3.8034E+02  2.1245E+22  3.2668E+21  1.1046E+21
4.5357E-15  6.8467E-15  1.8109E-15  1.3286E-14  2.6089E-21  3.7585E-44  1.7837E-44  2.9881E+01  4.8122E+02  2.0672E+22  3.3747E+21  1.5691E+21
4.8623E-15  1.1495E-14  6.3505E-15  5.3066E-15  3.8035E-21  5.9981E-44  2.6652E-44  1.7389E+01  4.5668E+02  1.8905E+22  3.8940E+21  2.8173E+21
3.0753E-15  6.4223E-15  5.0809E-15  1.6746E-14  4.6407E-21  2.4457E-43  1.9654E-44  4.1420E+01  4.4793E+02  2.1132E+22  1.7059E+21  2.7777E+21
3.9237E-15  5.6303E-15  7.4978E-15  1.6339E-14  3.8349E-21  1.6472E-43  1.2272E-44  4.8326E+01  1.9933E+02  1.7058E+22  1.5724E+21  6.9863E+21
3.6671E-15  3.8735E-15  7.1793E-15  1.4308E-14  2.8113E-21  1.5350E-43  2.7916E-44  2.5012E+01  4.6213E+02  1.9562E+22  2.5585E+21  3.4957E+21
3.0463E-15  1.0560E-14  1.1129E-15  2.1915E-14  6.1311E-21  1.1662E-43  1.9550E-44  1.9072E+01  2.0026E+02  2.1404E+22  1.5681E+21  2.6439E+21
4.9133E-15  6.4422E-15  6.3588E-15  2.0015E-14  5.8891E-21  9.9677E-44  1.1343E-44  2.8354E+01  6.7350E+01  1.1823E+22  1.1150E+21  1.2678E+22
1.6880E-15  3.9514E-15  1.5646E-15  4.5198E-15  2.4904E-21  2.3869E-43  8.5715E-45  3.3719E+01  1.5697E+02  2.1367E+22  1.8209E+21  2.4280E+21
3.8776E-15  4.8794E-15  7.1757E-15  1.4059E-14  5.8131E-21  2.0145E-43  9.4315E-45  5.0348E+01  8.7716E+01  1.3376E+22  1.0245E+21  1.1216E+22
5.4799E-15  5.7128E-15  2.3725E-15  1.9132E-14  6.3425E-21  6.0845E-44  2.9726E-44  4.6841E+01  1.5106E+02  1.8193E+22  2.3012E+21  5.1222E+21
1.2697E-15  3.8791E-15  3.2099E-15  7.5412E-15  3.5173E-21  7.3034E-44  5.5864E-45  9.6747E+00  1.6632E+02  2.0069E+22  1.4158E+21  4.1310E+21
1.5459E-15  5.1619E-15  4.7325E-15  1.7544E-14  1.2342E-21  1.9650E-43  2.2089E-44  8.5565E+00  1.7578E+02  1.9156E+22  9.6992E+20  5.4903E+21
3.7436E-15  3.8073E-15  8.3289E-15  1.5454E-14  5.0805E-21  3.6824E-44  4.7113E-45  2.3917E+01  1.4642E+02  1.4856E+22  1.5568E+21  9.2051E+21
3.2577E-15  1.1408E-14  4.4575E-15  1.0147E-14  5.2725E-21  2.5204E-43  1.7081E-44  4.8565E+01  4.1004E+02  2.1261E+22  1.8246E+21  2.5304E+21
5.1846E-15  1.1640E-14  2.5505E-15  6.8336E-15  1.4233E-21  1.2404E-43  1.4354E-44  2.5242E+01  5.6084E+01  1.4640E+22  2.5384E+21  8.4373E+21
2.5102E-15  9.9771E-15  2.5804E-15  4.2864E-15  2.6719E-21  1.2685E-43  2.2493E-44  1.8990E+01  1.3325E+02  1.9479E+22  2.1388E+21  3.9982E+21
