6.0000E-16  1.3000E-15  9.6000E-16  2.2000E-15  7.0000E-22  3.0000E-44  3.2000E-45  5.2000E+00  5.3000E+01  1.9571E+22  2.0420E+21  4.0032E+21
1.2000E-15  1.3000E-15  9.6000E-16  2.2000E-15  7.0000E-22  3.0000E-44  3.2000E-45  5.2000E+00  5.3000E+01  1.7650E+22  3.6644E+21  4.3012E+21
1.8000E-15  1.3000E-15  9.6000E-16  2.2000E-15  7.0000E-22  3.0000E-44  3.2000E-45  5.2000E+00  5.3000E+01  1.6079E+22  4.9912E+21  4.5455E+21
2.4000E-15  1.3000E-15  9.6000E-16  2.2000E-15  7.0000E-22  3.0000E-44  3.2000E-45  5.2000E+00  5.3000E+01  1.4767E+22  6.0993E+21  4.7498E+21
3.0000E-15  1.3000E-15  9.6000E-16  2.2000E-15  7.0000E-22  3.0000E-44  3.2000E-45  5.2000E+00  5.3000E+01  1.3653E+22  7.0398E+21  4.9236E+21
3.6000E-15  1.3000E-15  9.6000E-16  2.2000E-15  7.0000E-22  3.0000E-44  3.2000E-45  5.2000E+00  5.3000E+01  1.2694E+22  7.8487E+21  5.0733E+21
4.2000E-15  1.3000E-15  9.6000E-16  2.2000E-15  7.0000E-22  3.0000E-44  3.2000E-45  5.2000E+00  5.3000E+01  1.1860E+22  8.5521E+21  5.2036E+21
4.8000E-15  1.3000E-15  9.6000E-16  2.2000E-15  7.0000E-22  3.0000E-44  3.2000E-45  5.2000E+00  5.3000E+01  1.1129E+22  9.1693E+21  5.3181E+21
5.4000E-15  1.3000E-15  9.6000E-16  2.2000E-15  7.0000E-22  3.0000E-44  3.2000E-45  5.2000E+00  5.3000E+01  1.0481E+22  9.7154E+21  5.4196E+21
6.0000E-15  1.3000E-15  9.6000E-16  2.2000E-15  7.0000E-22  3.0000E-44  3.2000E-45  5.2000E+00  5.3000E+01  9.9041E+21  1.0202E+22  5.5101E+21
6.0000E-16  1.3000E-15  1.9200E-15  2.2000E-15  7.0000E-22  3.0000E-44  3.2000E-45  5.2000E+00  5.3000E+01  1.7555E+22  1.6622E+21  6.3988E+21
1.2000E-15  1.3000E-15  1.9200E-15  2.2000E-15  7.0000E-22  3.0000E-44  3.2000E-45  5.2000E+00  5.3000E+01  1.6092E+22  3.0700E+21  6.4545E+21
1.8000E-15  1.3000E-15  1.9200E-15  2.2000E-15  7.0000E-22  3.0000E-44  3.2000E-45  5.2000E+00  5.3000E+01  1.4840E+22  4.2743E+21  6.5023E+21
2.4000E-15  1.3000E-15  1.9200E-15  2.2000E-15  7.0000E-22  3.0000E-44  3.2000E-45  5.2000E+00  5.3000E+01  1.3758E+22  5.3143E+21  6.5437E+21
3.0000E-15  1.3000E-15  1.9200E-15  2.2000E-15  7.0000E-22  3.0000E-44  3.2000E-45  5.2000E+00  5.3000E+01  1.2817E+22  6.2199E+21  6.5798E+21
3.6000E-15  1.3000E-15  1.9200E-15  2.2000E-15  7.0000E-22  3.0000E-44  3.2000E-45  5.2000E+00  5.3000E+01  1.1990E+22  7.0146E+21  6.6116E+21
4.2000E-15  1.3000E-15  1.9200E-15  2.2000E-15  7.0000E-22  3.0000E-44  3.2000E-45  5.2000E+00  5.3000E+01  1.1260E+22  7.7168E+21  6.6397E+21
4.8000E-15  1.3000E-15  1.9200E-15  2.2000E-15  7.0000E-22  3.0000E-44  3.2000E-45  5.2000E+00  5.3000E+01  1.0610E+22  8.3412E+21  6.6647E+21
5.4000E-15  1.3000E-15  1.9200E-15  2.2000E-15  7.0000E-22  3.0000E-44  3.2000E-45  5.2000E+00  5.3000E+01  1.0029E+22  8.8997E+21  6.6872E+21
6.0000E-15  1.3000E-15  1.9200E-15  2.2000E-15  7.0000E-22  3.0000E-44  3.2000E-45  5.2000E+00  5.3000E+01  9.5070E+21  9.4020E+21  6.7074E+21
6.0000E-16  1.3000E-15  2.8800E-15  2.2000E-15  7.0000E-22  3.0000E-44  3.2000E-45  5.2000E+00  5.3000E+01  1.5870E+22  1.4081E+21  8.3385E+21
1.2000E-15  1.3000E-15  2.8800E-15  2.2000E-15  7.0000E-22  3.0000E-44  3.2000E-45  5.2000E+00  5.3000E+01  1.4722E+22  2.6455E+21  8.2492E+21
1.8000E-15  1.3000E-15  2.8800E-15  2.2000E-15  7.0000E-22  3.0000E-44  3.2000E-45  5.2000E+00  5.3000E+01  1.3710E+22  3.7366E+21  8.1703E+21
2.4000E-15  1.3000E-15  2.8800E-15  2.2000E-15  7.0000E-22  3.0000E-44  3.2000E-45  5.2000E+00  5.3000E+01  1.2814E+22  4.7023E+21  8.1002E+21
3.0000E-15  1.3000E-15  2.8800E-15  2.2000E-15  7.0000E-22  3.0000E-44  3.2000E-45  5.2000E+00  5.3000E+01  1.2018E+22  5.5607E+21  8.0378E+21
3.6000E-15  1.3000E-15  2.8800E-15  2.2000E-15  7.0000E-22  3.0000E-44  3.2000E-45  5.2000E+00  5.3000E+01  1.1307E+22  6.3270E+21  7.9820E+21
4.2000E-15  1.3000E-15  2.8800E-15  2.2000E-15  7.0000E-22  3.0000E-44  3.2000E-45  5.2000E+00  5.3000E+01  1.0670E+22  7.0140E+21  7.9318E+21
4.8000E-15  1.3000E-15  2.8800E-15  2.2000E-15  7.0000E-22  3.0000E-44  3.2000E-45  5.2000E+00  5.3000E+01  1.0097E+22  7.6325E+21  7.8866E+21
5.4000E-15  1.3000E-15  2.8800E-15  2.2000E-15  7.0000E-22  3.0000E-44  3.2000E-45  5.2000E+00  5.3000E+01  9.5788E+21  8.1916E+21  7.8457E+21
6.0000E-15  1.3000E-15  2.8800E-15  2.2000E-15  7.0000E-22  3.0000E-44  3.2000E-45  5.2000E+00  5.3000E+01  9.1086E+21  8.6989E+21  7.8085E+21
6.0000E-16  1.3000E-15  3.8400E-15  2.2000E-15  7.0000E-22  3.0000E-44  3.2000E-45  5.2000E+00  5.3000E+01  1.4459E+22  1.2255E+21  9.9336E+21
1.2000E-15  1.3000E-15  3.8400E-15  2.2000E-15  7.0000E-22  3.0000E-44  3.2000E-45  5.2000E+00  5.3000E+01  1.3534E+22  2.3282E+21  9.7550E+21
1.8000E-15  1.3000E-15  3.8400E-15  2.2000E-15  7.0000E-22  3.0000E-44  3.2000E-45  5.2000E+00  5.3000E+01  1.2702E+22  3.3208E+21  9.5938E+21
2.4000E-15  1.3000E-15  3.8400E-15  2.2000E-15  7.0000E-22  3.0000E-44  3.2000E-45  5.2000E+00  5.3000E+01  1.1953E+22  4.2156E+21  9.4482E+21
3.0000E-15  1.3000E-15  3.8400E-15  2.2000E-15  7.0000E-22  3.0000E-44  3.2000E-45  5.2000E+00  5.3000E+01  1.1276E+22  5.0239E+21  9.3164E+21
3.6000E-15  1.3000E-15  3.8400E-15  2.2000E-15  7.0000E-22  3.0000E-44  3.2000E-45  5.2000E+00  5.3000E+01  1.0663E+22  5.7557E+21  9.1968E+21
4.2000E-15  1.3000E-15  3.8400E-15  2.2000E-15  7.0000E-22  3.0000E-44  3.2000E-45  5.2000E+00  5.3000E+01  1.0107E+22  6.4199E+21  9.0882E+21
4.8000E-15  1.3000E-15  3.8400E-15  2.2000E-15  7.0000E-22  3.0000E-44  3.2000E-45  5.2000E+00  5.3000E+01  9.6019E+21  7.0244E+21  8.9891E+21
5.4000E-15  1.3000E-15  3.8400E-15  2.2000E-15  7.0000E-22  3.0000E-44  3.2000E-45  5.2000E+00  5.3000E+01  9.1406E+21  7.5762E+21  8.8986E+21
6.0000E-15  1.3000E-15  3.8400E-15  2.2000E-15  7.0000E-22  3.0000E-44  3.2000E-45  5.2000E+00  5.3000E+01  8.7185E+21  8.0811E+21  8.8157E+21
6.0000E-16  1.3000E-15  4.8000E-15  2.2000E-15  7.0000E-22  3.0000E-44  3.2000E-45  5.2000E+00  5.3000E+01  1.3264E+22  1.0874E+21  1.1264E+22
1.2000E-15  1.3000E-15  4.8000E-15  2.2000E-15  7.0000E-22  3.0000E-44  3.2000E-45  5.2000E+00  5.3000E+01  1.2506E+22  2.0817E+21  1.1031E+22
1.8000E-15  1.3000E-15  4.8000E-15  2.2000E-15  7.0000E-22  3.0000E-44  3.2000E-45  5.2000E+00  5.3000E+01  1.1811E+22  2.9903E+21  1.0816E+22
2.4000E-15  1.3000E-15  4.8000E-15  2.2000E-15  7.0000E-22  3.0000E-44  3.2000E-45  5.2000E+00  5.3000E+01  1.1176E+22  3.8207E+21  1.0619E+22
3.0000E-15  1.3000E-15  4.8000E-15  2.2000E-15  7.0000E-22  3.0000E-44  3.2000E-45  5.2000E+00  5.3000E+01  1.0596E+22  4.5803E+21  1.0439E+22
3.6000E-15  1.3000E-15  4.8000E-15  2.2000E-15  7.0000E-22  3.0000E-44  3.2000E-45  5.2000E+00  5.3000E+01  1.0066E+22  5.2760E+21  1.0273E+22
4.2000E-15  1.3000E-15  4.8000E-15  2.2000E-15  7.0000E-22  3.0000E-44  3.2000E-45  5.2000E+00  5.3000E+01  9.5791E+21  5.9139E+21  1.0121E+22
4.8000E-15  1.3000E-15  4.8000E-15  2.2000E-15  7.0000E-22  3.0000E-44  3.2000E-45  5.2000E+00  5.3000E+01  9.1324E+21  6.5001E+21  9.9816E+21
5.4000E-15  1.3000E-15  4.8000E-15  2.2000E-15  7.0000E-22  3.0000E-44  3.2000E-45  5.2000E+00  5.3000E+01  8.7215E+21  7.0396E+21  9.8529E+21
6.0000E-15  1.3000E-15  4.8000E-15  2.2000E-15  7.0000E-22  3.0000E-44  3.2000E-45  5.2000E+00  5.3000E+01  8.3427E+21  7.5371E+21  9.7341E+21
6.0000E-16  1.3000E-15  5.7600E-15  2.2000E-15  7.0000E-22  3.0000E-44  3.2000E-45  5.2000E+00  5.3000E+01  1.2246E+22  9.7895E+20  1.2391E+22
1.2000E-15  1.3000E-15  5.7600E-15  2.2000E-15  7.0000E-22  3.0000E-44  3.2000E-45  5.2000E+00  5.3000E+01  1.1610E+22  1.8845E+21  1.2122E+22
1.8000E-15  1.3000E-15  5.7600E-15  2.2000E-15  7.0000E-22  3.0000E-44  3.2000E-45  5.2000E+00  5.3000E+01  1.1023E+22  2.7214E+21  1.1873E+22
2.4000E-15  1.3000E-15  5.7600E-15  2.2000E-15  7.0000E-22  3.0000E-44  3.2000E-45  5.2000E+00  5.3000E+01  1.0480E+22  3.4944E+21  1.1641E+22
3.0000E-15  1.3000E-15  5.7600E-15  2.2000E-15  7.0000E-22  3.0000E-44  3.2000E-45  5.2000E+00  5.3000E+01  9.9786E+21  4.2086E+21  1.1427E+22
3.6000E-15  1.3000E-15  5.7600E-15  2.2000E-15  7.0000E-22  3.0000E-44  3.2000E-45  5.2000E+00  5.3000E+01  9.5169E+21  4.8691E+21  1.1230E+22
4.2000E-15  1.3000E-15  5.7600E-15  2.2000E-15  7.0000E-22  3.0000E-44  3.2000E-45  5.2000E+00  5.3000E+01  9.0893E+21  5.4800E+21  1.1047E+22
4.8000E-15  1.3000E-15  5.7600E-15  2.2000E-15  7.0000E-22  3.0000E-44  3.2000E-45  5.2000E+00  5.3000E+01  8.6935E+21  6.0457E+21  1.0877E+22
5.4000E-15  1.3000E-15  5.7600E-15  2.2000E-15  7.0000E-22  3.0000E-44  3.2000E-45  5.2000E+00  5.3000E+01  8.3267E+21  6.5702E+21  1.0719E+22
6.0000E-15  1.3000E-15  5.7600E-15  2.2000E-15  7.0000E-22  3.0000E-44  3.2000E-45  5.2000E+00  5.3000E+01  7.9863E+21  7.0572E+21  1.0572E+22
6.0000E-16  1.3000E-15  6.7200E-15  2.2000E-15  7.0000E-22  3.0000E-44  3.2000E-45  5.2000E+00  5.3000E+01  1.1368E+22  8.9126E+20  1.3356E+22
1.2000E-15  1.3000E-15  6.7200E-15  2.2000E-15  7.0000E-22  3.0000E-44  3.2000E-45  5.2000E+00  5.3000E+01  1.0828E+22  1.7230E+21  1.3065E+22
1.8000E-15  1.3000E-15  6.7200E-15  2.2000E-15  7.0000E-22  3.0000E-44  3.2000E-45  5.2000E+00  5.3000E+01  1.0325E+22  2.4983E+21  1.2794E+22
2.4000E-15  1.3000E-15  6.7200E-15  2.2000E-15  7.0000E-22  3.0000E-44  3.2000E-45  5.2000E+00  5.3000E+01  9.8553E+21  3.2205E+21  1.2539E+22
3.0000E-15  1.3000E-15  6.7200E-15  2.2000E-15  7.0000E-22  3.0000E-44  3.2000E-45  5.2000E+00  5.3000E+01  9.4198E+21  3.8933E+21  1.2303E+22
3.6000E-15  1.3000E-15  6.7200E-15  2.2000E-15  7.0000E-22  3.0000E-44  3.2000E-45  5.2000E+00  5.3000E+01  9.0140E+21  4.5200E+21  1.2082E+22
4.2000E-15  1.3000E-15  6.7200E-15  2.2000E-15  7.0000E-22  3.0000E-44  3.2000E-45  5.2000E+00  5.3000E+01  8.6360E+21  5.1040E+21  1.1876E+22
4.8000E-15  1.3000E-15  6.7200E-15  2.2000E-15  7.0000E-22  3.0000E-44  3.2000E-45  5.2000E+00  5.3000E+01  8.2839E+21  5.6484E+21  1.1684E+22
5.4000E-15  1.3000E-15  6.7200E-15  2.2000E-15  7.0000E-22  3.0000E-44  3.2000E-45  5.2000E+00  5.3000E+01  7.9555E+21  6.1565E+21  1.1504E+22
6.0000E-15  1.3000E-15  6.7200E-15  2.2000E-15  7.0000E-22  3.0000E-44  3.2000E-45  5.2000E+00  5.3000E+01  7.6489E+21  6.6311E+21  1.1336E+22
6.0000E-16  1.3000E-15  7.6800E-15  2.2000E-15  7.0000E-22  3.0000E-44  3.2000E-45  5.2000E+00  5.3000E+01  1.0605E+22  8.1873E+20  1.4192E+22
1.2000E-15  1.3000E-15  7.6800E-15  2.2000E-15  7.0000E-22  3.0000E-44  3.2000E-45  5.2000E+00  5.3000E+01  1.0140E+22  1.5880E+21  1.3888E+22
1.8000E-15  1.3000E-15  7.6800E-15  2.2000E-15  7.0000E-22  3.0000E-44  3.2000E-45  5.2000E+00  5.3000E+01  9.7043E+21  2.3102E+21  1.3602E+22
2.4000E-15  1.3000E-15  7.6800E-15  2.2000E-15  7.0000E-22  3.0000E-44  3.2000E-45  5.2000E+00  5.3000E+01  9.2944E+21  2.9872E+21  1.3332E+22
3.0000E-15  1.3000E-15  7.6800E-15  2.2000E-15  7.0000E-22  3.0000E-44  3.2000E-45  5.2000E+00  5.3000E+01  8.9126E+21  3.6224E+21  1.3081E+22
3.6000E-15  1.3000E-15  7.6800E-15  2.2000E-15  7.0000E-22  3.0000E-44  3.2000E-45  5.2000E+00  5.3000E+01  8.5542E+21  4.2176E+21  1.2844E+22
4.2000E-15  1.3000E-15  7.6800E-15  2.2000E-15  7.0000E-22  3.0000E-44  3.2000E-45  5.2000E+00  5.3000E+01  8.2184E+21  4.7757E+21  1.2622E+22
4.8000E-15  1.3000E-15  7.6800E-15  2.2000E-15  7.0000E-22  3.0000E-44  3.2000E-45  5.2000E+00  5.3000E+01  7.9036E+21  5.2991E+21  1.2413E+22
5.4000E-15  1.3000E-15  7.6800E-15  2.2000E-15  7.0000E-22  3.0000E-44  3.2000E-45  5.2000E+00  5.3000E+01  7.6085E+21  5.7902E+21  1.2217E+22
6.0000E-15  1.3000E-15  7.6800E-15  2.2000E-15  7.0000E-22  3.0000E-44  3.2000E-45  5.2000E+00  5.3000E+01  7.3316E+21  6.2513E+21  1.2033E+22
6.0000E-16  1.3000E-15  8.6400E-15  2.2000E-15  7.0000E-22  3.0000E-44  3.2000E-45  5.2000E+00  5.3000E+01  9.9354E+21  7.5763E+20  1.4923E+22
1.2000E-15  1.3000E-15  8.6400E-15  2.2000E-15  7.0000E-22  3.0000E-44  3.2000E-45  5.2000E+00  5.3000E+01  9.5310E+21  1.4735E+21  1.4611E+22
1.8000E-15  1.3000E-15  8.6400E-15  2.2000E-15  7.0000E-22  3.0000E-44  3.2000E-45  5.2000E+00  5.3000E+01  9.1501E+21  2.1492E+21  1.4317E+22
2.4000E-15  1.3000E-15  8.6400E-15  2.2000E-15  7.0000E-22  3.0000E-44  3.2000E-45  5.2000E+00  5.3000E+01  8.7907E+21  2.7864E+21  1.4039E+22
3.0000E-15  1.3000E-15  8.6400E-15  2.2000E-15  7.0000E-22  3.0000E-44  3.2000E-45  5.2000E+00  5.3000E+01  8.4524E+21  3.3871E+21  1.3776E+22
3.6000E-15  1.3000E-15  8.6400E-15  2.2000E-15  7.0000E-22  3.0000E-44  3.2000E-45  5.2000E+00  5.3000E+01  8.1338E+21  3.9533E+21  1.3529E+22
4.2000E-15  1.3000E-15  8.6400E-15  2.2000E-15  7.0000E-22  3.0000E-44  3.2000E-45  5.2000E+00  5.3000E+01  7.8338E+21  4.4869E+21  1.3295E+22
4.8000E-15  1.3000E-15  8.6400E-15  2.2000E-15  7.0000E-22  3.0000E-44  3.2000E-45  5.2000E+00  5.3000E+01  7.5512E+21  4.9898E+21  1.3075E+22
5.4000E-15  1.3000E-15  8.6400E-15  2.2000E-15  7.0000E-22  3.0000E-44  3.2000E-45  5.2000E+00  5.3000E+01  7.2850E+21  5.4640E+21  1.2867E+22
6.0000E-15  1.3000E-15  8.6400E-15  2.2000E-15  7.0000E-22  3.0000E-44  3.2000E-45  5.2000E+00  5.3000E+01  7.0341E+21  5.9112E+21  1.2671E+22
6.0000E-16  1.3000E-15  9.6000E-15  2.2000E-15  7.0000E-22  3.0000E-44  3.2000E-45  5.2000E+00  5.3000E+01  9.3439E+21  7.0538E+20  1.5567E+22
1.2000E-15  1.3000E-15  9.6000E-15  2.2000E-15  7.0000E-22  3.0000E-44  3.2000E-45  5.2000E+00  5.3000E+01  8.9890E+21  1.3749E+21  1.5252E+22
1.8000E-15  1.3000E-15  9.6000E-15  2.2000E-15  7.0000E-22  3.0000E-44  3.2000E-45  5.2000E+00  5.3000E+01  8.6531E+21  2.0098E+21  1.4953E+22
2.4000E-15  1.3000E-15  9.6000E-15  2.2000E-15  7.0000E-22  3.0000E-44  3.2000E-45  5.2000E+00  5.3000E+01  8.3348E+21  2.6113E+21  1.4670E+22
3.0000E-15  1.3000E-15  9.6000E-15  2.2000E-15  7.0000E-22  3.0000E-44  3.2000E-45  5.2000E+00  5.3000E+01  8.0337E+21  3.1811E+21  1.4401E+22
3.6000E-15  1.3000E-15  9.6000E-15  2.2000E-15  7.0000E-22  3.0000E-44  3.2000E-45  5.2000E+00  5.3000E+01  7.7489E+21  3.7204E+21  1.4146E+22
4.2000E-15  1.3000E-15  9.6000E-15  2.2000E-15  7.0000E-22  3.0000E-44  3.2000E-45  5.2000E+00  5.3000E+01  7.4796E+21  4.2310E+21  1.3905E+22
4.8000E-15  1.3000E-15  9.6000E-15  2.2000E-15  7.0000E-22  3.0000E-44  3.2000E-45  5.2000E+00  5.3000E+01  7.2248E+21  4.7143E+21  1.3677E+22
5.4000E-15  1.3000E-15  9.6000E-15  2.2000E-15  7.0000E-22  3.0000E-44  3.2000E-45  5.2000E+00  5.3000E+01  6.9838E+21  5.1719E+21  1.3460E+22
6.0000E-15  1.3000E-15  9.6000E-15  2.2000E-15  7.0000E-22  3.0000E-44  3.2000E-45  5.2000E+00  5.3000E+01  6.7557E+21  5.6052E+21  1.3255E+22
