4.0578E-15  1.3000E-15  9.6000E-16  4.0755E-15  7.0000E-22  3.0000E-44  3.2000E-45  5.2000E+00  5.3000E+01  1.2666E+22  6.3872E+21  6.5634E+21
3.7606E-15  1.3000E-15  9.6000E-16  1.0779E-14  7.0000E-22  3.0000E-44  3.2000E-45  5.2000E+00  5.3000E+01  1.3733E+22  3.3834E+21  8.4994E+21
1.6381E-15  1.3000E-15  9.6000E-16  4.7114E-15  7.0000E-22  3.0000E-44  3.2000E-45  5.2000E+00  5.3000E+01  1.6956E+22  3.2428E+21  5.4175E+21
5.2678E-15  1.3000E-15  9.6000E-16  9.2684E-16  7.0000E-22  3.0000E-44  3.2000E-45  5.2000E+00  5.3000E+01  9.6807E+21  1.2350E+22  3.5851E+21
5.2877E-15  1.3000E-15  9.6000E-16  8.3401E-15  7.0000E-22  3.0000E-44  3.2000E-45  5.2000E+00  5.3000E+01  1.1821E+22  4.8775E+21  8.9176E+21
9.7248E-16  1.3000E-15  9.6000E-16  2.4413E-15  7.0000E-22  3.0000E-44  3.2000E-45  5.2000E+00  5.3000E+01  1.8378E+22  2.9613E+21  4.2768E+21
2.1206E-15  1.3000E-15  9.6000E-16  3.3381E-15  7.0000E-22  3.0000E-44  3.2000E-45  5.2000E+00  5.3000E+01  1.5673E+22  4.6753E+21  5.2683E+21
5.9286E-15  1.3000E-15  9.6000E-16  1.8553E-14  7.0000E-22  3.0000E-44  3.2000E-45  5.2000E+00  5.3000E+01  1.1562E+22  2.9145E+21  1.1140E+22
1.3350E-15  1.3000E-15  9.6000E-16  1.7150E-14  7.0000E-22  3.0000E-44  3.2000E-45  5.2000E+00  5.3000E+01  1.8153E+22  1.1382E+21  6.3256E+21
1.0244E-15  1.3000E-15  9.6000E-16  1.6397E-14  7.0000E-22  3.0000E-44  3.2000E-45  5.2000E+00  5.3000E+01  1.8897E+22  9.4812E+20  5.7716E+21
2.8359E-15  1.3000E-15  9.6000E-16  5.5767E-15  7.0000E-22  3.0000E-44  3.2000E-45  5.2000E+00  5.3000E+01  1.4718E+22  4.3309E+21  6.5684E+21
2.6703E-15  1.3000E-15  9.6000E-16  1.6855E-14  7.0000E-22  3.0000E-44  3.2000E-45  5.2000E+00  5.3000E+01  1.5530E+22  1.9423E+21  8.1463E+21
5.9244E-15  1.3000E-15  9.6000E-16  1.2622E-14  7.0000E-22  3.0000E-44  3.2000E-45  5.2000E+00  5.3000E+01  1.1429E+22  3.8947E+21  1.0292E+22
2.8077E-15  1.3000E-15  9.6000E-16  3.1606E-15  7.0000E-22  3.0000E-44  3.2000E-45  5.2000E+00  5.3000E+01  1.4318E+22  5.7892E+21  5.5096E+21
2.7227E-15  1.3000E-15  9.6000E-16  2.1660E-14  7.0000E-22  3.0000E-44  3.2000E-45  5.2000E+00  5.3000E+01  1.5508E+22  1.6090E+21  8.4986E+21
3.4061E-15  1.3000E-15  9.6000E-16  1.7518E-15  7.0000E-22  3.0000E-44  3.2000E-45  5.2000E+00  5.3000E+01  1.2759E+22  8.2533E+21  4.6033E+21
3.1734E-16  1.3000E-15  9.6000E-16  6.7587E-15  7.0000E-22  3.0000E-44  3.2000E-45  5.2000E+00  5.3000E+01  2.0810E+22  6.3563E+20  4.1699E+21
7.3259E-16  1.3000E-15  9.6000E-16  1.4220E-14  7.0000E-22  3.0000E-44  3.2000E-45  5.2000E+00  5.3000E+01  1.9648E+22  7.9520E+20  5.1734E+21
3.5219E-16  1.3000E-15  9.6000E-16  1.2918E-14  7.0000E-22  3.0000E-44  3.2000E-45  5.2000E+00  5.3000E+01  2.0775E+22  4.4038E+20  4.4009E+21
4.4756E-15  1.3000E-15  9.6000E-16  1.9903E-14  7.0000E-22  3.0000E-44  3.2000E-45  5.2000E+00  5.3000E+01  1.3071E+22  2.3637E+21  1.0181E+22
3.1043E-15  1.3000E-15  9.6000E-16  4.2561E-15  7.0000E-22  3.0000E-44  3.2000E-45  5.2000E+00  5.3000E+01  1.4075E+22  5.3266E+21  6.2151E+21
5.6446E-15  1.3000E-15  9.6000E-16  8.9941E-15  7.0000E-22  3.0000E-44  3.2000E-45  5.2000E+00  5.3000E+01  1.1517E+22  4.8022E+21  9.2965E+21
2.1414E-15  1.3000E-15  9.6000E-16  2.1613E-14  7.0000E-22  3.0000E-44  3.2000E-45  5.2000E+00  5.3000E+01  1.6528E+22  1.3585E+21  7.7315E+21
1.1314E-15  1.3000E-15  9.6000E-16  1.6815E-14  7.0000E-22  3.0000E-44  3.2000E-45  5.2000E+00  5.3000E+01  1.8634E+22  1.0097E+21  5.9722E+21
2.1601E-15  1.3000E-15  9.6000E-16  5.2346E-15  7.0000E-22  3.0000E-44  3.2000E-45  5.2000E+00  5.3000E+01  1.5904E+22  3.7363E+21  5.9766E+21
5.3412E-16  1.3000E-15  9.6000E-16  2.1038E-14  7.0000E-22  3.0000E-44  3.2000E-45  5.2000E+00  5.3000E+01  2.0271E+22  4.3545E+20  4.9093E+21
4.6145E-15  1.3000E-15  9.6000E-16  3.2765E-16  7.0000E-22  3.0000E-44  3.2000E-45  5.2000E+00  5.3000E+01  9.6368E+21  1.3606E+22  2.3732E+21
2.2618E-15  1.3000E-15  9.6000E-16  1.0529E-14  7.0000E-22  3.0000E-44  3.2000E-45  5.2000E+00  5.3000E+01  1.6078E+22  2.4606E+21  7.0790E+21
1.3431E-15  1.3000E-15  9.6000E-16  8.1574E-15  7.0000E-22  3.0000E-44  3.2000E-45  5.2000E+00  5.3000E+01  1.7910E+22  1.9836E+21  5.7225E+21
3.0431E-15  1.3000E-15  9.6000E-16  1.8445E-15  7.0000E-22  3.0000E-44  3.2000E-45  5.2000E+00  5.3000E+01  1.3410E+22  7.5797E+21  4.6268E+21
9.3829E-16  1.3000E-15  9.6000E-16  1.9301E-14  7.0000E-22  3.0000E-44  3.2000E-45  5.2000E+00  5.3000E+01  1.9148E+22  7.7074E+20  5.6980E+21
1.8199E-16  1.3000E-15  9.6000E-16  1.0852E-14  7.0000E-22  3.0000E-44  3.2000E-45  5.2000E+00  5.3000E+01  2.1329E+22  2.6857E+20  4.0186E+21
4.9914E-15  1.3000E-15  9.6000E-16  4.5341E-15  7.0000E-22  3.0000E-44  3.2000E-45  5.2000E+00  5.3000E+01  1.1661E+22  6.7631E+21  7.1933E+21
3.3036E-15  1.3000E-15  9.6000E-16  1.0568E-14  7.0000E-22  3.0000E-44  3.2000E-45  5.2000E+00  5.3000E+01  1.4362E+22  3.1660E+21  8.0877E+21
4.0525E-15  1.3000E-15  9.6000E-16  1.0559E-14  7.0000E-22  3.0000E-44  3.2000E-45  5.2000E+00  5.3000E+01  1.3345E+22  3.5895E+21  8.6815E+21
4.6063E-15  1.3000E-15  9.6000E-16  1.5756E-14  7.0000E-22  3.0000E-44  3.2000E-45  5.2000E+00  5.3000E+01  1.2851E+22  2.8850E+21  9.8803E+21
1.6329E-15  1.3000E-15  9.6000E-16  1.3224E-14  7.0000E-22  3.0000E-44  3.2000E-45  5.2000E+00  5.3000E+01  1.7418E+22  1.6347E+21  6.5643E+21
3.1415E-15  1.3000E-15  9.6000E-16  4.3916E-16  7.0000E-22  3.0000E-44  3.2000E-45  5.2000E+00  5.3000E+01  1.2047E+22  1.0754E+22  2.8157E+21
2.3263E-15  1.3000E-15  9.6000E-16  2.0022E-15  7.0000E-22  3.0000E-44  3.2000E-45  5.2000E+00  5.3000E+01  1.4837E+22  6.1918E+21  4.5868E+21
2.4489E-15  1.3000E-15  9.6000E-16  6.6809E-15  7.0000E-22  3.0000E-44  3.2000E-45  5.2000E+00  5.3000E+01  1.5506E+22  3.5226E+21  6.5879E+21
3.7560E-15  1.3000E-15  9.6000E-16  1.3286E-14  7.0000E-22  3.0000E-44  3.2000E-45  5.2000E+00  5.3000E+01  1.3831E+22  2.9073E+21  8.8780E+21
4.3247E-15  1.3000E-15  9.6000E-16  1.6919E-14  7.0000E-22  3.0000E-44  3.2000E-45  5.2000E+00  5.3000E+01  1.3201E+22  2.6334E+21  9.7813E+21
2.8270E-15  1.3000E-15  9.6000E-16  1.6237E-14  7.0000E-22  3.0000E-44  3.2000E-45  5.2000E+00  5.3000E+01  1.5260E+22  2.0790E+21  8.2765E+21
2.2508E-15  1.3000E-15  9.6000E-16  2.7154E-15  7.0000E-22  3.0000E-44  3.2000E-45  5.2000E+00  5.3000E+01  1.5244E+22  5.3543E+21  5.0177E+21
2.5599E-15  1.3000E-15  9.6000E-16  1.9847E-14  7.0000E-22  3.0000E-44  3.2000E-45  5.2000E+00  5.3000E+01  1.5761E+22  1.6556E+21  8.2022E+21
4.5949E-15  1.3000E-15  9.6000E-16  1.2546E-14  7.0000E-22  3.0000E-44  3.2000E-45  5.2000E+00  5.3000E+01  1.2776E+22  3.4137E+21  9.4263E+21
2.7994E-15  1.3000E-15  9.6000E-16  9.0542E-15  7.0000E-22  3.0000E-44  3.2000E-45  5.2000E+00  5.3000E+01  1.5070E+22  3.1637E+21  7.3844E+21
2.0155E-15  1.3000E-15  9.6000E-16  4.2406E-15  7.0000E-22  3.0000E-44  3.2000E-45  5.2000E+00  5.3000E+01  1.6061E+22  3.9968E+21  5.5586E+21
4.8261E-15  1.3000E-15  9.6000E-16  2.5409E-15  7.0000E-22  3.0000E-44  3.2000E-45  5.2000E+00  5.3000E+01  1.1257E+22  8.6929E+21  5.6664E+21
4.8972E-15  1.3000E-15  9.6000E-16  1.1845E-14  7.0000E-22  3.0000E-44  3.2000E-45  5.2000E+00  5.3000E+01  1.2416E+22  3.6866E+21  9.5133E+21
4.7891E-15  1.3000E-15  9.6000E-16  2.0414E-15  7.0000E-22  3.0000E-44  3.2000E-45  5.2000E+00  5.3000E+01  1.1058E+22  9.4143E+21  5.1435E+21
8.1901E-17  1.3000E-15  9.6000E-16  8.6387E-15  7.0000E-22  3.0000E-44  3.2000E-45  5.2000E+00  5.3000E+01  2.1677E+22  1.4573E+20  3.7932E+21
6.3907E-17  1.3000E-15  9.6000E-16  2.4545E-15  7.0000E-22  3.0000E-44  3.2000E-45  5.2000E+00  5.3000E+01  2.1703E+22  2.3249E+20  3.6802E+21
2.9133E-15  1.3000E-15  9.6000E-16  1.9514E-15  7.0000E-22  3.0000E-44  3.2000E-45  5.2000E+00  5.3000E+01  1.3690E+22  7.2314E+21  4.6944E+21
4.5700E-15  1.3000E-15  9.6000E-16  1.9432E-14  7.0000E-22  3.0000E-44  3.2000E-45  5.2000E+00  5.3000E+01  1.2956E+22  2.4385E+21  1.0221E+22
2.5488E-15  1.3000E-15  9.6000E-16  5.3159E-15  7.0000E-22  3.0000E-44  3.2000E-45  5.2000E+00  5.3000E+01  1.5181E+22  4.1493E+21  6.2862E+21
3.2304E-16  1.3000E-15  9.6000E-16  7.0198E-16  7.0000E-22  3.0000E-44  3.2000E-45  5.2000E+00  5.3000E+01  2.0454E+22  1.5913E+21  3.5709E+21
2.0605E-15  1.3000E-15  9.6000E-16  2.7738E-15  7.0000E-22  3.0000E-44  3.2000E-45  5.2000E+00  5.3000E+01  1.5661E+22  4.9898E+21  4.9656E+21
3.8575E-15  1.3000E-15  9.6000E-16  1.7482E-14  7.0000E-22  3.0000E-44  3.2000E-45  5.2000E+00  5.3000E+01  1.3793E+22  2.3973E+21  9.4254E+21
1.0018E-15  1.3000E-15  9.6000E-16  1.6931E-14  7.0000E-22  3.0000E-44  3.2000E-45  5.2000E+00  5.3000E+01  1.8961E+22  9.0679E+20  5.7490E+21
3.4149E-15  1.3000E-15  9.6000E-16  2.1761E-14  7.0000E-22  3.0000E-44  3.2000E-45  5.2000E+00  5.3000E+01  1.4454E+22  1.8638E+21  9.2981E+21
2.9579E-15  1.3000E-15  9.6000E-16  1.0334E-14  7.0000E-22  3.0000E-44  3.2000E-45  5.2000E+00  5.3000E+01  1.4879E+22  2.9950E+21  7.7442E+21
5.6489E-15  1.3000E-15  9.6000E-16  1.3482E-14  7.0000E-22  3.0000E-44  3.2000E-45  5.2000E+00  5.3000E+01  1.1712E+22  3.6229E+21  1.0281E+22
2.5283E-15  1.3000E-15  9.6000E-16  2.0789E-14  7.0000E-22  3.0000E-44  3.2000E-45  5.2000E+00  5.3000E+01  1.5826E+22  1.5805E+21  8.2119E+21
5.8546E-15  1.3000E-15  9.6000E-16  1.0057E-14  7.0000E-22  3.0000E-44  3.2000E-45  5.2000E+00  5.3000E+01  1.1384E+22  4.5394E+21  9.6926E+21
1.7056E-15  1.3000E-15  9.6000E-16  2.0708E-14  7.0000E-22  3.0000E-44  3.2000E-45  5.2000E+00  5.3000E+01  1.7380E+22  1.1852E+21  7.0521E+21
4.0430E-15  1.3000E-15  9.6000E-16  1.0348E-14  7.0000E-22  3.0000E-44  3.2000E-45  5.2000E+00  5.3000E+01  1.3347E+22  3.6353E+21  8.6339E+21
5.2536E-15  1.3000E-15  9.6000E-16  2.0363E-14  7.0000E-22  3.0000E-44  3.2000E-45  5.2000E+00  5.3000E+01  1.2234E+22  2.5396E+21  1.0842E+22
3.0842E-15  1.3000E-15  9.6000E-16  6.4549E-15  7.0000E-22  3.0000E-44  3.2000E-45  5.2000E+00  5.3000E+01  1.4416E+22  4.1899E+21  7.0114E+21
3.5425E-15  1.3000E-15  9.6000E-16  5.1246E-15  7.0000E-22  3.0000E-44  3.2000E-45  5.2000E+00  5.3000E+01  1.3563E+22  5.2234E+21  6.8303E+21
9.9295E-16  1.3000E-15  9.6000E-16  1.8542E-14  7.0000E-22  3.0000E-44  3.2000E-45  5.2000E+00  5.3000E+01  1.9000E+22  8.3596E+20  5.7802E+21
5.7304E-15  1.3000E-15  9.6000E-16  3.5964E-17  7.0000E-22  3.0000E-44  3.2000E-45  5.2000E+00  5.3000E+01  7.8555E+21  1.6351E+22  1.4093E+21
5.6391E-15  1.3000E-15  9.6000E-16  1.4385E-14  7.0000E-22  3.0000E-44  3.2000E-45  5.2000E+00  5.3000E+01  1.1747E+22  3.4502E+21  1.0419E+22
2.8767E-15  1.3000E-15  9.6000E-16  1.0775E-15  7.0000E-22  3.0000E-44  3.2000E-45  5.2000E+00  5.3000E+01  1.3211E+22  8.6152E+21  3.7899E+21
2.1410E-15  1.3000E-15  9.6000E-16  1.6499E-14  7.0000E-22  3.0000E-44  3.2000E-45  5.2000E+00  5.3000E+01  1.6460E+22  1.6888E+21  7.4687E+21
3.3764E-15  1.3000E-15  9.6000E-16  9.3446E-15  7.0000E-22  3.0000E-44  3.2000E-45  5.2000E+00  5.3000E+01  1.4196E+22  3.4949E+21  7.9270E+21
3.2060E-15  1.3000E-15  9.6000E-16  2.0953E-14  7.0000E-22  3.0000E-44  3.2000E-45  5.2000E+00  5.3000E+01  1.4747E+22  1.8451E+21  9.0234E+21
1.5970E-15  1.3000E-15  9.6000E-16  2.1267E-15  7.0000E-22  3.0000E-44  3.2000E-45  5.2000E+00  5.3000E+01  1.6556E+22  4.6309E+21  4.4292E+21
5.6858E-15  1.3000E-15  9.6000E-16  1.1785E-14  7.0000E-22  3.0000E-44  3.2000E-45  5.2000E+00  5.3000E+01  1.1619E+22  4.0057E+21  9.9907E+21
1.7148E-16  1.3000E-15  9.6000E-16  1.1785E-14  7.0000E-22  3.0000E-44  3.2000E-45  5.2000E+00  5.3000E+01  2.1371E+22  2.3822E+20  4.0071E+21
4.6132E-15  1.3000E-15  9.6000E-16  2.0389E-14  7.0000E-22  3.0000E-44  3.2000E-45  5.2000E+00  5.3000E+01  1.2920E+22  2.3593E+21  1.0336E+22
5.3971E-16  1.3000E-15  9.6000E-16  1.8047E-14  7.0000E-22  3.0000E-44  3.2000E-45  5.2000E+00  5.3000E+01  2.0237E+22  4.9956E+20  4.8792E+21
4.0929E-15  1.3000E-15  9.6000E-16  4.7733E-15  7.0000E-22  3.0000E-44  3.2000E-45  5.2000E+00  5.3000E+01  1.2761E+22  5.9087E+21  6.9478E+21
3.9788E-15  1.3000E-15  9.6000E-16  9.1193E-15  7.0000E-22  3.0000E-44  3.2000E-45  5.2000E+00  5.3000E+01  1.3362E+22  3.9255E+21  8.3287E+21
2.6467E-15  1.3000E-15  9.6000E-16  4.8021E-15  7.0000E-22  3.0000E-44  3.2000E-45  5.2000E+00  5.3000E+01  1.4936E+22  4.5054E+21  6.1757E+21
3.2224E-15  1.3000E-15  9.6000E-16  1.8883E-14  7.0000E-22  3.0000E-44  3.2000E-45  5.2000E+00  5.3000E+01  1.4696E+22  2.0132E+21  8.9070E+21
8.6628E-16  1.3000E-15  9.6000E-16  1.2923E-14  7.0000E-22  3.0000E-44  3.2000E-45  5.2000E+00  5.3000E+01  1.9261E+22  9.9059E+20  5.3648E+21
5.0120E-15  1.3000E-15  9.6000E-16  1.4298E-14  7.0000E-22  3.0000E-44  3.2000E-45  5.2000E+00  5.3000E+01  1.2372E+22  3.2543E+21  9.9895E+21
2.9644E-15  1.3000E-15  9.6000E-16  1.4149E-14  7.0000E-22  3.0000E-44  3.2000E-45  5.2000E+00  5.3000E+01  1.4996E+22  2.3852E+21  8.2344E+21
3.1691E-15  1.3000E-15  9.6000E-16  9.9151E-16  7.0000E-22  3.0000E-44  3.2000E-45  5.2000E+00  5.3000E+01  1.2608E+22  9.3231E+21  3.6849E+21
2.4867E-15  1.3000E-15  9.6000E-16  1.1779E-14  7.0000E-22  3.0000E-44  3.2000E-45  5.2000E+00  5.3000E+01  1.5718E+22  2.4258E+21  7.4734E+21
2.0683E-16  1.3000E-15  9.6000E-16  1.0113E-14  7.0000E-22  3.0000E-44  3.2000E-45  5.2000E+00  5.3000E+01  2.1237E+22  3.2008E+20  4.0586E+21
3.6087E-15  1.3000E-15  9.6000E-16  1.0683E-14  7.0000E-22  3.0000E-44  3.2000E-45  5.2000E+00  5.3000E+01  1.3935E+22  3.3201E+21  8.3613E+21
1.7724E-15  1.3000E-15  9.6000E-16  2.1536E-14  7.0000E-22  3.0000E-44  3.2000E-45  5.2000E+00  5.3000E+01  1.7250E+22  1.1819E+21  7.1854E+21
5.0958E-15  1.3000E-15  9.6000E-16  7.4932E-15  7.0000E-22  3.0000E-44  3.2000E-45  5.2000E+00  5.3000E+01  1.1949E+22  5.1208E+21  8.5465E+21
1.7949E-15  1.3000E-15  9.6000E-16  1.8068E-14  7.0000E-22  3.0000E-44  3.2000E-45  5.2000E+00  5.3000E+01  1.7164E+22  1.3773E+21  7.0761E+21
1.1877E-15  1.3000E-15  9.6000E-16  8.2301E-15  7.0000E-22  3.0000E-44  3.2000E-45  5.2000E+00  5.3000E+01  1.8296E+22  1.7866E+21  5.5336E+21
1.9971E-15  1.3000E-15  9.6000E-16  2.5684E-15  7.0000E-22  3.0000E-44  3.2000E-45  5.2000E+00  5.3000E+01  1.5741E+22  5.0465E+21  4.8287E+21
3.0087E-15  1.3000E-15  9.6000E-16  1.7314E-14  7.0000E-22  3.0000E-44  3.2000E-45  5.2000E+00  5.3000E+01  1.4994E+22  2.0613E+21  8.5611E+21
5.5116E-15  1.3000E-15  9.6000E-16  2.0949E-14  7.0000E-22  3.0000E-44  3.2000E-45  5.2000E+00  5.3000E+01  1.1986E+22  2.5474E+21  1.1083E+22
