6.0000E-16  1.0129E-14  9.6000E-16  2.2000E-15  7.0000E-22  3.0000E-44  2.7388E-45  5.2000E+00  5.3000E+01  2.0960E+22  8.6406E+20  3.7917E+21
6.0000E-16  3.8670E-15  9.6000E-16  2.2000E-15  7.0000E-22  3.0000E-44  3.0980E-44  5.2000E+00  5.3000E+01  2.0467E+22  1.4898E+21  3.6592E+21
6.0000E-16  7.9128E-15  9.6000E-16  2.2000E-15  7.0000E-22  3.0000E-44  1.0803E-44  5.2000E+00  5.3000E+01  2.0856E+22  1.0155E+21  3.7442E+21
6.0000E-16  4.5497E-15  9.6000E-16  2.2000E-15  7.0000E-22  3.0000E-44  2.5636E-45  5.2000E+00  5.3000E+01  2.0372E+22  1.3600E+21  3.8844E+21
6.0000E-16  4.6263E-15  9.6000E-16  2.2000E-15  7.0000E-22  3.0000E-44  1.1551E-44  5.2000E+00  5.3000E+01  2.0459E+22  1.3576E+21  3.7991E+21
6.0000E-16  1.1594E-14  9.6000E-16  2.2000E-15  7.0000E-22  3.0000E-44  1.4438E-44  5.2000E+00  5.3000E+01  2.1150E+22  7.9364E+20  3.6722E+21
6.0000E-16  5.9656E-15  9.6000E-16  2.2000E-15  7.0000E-22  3.0000E-44  2.8553E-44  5.2000E+00  5.3000E+01  2.0781E+22  1.2059E+21  3.6287E+21
6.0000E-16  1.3027E-15  9.6000E-16  2.2000E-15  7.0000E-22  3.0000E-44  2.7063E-44  5.2000E+00  5.3000E+01  1.9744E+22  2.0787E+21  3.7937E+21
6.0000E-16  1.0124E-14  9.6000E-16  2.2000E-15  7.0000E-22  3.0000E-44  2.1212E-44  5.2000E+00  5.3000E+01  2.1113E+22  8.7327E+20  3.6293E+21
6.0000E-16  3.5982E-15  9.6000E-16  2.2000E-15  7.0000E-22  3.0000E-44  1.8387E-44  5.2000E+00  5.3000E+01  2.0324E+22  1.5240E+21  3.7685E+21
6.0000E-16  3.1613E-15  9.6000E-16  2.2000E-15  7.0000E-22  3.0000E-44  7.1235E-46  5.2000E+00  5.3000E+01  2.0088E+22  1.5841E+21  3.9440E+21
6.0000E-16  8.9092E-15  9.6000E-16  2.2000E-15  7.0000E-22  3.0000E-44  3.0651E-44  5.2000E+00  5.3000E+01  2.1094E+22  9.5350E+20  3.5686E+21
6.0000E-16  1.2578E-14  9.6000E-16  2.2000E-15  7.0000E-22  3.0000E-44  3.1229E-44  5.2000E+00  5.3000E+01  2.1330E+22  7.5566E+20  3.5299E+21
6.0000E-16  1.1740E-18  9.6000E-16  2.2000E-15  7.0000E-22  3.0000E-44  3.0368E-44  5.2000E+00  5.3000E+01  1.9146E+22  2.6101E+21  3.8603E+21
6.0000E-16  1.1212E-14  9.6000E-16  2.2000E-15  7.0000E-22  3.0000E-44  1.3753E-44  5.2000E+00  5.3000E+01  2.1123E+22  8.1190E+20  3.6814E+21
6.0000E-16  5.0676E-15  9.6000E-16  2.2000E-15  7.0000E-22  3.0000E-44  1.2880E-44  5.2000E+00  5.3000E+01  2.0539E+22  1.3001E+21  3.7768E+21
6.0000E-16  8.8355E-15  9.6000E-16  2.2000E-15  7.0000E-22  3.0000E-44  1.9507E-44  5.2000E+00  5.3000E+01  2.1005E+22  9.5309E+20  3.6575E+21
6.0000E-16  9.8633E-15  9.6000E-16  2.2000E-15  7.0000E-22  3.0000E-44  2.0691E-44  5.2000E+00  5.3000E+01  2.1092E+22  8.8824E+20  3.6362E+21
6.0000E-16  3.9606E-15  9.6000E-16  2.2000E-15  7.0000E-22  3.0000E-44  1.7807E-44  5.2000E+00  5.3000E+01  2.0391E+22  1.4628E+21  3.7626E+21
6.0000E-16  5.7769E-15  9.6000E-16  2.2000E-15  7.0000E-22  3.0000E-44  1.3604E-44  5.2000E+00  5.3000E+01  2.0645E+22  1.2162E+21  3.7552E+21
6.0000E-16  9.5656E-16  9.6000E-16  2.2000E-15  7.0000E-22  3.0000E-44  1.9910E-44  5.2000E+00  5.3000E+01  1.9558E+22  2.1851E+21  3.8732E+21
6.0000E-16  1.0296E-14  9.6000E-16  2.2000E-15  7.0000E-22  3.0000E-44  2.2561E-44  5.2000E+00  5.3000E+01  2.1135E+22  8.6412E+20  3.6166E+21
6.0000E-16  1.1769E-14  9.6000E-16  2.2000E-15  7.0000E-22  3.0000E-44  2.4107E-44  5.2000E+00  5.3000E+01  2.1236E+22  7.8927E+20  3.5910E+21
6.0000E-16  5.0110E-15  9.6000E-16  2.2000E-15  7.0000E-22  3.0000E-44  1.5701E-44  5.2000E+00  5.3000E+01  2.0553E+22  1.3097E+21  3.7535E+21
6.0000E-16  6.2519E-16  9.6000E-16  2.2000E-15  7.0000E-22  3.0000E-44  2.8596E-44  5.2000E+00  5.3000E+01  1.9466E+22  2.3252E+21  3.8246E+21
6.0000E-16  6.5794E-15  9.6000E-16  2.2000E-15  7.0000E-22  3.0000E-44  2.6196E-46  5.2000E+00  5.3000E+01  2.0629E+22  1.1234E+21  3.8636E+21
6.0000E-16  7.1673E-15  9.6000E-16  2.2000E-15  7.0000E-22  3.0000E-44  2.2379E-46  5.2000E+00  5.3000E+01  2.0692E+22  1.0699E+21  3.8541E+21
6.0000E-16  1.1781E-14  9.6000E-16  2.2000E-15  7.0000E-22  3.0000E-44  1.1231E-44  5.2000E+00  5.3000E+01  2.1134E+22  7.8351E+20  3.6985E+21
6.0000E-16  7.2358E-15  9.6000E-16  2.2000E-15  7.0000E-22  3.0000E-44  1.7753E-44  5.2000E+00  5.3000E+01  2.0847E+22  1.0754E+21  3.6940E+21
6.0000E-16  5.8708E-15  9.6000E-16  2.2000E-15  7.0000E-22  3.0000E-44  3.0968E-44  5.2000E+00  5.3000E+01  2.0786E+22  1.2179E+21  3.6120E+21
6.0000E-16  6.3499E-15  9.6000E-16  2.2000E-15  7.0000E-22  3.0000E-44  3.1762E-44  5.2000E+00  5.3000E+01  2.0851E+22  1.1674E+21  3.5972E+21
6.0000E-16  1.0874E-14  9.6000E-16  2.2000E-15  7.0000E-22  3.0000E-44  2.3849E-44  5.2000E+00  5.3000E+01  2.1182E+22  8.3339E+20  3.6009E+21
6.0000E-16  1.5663E-15  9.6000E-16  2.2000E-15  7.0000E-22  3.0000E-44  2.3287E-44  5.2000E+00  5.3000E+01  1.9814E+22  1.9918E+21  3.8098E+21
6.0000E-16  4.6785E-15  9.6000E-16  2.2000E-15  7.0000E-22  3.0000E-44  2.0772E-44  5.2000E+00  5.3000E+01  2.0539E+22  1.3583E+21  3.7187E+21
6.0000E-16  4.2985E-16  9.6000E-16  2.2000E-15  7.0000E-22  3.0000E-44  1.4174E-44  5.2000E+00  5.3000E+01  1.9277E+22  2.3796E+21  3.9594E+21
6.0000E-16  2.9916E-17  9.6000E-16  2.2000E-15  7.0000E-22  3.0000E-44  2.2532E-44  5.2000E+00  5.3000E+01  1.9115E+22  2.5798E+21  3.9208E+21
6.0000E-16  8.9006E-16  9.6000E-16  2.2000E-15  7.0000E-22  3.0000E-44  3.9943E-45  5.2000E+00  5.3000E+01  1.9414E+22  2.1808E+21  4.0208E+21
6.0000E-16  8.3421E-15  9.6000E-16  2.2000E-15  7.0000E-22  3.0000E-44  1.9211E-44  5.2000E+00  5.3000E+01  2.0962E+22  9.8787E+20  3.6661E+21
6.0000E-16  2.2173E-15  9.6000E-16  2.2000E-15  7.0000E-22  3.0000E-44  1.5405E-45  5.2000E+00  5.3000E+01  1.9856E+22  1.7870E+21  3.9730E+21
6.0000E-16  1.2249E-14  9.6000E-16  2.2000E-15  7.0000E-22  3.0000E-44  7.7487E-45  5.2000E+00  5.3000E+01  2.1129E+22  7.6096E+20  3.7258E+21
6.0000E-16  6.4401E-15  9.6000E-16  2.2000E-15  7.0000E-22  3.0000E-44  3.5499E-45  5.2000E+00  5.3000E+01  2.0642E+22  1.1394E+21  3.8343E+21
6.0000E-16  6.5012E-15  9.6000E-16  2.2000E-15  7.0000E-22  3.0000E-44  9.1541E-45  5.2000E+00  5.3000E+01  2.0697E+22  1.1375E+21  3.7812E+21
6.0000E-16  1.0020E-14  9.6000E-16  2.2000E-15  7.0000E-22  3.0000E-44  1.1942E-44  5.2000E+00  5.3000E+01  2.1032E+22  8.7492E+20  3.7086E+21
6.0000E-16  1.0707E-14  9.6000E-16  2.2000E-15  7.0000E-22  3.0000E-44  3.0029E-44  5.2000E+00  5.3000E+01  2.1217E+22  8.4472E+20  3.5544E+21
6.0000E-16  1.1056E-14  9.6000E-16  2.2000E-15  7.0000E-22  3.0000E-44  1.1301E-44  5.2000E+00  5.3000E+01  2.1093E+22  8.1864E+20  3.7042E+21
6.0000E-16  4.0689E-15  9.6000E-16  2.2000E-15  7.0000E-22  3.0000E-44  1.1912E-44  5.2000E+00  5.3000E+01  2.0365E+22  1.4400E+21  3.8107E+21
6.0000E-16  6.3656E-16  9.6000E-16  2.2000E-15  7.0000E-22  3.0000E-44  1.5962E-45  5.2000E+00  5.3000E+01  1.9284E+22  2.2706E+21  4.0614E+21
6.0000E-16  3.5065E-15  9.6000E-16  2.2000E-15  7.0000E-22  3.0000E-44  3.0706E-44  5.2000E+00  5.3000E+01  2.0392E+22  1.5519E+21  3.6722E+21
6.0000E-16  5.8053E-15  9.6000E-16  2.2000E-15  7.0000E-22  3.0000E-44  2.4348E-44  5.2000E+00  5.3000E+01  2.0730E+22  1.2208E+21  3.6649E+21
6.0000E-16  2.9368E-15  9.6000E-16  2.2000E-15  7.0000E-22  3.0000E-44  3.0426E-44  5.2000E+00  5.3000E+01  2.0261E+22  1.6614E+21  3.6935E+21
6.0000E-16  1.8581E-15  9.6000E-16  2.2000E-15  7.0000E-22  3.0000E-44  1.8997E-44  5.2000E+00  5.3000E+01  1.9882E+22  1.9031E+21  3.8308E+21
6.0000E-16  2.6557E-15  9.6000E-16  2.2000E-15  7.0000E-22  3.0000E-44  2.5816E-44  5.2000E+00  5.3000E+01  2.0159E+22  1.7164E+21  3.7402E+21
6.0000E-16  4.8856E-15  9.6000E-16  2.2000E-15  7.0000E-22  3.0000E-44  8.8280E-45  5.2000E+00  5.3000E+01  2.0478E+22  1.3202E+21  3.8173E+21
6.0000E-16  9.7265E-15  9.6000E-16  2.2000E-15  7.0000E-22  3.0000E-44  2.8901E-44  5.2000E+00  5.3000E+01  2.1143E+22  9.0014E+20  3.5727E+21
6.0000E-16  7.4654E-15  9.6000E-16  2.2000E-15  7.0000E-22  3.0000E-44  1.7930E-44  5.2000E+00  5.3000E+01  2.0871E+22  1.0559E+21  3.6890E+21
6.0000E-16  1.0868E-14  9.6000E-16  2.2000E-15  7.0000E-22  3.0000E-44  2.9396E-44  5.2000E+00  5.3000E+01  2.1222E+22  8.3595E+20  3.5578E+21
6.0000E-16  3.5181E-15  9.6000E-16  2.2000E-15  7.0000E-22  3.0000E-44  1.0588E-44  5.2000E+00  5.3000E+01  2.0247E+22  1.5301E+21  3.8391E+21
6.0000E-16  7.6681E-15  9.6000E-16  2.2000E-15  7.0000E-22  3.0000E-44  2.4532E-44  5.2000E+00  5.3000E+01  2.0941E+22  1.0429E+21  3.6322E+21
6.0000E-16  5.2411E-16  9.6000E-16  2.2000E-15  7.0000E-22  3.0000E-44  1.5102E-44  5.2000E+00  5.3000E+01  1.9330E+22  2.3421E+21  3.9442E+21
6.0000E-16  4.9297E-16  9.6000E-16  2.2000E-15  7.0000E-22  3.0000E-44  2.4019E-44  5.2000E+00  5.3000E+01  1.9374E+22  2.3715E+21  3.8710E+21
6.0000E-16  6.2850E-15  9.6000E-16  2.2000E-15  7.0000E-22  3.0000E-44  2.5460E-44  5.2000E+00  5.3000E+01  2.0799E+22  1.1701E+21  3.6470E+21
6.0000E-16  7.0318E-15  9.6000E-16  2.2000E-15  7.0000E-22  3.0000E-44  2.3965E-44  5.2000E+00  5.3000E+01  2.0872E+22  1.0973E+21  3.6463E+21
6.0000E-16  1.0711E-14  9.6000E-16  2.2000E-15  7.0000E-22  3.0000E-44  1.3454E-44  5.2000E+00  5.3000E+01  2.1090E+22  8.3745E+20  3.6886E+21
6.0000E-16  9.1339E-15  9.6000E-16  2.2000E-15  7.0000E-22  3.0000E-44  1.4884E-45  5.2000E+00  5.3000E+01  2.0878E+22  9.2350E+20  3.8147E+21
6.0000E-16  2.3848E-15  9.6000E-16  2.2000E-15  7.0000E-22  3.0000E-44  2.6665E-46  5.2000E+00  5.3000E+01  1.9892E+22  1.7457E+21  3.9783E+21
6.0000E-16  8.1005E-15  9.6000E-16  2.2000E-15  7.0000E-22  3.0000E-44  1.3178E-44  5.2000E+00  5.3000E+01  2.0893E+22  1.0025E+21  3.7206E+21
6.0000E-16  3.0864E-16  9.6000E-16  2.2000E-15  7.0000E-22  3.0000E-44  2.4593E-44  5.2000E+00  5.3000E+01  1.9283E+22  2.4525E+21  3.8805E+21
6.0000E-16  2.9449E-15  9.6000E-16  2.2000E-15  7.0000E-22  3.0000E-44  1.0129E-45  5.2000E+00  5.3000E+01  2.0041E+22  1.6266E+21  3.9488E+21
6.0000E-16  3.3141E-15  9.6000E-16  2.2000E-15  7.0000E-22  3.0000E-44  1.2892E-44  5.2000E+00  5.3000E+01  2.0222E+22  1.5694E+21  3.8251E+21
6.0000E-16  5.8150E-15  9.6000E-16  2.2000E-15  7.0000E-22  3.0000E-44  2.4871E-44  5.2000E+00  5.3000E+01  2.0735E+22  1.2200E+21  3.6605E+21
6.0000E-16  8.4889E-15  9.6000E-16  2.2000E-15  7.0000E-22  3.0000E-44  2.5770E-44  5.2000E+00  5.3000E+01  2.1024E+22  9.8060E+20  3.6113E+21
6.0000E-16  5.3717E-15  9.6000E-16  2.2000E-15  7.0000E-22  3.0000E-44  2.8334E-44  5.2000E+00  5.3000E+01  2.0700E+22  1.2741E+21  3.6423E+21
6.0000E-16  1.2680E-14  9.6000E-16  2.2000E-15  7.0000E-22  3.0000E-44  9.0103E-45  5.2000E+00  5.3000E+01  2.1162E+22  7.4307E+20  3.7111E+21
6.0000E-16  1.1832E-14  9.6000E-16  2.2000E-15  7.0000E-22  3.0000E-44  1.7208E-44  5.2000E+00  5.3000E+01  2.1186E+22  7.8363E+20  3.6467E+21
6.0000E-16  1.1253E-15  9.6000E-16  2.2000E-15  7.0000E-22  3.0000E-44  2.2345E-45  5.2000E+00  5.3000E+01  1.9496E+22  2.0966E+21  4.0230E+21
6.0000E-16  1.1880E-14  9.6000E-16  2.2000E-15  7.0000E-22  3.0000E-44  8.7045E-45  5.2000E+00  5.3000E+01  2.1118E+22  7.7788E+20  3.7202E+21
6.0000E-16  1.0454E-14  9.6000E-16  2.2000E-15  7.0000E-22  3.0000E-44  2.4615E-44  5.2000E+00  5.3000E+01  2.1161E+22  8.5622E+20  3.5987E+21
6.0000E-16  9.9511E-15  9.6000E-16  2.2000E-15  7.0000E-22  3.0000E-44  1.9206E-44  5.2000E+00  5.3000E+01  2.1086E+22  8.8238E+20  3.6475E+21
6.0000E-16  1.2991E-14  9.6000E-16  2.2000E-15  7.0000E-22  3.0000E-44  2.6616E-44  5.2000E+00  5.3000E+01  2.1317E+22  7.3682E+20  3.5620E+21
6.0000E-16  1.0444E-15  9.6000E-16  2.2000E-15  7.0000E-22  3.0000E-44  1.4458E-44  5.2000E+00  5.3000E+01  1.9556E+22  2.1452E+21  3.9146E+21
6.0000E-16  5.4991E-16  9.6000E-16  2.2000E-15  7.0000E-22  3.0000E-44  2.7158E-44  5.2000E+00  5.3000E+01  1.9421E+22  2.3534E+21  3.8414E+21
6.0000E-16  1.2419E-14  9.6000E-16  2.2000E-15  7.0000E-22  3.0000E-44  2.4126E-44  5.2000E+00  5.3000E+01  2.1270E+22  7.5999E+20  3.5858E+21
6.0000E-16  7.4579E-15  9.6000E-16  2.2000E-15  7.0000E-22  3.0000E-44  2.6344E-44  5.2000E+00  5.3000E+01  2.0934E+22  1.0614E+21  3.6209E+21
6.0000E-16  1.0908E-14  9.6000E-16  2.2000E-15  7.0000E-22  3.0000E-44  2.2640E-44  5.2000E+00  5.3000E+01  2.1175E+22  8.3112E+20  3.6102E+21
6.0000E-16  7.3283E-15  9.6000E-16  2.2000E-15  7.0000E-22  3.0000E-44  1.0659E-44  5.2000E+00  5.3000E+01  2.0799E+22  1.0630E+21  3.7540E+21
6.0000E-16  3.5241E-15  9.6000E-16  2.2000E-15  7.0000E-22  3.0000E-44  3.9607E-45  5.2000E+00  5.3000E+01  2.0194E+22  1.5218E+21  3.9004E+21
6.0000E-16  2.6876E-15  9.6000E-16  2.2000E-15  7.0000E-22  3.0000E-44  1.8892E-44  5.2000E+00  5.3000E+01  2.0119E+22  1.7017E+21  3.7958E+21
6.0000E-16  5.9259E-16  9.6000E-16  2.2000E-15  7.0000E-22  3.0000E-44  2.2587E-44  5.2000E+00  5.3000E+01  1.9413E+22  2.3279E+21  3.8755E+21
6.0000E-16  1.0720E-14  9.6000E-16  2.2000E-15  7.0000E-22  3.0000E-44  2.7252E-45  5.2000E+00  5.3000E+01  2.0998E+22  8.3188E+20  3.7859E+21
6.0000E-16  1.2052E-14  9.6000E-16  2.2000E-15  7.0000E-22  3.0000E-44  2.7475E-44  5.2000E+00  5.3000E+01  2.1276E+22  7.7750E+20  3.5624E+21
6.0000E-16  9.6006E-15  9.6000E-16  2.2000E-15  7.0000E-22  3.0000E-44  1.9961E-44  5.2000E+00  5.3000E+01  2.1067E+22  9.0375E+20  3.6450E+21
6.0000E-16  2.9773E-15  9.6000E-16  2.2000E-15  7.0000E-22  3.0000E-44  1.6051E-44  5.2000E+00  5.3000E+01  2.0169E+22  1.6379E+21  3.8092E+21
6.0000E-16  6.0863E-15  9.6000E-16  2.2000E-15  7.0000E-22  3.0000E-44  2.3649E-45  5.2000E+00  5.3000E+01  2.0589E+22  1.1743E+21  3.8522E+21
6.0000E-16  1.0508E-14  9.6000E-16  2.2000E-15  7.0000E-22  3.0000E-44  2.1297E-44  5.2000E+00  5.3000E+01  2.1139E+22  8.5184E+20  3.6248E+21
6.0000E-16  1.1470E-14  9.6000E-16  2.2000E-15  7.0000E-22  3.0000E-44  2.4411E-44  5.2000E+00  5.3000E+01  2.1221E+22  8.0364E+20  3.5911E+21
6.0000E-16  1.0782E-14  9.6000E-16  2.2000E-15  7.0000E-22  3.0000E-44  8.2244E-45  5.2000E+00  5.3000E+01  2.1050E+22  8.3130E+20  3.7342E+21
6.0000E-16  6.9637E-15  9.6000E-16  2.2000E-15  7.0000E-22  3.0000E-44  1.9496E-44  5.2000E+00  5.3000E+01  2.0832E+22  1.1007E+21  3.6838E+21
6.0000E-16  1.2424E-14  9.6000E-16  2.2000E-15  7.0000E-22  3.0000E-44  1.5253E-44  5.2000E+00  5.3000E+01  2.1201E+22  7.5641E+20  3.6585E+21
6.0000E-16  3.0357E-15  9.6000E-16  2.2000E-15  7.0000E-22  3.0000E-44  2.5461E-44  5.2000E+00  5.3000E+01  2.0251E+22  1.6362E+21  3.7289E+21
6.0000E-16  1.9872E-15  9.6000E-16  2.2000E-15  7.0000E-22  3.0000E-44  1.5702E-45  5.2000E+00  5.3000E+01  1.9788E+22  1.8443E+21  3.9833E+21
