1.259305533324E-21  2.511584904889E-44  6.112158910207E-20  1.3333E+02  1.770419680337E+22  2.140596141411E+21  1.016303000697E+20  6.390251515522E+17  7.229724990392E+15  5.279126186481E+21  2.132570226262E+17  8.170725525754E+13  8.266760314617E+14  3.890269741947E+17  1.239312227960E+16
4.036572222697E-22  2.391282891418E-44  7.720360077170E-20  1.3333E+02  1.737614136359E+22  2.421835289589E+21  9.921184584982E+19  6.213093700469E+17  7.242155866724E+15  5.331118794841E+21  2.179102746041E+17  8.179047626512E+13  8.427923735805E+14  4.107775119618E+17  1.114580680065E+16
1.102358987816E-21  4.922388204895E-44  2.023689597967E-20  1.3333E+02  1.753692014342E+22  2.282274329831E+21  1.001556556912E+20  6.303094946515E+17  7.237157552968E+15  5.305924659357E+21  2.156498745385E+17  8.182759815187E+13  8.352989906295E+14  4.006637132439E+17  1.173512432950E+16
1.233636426094E-21  2.260998764531E-44  5.073153580315E-20  1.3333E+02  1.759100307936E+22  2.234618671264E+21  9.975669782016E+19  6.334557137096E+17  7.235153340599E+15  5.296638619741E+21  2.148754843905E+17  8.184377732444E+13  8.328529316951E+14  3.994469455978E+17  1.194047770201E+16
9.482979940250E-22  1.897529163783E-44  6.875725769913E-20  1.3333E+02  1.771255259009E+22  2.135535834625E+21  1.036459874340E+20  6.392103019426E+17  7.230846870214E+15  5.280174685618E+21  2.132088905830E+17  8.170322665457E+13  8.260053806982E+14  3.829920280401E+17  1.243606571912E+16
1.259305533324E-21  2.511584904889E-44  6.112158910207E-20  1.3333E+03  1.759936188009E+22  2.232764774017E+21  1.045599684307E+20  6.332670125095E+17  7.234582876246E+15  5.300312158393E+21  2.148849924758E+17  8.177266036017E+13  8.318772415268E+14  3.852901269463E+17  1.199319508302E+16
4.036572222697E-22  2.391282891418E-44  7.720360077170E-20  1.3333E+03  1.750555842854E+22  2.311174715237E+21  1.014057641239E+20  6.283494410805E+17  7.237830450614E+15  5.312322641273E+21  2.161243942071E+17  8.179455011310E+13  8.366011493502E+14  3.983707377118E+17  1.162248870390E+16
1.102358987816E-21  4.922388204895E-44  2.023689597967E-20  1.3333E+03  1.764027726107E+22  2.194741439001E+21  1.026378471417E+20  6.358671210682E+17  7.234980593119E+15  5.291913090365E+21  2.142764310748E+17  8.183958151060E+13  8.301678406063E+14  3.889032735785E+17  1.214640469344E+16
1.233636426094E-21  2.260998764531E-44  5.073153580315E-20  1.3333E+03  1.751888430189E+22  2.298758324848E+21  1.006770761728E+20  6.292085707847E+17  7.237190151227E+15  5.309351762403E+21  2.159144633346E+17  8.180485873392E+13  8.360862879579E+14  3.999281310556E+17  1.166905278387E+16
9.482979940250E-22  1.897529163783E-44  6.875725769913E-20  1.3333E+03  1.748042107799E+22  2.333701541557E+21  1.019015548198E+20  6.268515608089E+17  7.238671166852E+15  5.316950993401E+21  2.164944353581E+17  8.178072390380E+13  8.376936788312E+14  3.980362839363E+17  1.153153520949E+16
