2.1328E-15  1.3000E-15  9.5637E-15  5.8914E-15  7.0000E-22  3.0000E-44  3.2000E-45  5.2000E+00  5.3000E+01  8.5253E+21  1.5749E+21  1.5516E+22
3.1704E-15  1.3000E-15  6.0184E-15  4.5444E-15  7.0000E-22  3.0000E-44  3.2000E-45  5.2000E+00  5.3000E+01  9.8131E+21  3.2082E+21  1.2595E+22
1.8596E-15  1.3000E-15  4.4142E-15  1.0724E-14  7.0000E-22  3.0000E-44  3.2000E-45  5.2000E+00  5.3000E+01  1.2295E+22  1.4365E+21  1.1885E+22
3.1337E-15  1.3000E-15  8.3719E-15  4.5481E-15  7.0000E-22  3.0000E-44  3.2000E-45  5.2000E+00  5.3000E+01  8.5642E+21  2.6930E+21  1.4359E+22
4.2829E-15  1.3000E-15  8.2301E-15  2.1044E-14  7.0000E-22  3.0000E-44  3.2000E-45  5.2000E+00  5.3000E+01  8.1556E+21  1.3037E+21  1.6157E+22
2.3435E-15  1.3000E-15  4.3562E-15  1.3138E-14  7.0000E-22  3.0000E-44  3.2000E-45  5.2000E+00  5.3000E+01  1.1878E+22  1.5149E+21  1.2223E+22
4.7829E-15  1.3000E-15  2.3165E-15  1.1869E-14  7.0000E-22  3.0000E-44  3.2000E-45  5.2000E+00  5.3000E+01  1.1341E+22  3.2292E+21  1.1046E+22
5.8988E-15  1.3000E-15  8.3829E-15  1.1901E-14  7.0000E-22  3.0000E-44  3.2000E-45  5.2000E+00  5.3000E+01  7.4038E+21  2.4983E+21  1.5714E+22
2.4896E-15  1.3000E-15  3.5373E-15  2.0410E-14  7.0000E-22  3.0000E-44  3.2000E-45  5.2000E+00  5.3000E+01  1.2565E+22  1.2214E+21  1.1830E+22
2.0549E-15  1.3000E-15  5.6663E-15  1.1821E-14  7.0000E-22  3.0000E-44  3.2000E-45  5.2000E+00  5.3000E+01  1.1012E+22  1.3134E+21  1.3291E+22
3.5474E-15  1.3000E-15  8.0302E-15  2.0802E-14  7.0000E-22  3.0000E-44  3.2000E-45  5.2000E+00  5.3000E+01  8.5963E+21  1.1491E+21  1.5871E+22
3.1604E-15  1.3000E-15  7.4132E-15  1.0136E-14  7.0000E-22  3.0000E-44  3.2000E-45  5.2000E+00  5.3000E+01  9.0927E+21  1.8335E+21  1.4690E+22
4.0645E-15  1.3000E-15  1.3632E-15  9.0871E-15  7.0000E-22  3.0000E-44  3.2000E-45  5.2000E+00  5.3000E+01  1.2836E+22  3.8281E+21  8.9516E+21
5.9775E-15  1.3000E-15  4.1754E-15  2.9964E-15  7.0000E-22  3.0000E-44  3.2000E-45  5.2000E+00  5.3000E+01  8.7560E+21  6.9844E+21  9.8759E+21
1.8321E-15  1.3000E-15  1.6881E-15  2.2456E-15  7.0000E-22  3.0000E-44  3.2000E-45  5.2000E+00  5.3000E+01  1.5075E+22  4.4543E+21  6.0864E+21
5.8830E-15  1.3000E-15  2.4011E-15  1.6746E-14  7.0000E-22  3.0000E-44  3.2000E-45  5.2000E+00  5.3000E+01  1.0464E+22  2.8113E+21  1.2341E+22
5.0374E-15  1.3000E-15  7.1979E-15  1.1257E-14  7.0000E-22  3.0000E-44  3.2000E-45  5.2000E+00  5.3000E+01  8.2348E+21  2.4756E+21  1.4906E+22
2.1033E-15  1.3000E-15  8.1245E-15  5.7389E-15  7.0000E-22  3.0000E-44  3.2000E-45  5.2000E+00  5.3000E+01  9.2912E+21  1.7334E+21  1.4591E+22
5.1271E-15  1.3000E-15  9.0257E-15  5.5972E-15  7.0000E-22  3.0000E-44  3.2000E-45  5.2000E+00  5.3000E+01  7.4023E+21  3.4546E+21  1.4759E+22
2.0824E-15  1.3000E-15  4.5833E-15  1.3761E-14  7.0000E-22  3.0000E-44  3.2000E-45  5.2000E+00  5.3000E+01  1.1927E+22  1.3045E+21  1.2384E+22
2.1891E-15  1.3000E-15  2.4433E-15  1.6631E-14  7.0000E-22  3.0000E-44  3.2000E-45  5.2000E+00  5.3000E+01  1.4171E+22  1.4423E+21  1.0003E+22
3.4918E-15  1.3000E-15  3.6186E-15  1.0338E-14  7.0000E-22  3.0000E-44  3.2000E-45  5.2000E+00  5.3000E+01  1.1408E+22  2.5864E+21  1.1621E+22
3.5309E-15  1.3000E-15  5.4983E-15  7.1379E-15  7.0000E-22  3.0000E-44  3.2000E-45  5.2000E+00  5.3000E+01  9.9494E+21  2.8442E+21  1.2822E+22
8.5394E-16  1.3000E-15  1.7860E-15  1.8100E-14  7.0000E-22  3.0000E-44  3.2000E-45  5.2000E+00  5.3000E+01  1.7539E+22  6.6549E+20  7.4121E+21
2.2168E-15  1.3000E-15  8.0478E-15  7.8839E-15  7.0000E-22  3.0000E-44  3.2000E-45  5.2000E+00  5.3000E+01  9.2796E+21  1.5278E+21  1.4809E+22
7.2541E-16  1.3000E-15  1.4904E-15  9.6659E-15  7.0000E-22  3.0000E-44  3.2000E-45  5.2000E+00  5.3000E+01  1.8368E+22  9.6514E+20  6.2837E+21
1.0752E-15  1.3000E-15  5.4407E-15  1.3239E-14  7.0000E-22  3.0000E-44  3.2000E-45  5.2000E+00  5.3000E+01  1.2112E+22  6.9903E+20  1.2805E+22
5.2884E-15  1.3000E-15  3.9882E-15  5.2585E-15  7.0000E-22  3.0000E-44  3.2000E-45  5.2000E+00  5.3000E+01  9.5467E+21  5.0193E+21  1.1050E+22
4.6369E-15  1.3000E-15  4.5301E-15  1.1990E-14  7.0000E-22  3.0000E-44  3.2000E-45  5.2000E+00  5.3000E+01  9.8761E+21  2.6541E+21  1.3086E+22
4.8358E-15  1.3000E-15  2.7002E-15  8.3111E-15  7.0000E-22  3.0000E-44  3.2000E-45  5.2000E+00  5.3000E+01  1.0881E+22  4.0060E+21  1.0728E+22
1.2827E-15  1.3000E-15  1.6438E-15  1.8355E-14  7.0000E-22  3.0000E-44  3.2000E-45  5.2000E+00  5.3000E+01  1.6927E+22  9.5155E+20  7.7392E+21
2.6706E-15  1.3000E-15  2.1556E-15  2.1592E-14  7.0000E-22  3.0000E-44  3.2000E-45  5.2000E+00  5.3000E+01  1.3926E+22  1.4022E+21  1.0288E+22
5.3137E-15  1.3000E-15  5.8901E-15  5.1996E-15  7.0000E-22  3.0000E-44  3.2000E-45  5.2000E+00  5.3000E+01  8.5692E+21  4.4412E+21  1.2606E+22
1.9015E-15  1.3000E-15  5.1930E-15  1.8356E-14  7.0000E-22  3.0000E-44  3.2000E-45  5.2000E+00  5.3000E+01  1.1562E+22  9.2478E+20  1.3129E+22
1.0937E-15  1.3000E-15  8.6484E-15  1.6723E-14  7.0000E-22  3.0000E-44  3.2000E-45  5.2000E+00  5.3000E+01  9.6231E+21  4.6797E+20  1.5525E+22
3.4098E-15  1.3000E-15  4.2127E-15  1.1832E-14  7.0000E-22  3.0000E-44  3.2000E-45  5.2000E+00  5.3000E+01  1.1023E+22  2.2060E+21  1.2387E+22
6.3408E-16  1.3000E-15  7.7891E-15  1.1228E-14  7.0000E-22  3.0000E-44  3.2000E-45  5.2000E+00  5.3000E+01  1.0513E+22  3.9433E+20  1.4708E+22
1.9723E-15  1.3000E-15  4.6705E-15  1.4465E-14  7.0000E-22  3.0000E-44  3.2000E-45  5.2000E+00  5.3000E+01  1.1957E+22  1.1932E+21  1.2466E+22
3.3664E-15  1.3000E-15  8.6089E-15  1.6166E-14  7.0000E-22  3.0000E-44  3.2000E-45  5.2000E+00  5.3000E+01  8.4013E+21  1.2919E+21  1.5923E+22
1.5372E-15  1.3000E-15  2.8325E-15  1.3929E-14  7.0000E-22  3.0000E-44  3.2000E-45  5.2000E+00  5.3000E+01  1.4559E+22  1.1906E+21  9.8661E+21
3.3849E-15  1.3000E-15  8.7882E-15  1.9510E-14  7.0000E-22  3.0000E-44  3.2000E-45  5.2000E+00  5.3000E+01  8.3137E+21  1.1131E+21  1.6189E+22
5.3043E-15  1.3000E-15  7.6474E-15  1.4537E-14  7.0000E-22  3.0000E-44  3.2000E-45  5.2000E+00  5.3000E+01  7.9409E+21  2.0908E+21  1.5584E+22
8.8224E-16  1.3000E-15  5.0855E-15  3.5185E-15  7.0000E-22  3.0000E-44  3.2000E-45  5.2000E+00  5.3000E+01  1.2621E+22  1.2805E+21  1.1714E+22
4.3962E-15  1.3000E-15  8.5142E-15  5.0462E-15  7.0000E-22  3.0000E-44  3.2000E-45  5.2000E+00  5.3000E+01  7.8930E+21  3.3343E+21  1.4389E+22
2.3803E-15  1.3000E-15  1.2772E-15  7.3093E-15  7.0000E-22  3.0000E-44  3.2000E-45  5.2000E+00  5.3000E+01  1.5227E+22  3.1342E+21  7.2558E+21
2.8490E-15  1.3000E-15  2.4830E-15  8.9800E-15  7.0000E-22  3.0000E-44  3.2000E-45  5.2000E+00  5.3000E+01  1.3133E+22  2.7250E+21  9.7574E+21
4.0291E-15  1.3000E-15  8.0003E-15  1.5825E-14  7.0000E-22  3.0000E-44  3.2000E-45  5.2000E+00  5.3000E+01  8.3676E+21  1.5683E+21  1.5680E+22
3.2470E-15  1.3000E-15  4.8229E-15  1.5232E-14  7.0000E-22  3.0000E-44  3.2000E-45  5.2000E+00  5.3000E+01  1.0715E+22  1.6893E+21  1.3211E+22
1.1443E-15  1.3000E-15  3.9265E-15  1.7992E-14  7.0000E-22  3.0000E-44  3.2000E-45  5.2000E+00  5.3000E+01  1.3697E+22  6.7739E+20  1.1242E+22
4.0422E-15  1.3000E-15  8.5519E-15  4.4825E-15  7.0000E-22  3.0000E-44  3.2000E-45  5.2000E+00  5.3000E+01  8.0293E+21  3.2999E+21  1.4289E+22
2.5914E-15  1.3000E-15  7.7306E-15  1.0170E-14  7.0000E-22  3.0000E-44  3.2000E-45  5.2000E+00  5.3000E+01  9.2472E+21  1.5210E+21  1.4848E+22
3.6362E-15  1.3000E-15  9.1230E-15  1.7096E-14  7.0000E-22  3.0000E-44  3.2000E-45  5.2000E+00  5.3000E+01  8.0485E+21  1.2802E+21  1.6287E+22
8.7383E-16  1.3000E-15  7.6471E-15  7.7537E-15  7.0000E-22  3.0000E-44  3.2000E-45  5.2000E+00  5.3000E+01  1.0433E+22  6.8149E+20  1.4501E+22
4.3885E-15  1.3000E-15  6.1327E-15  1.7059E-14  7.0000E-22  3.0000E-44  3.2000E-45  5.2000E+00  5.3000E+01  9.1245E+21  1.7714E+21  1.4720E+22
1.6384E-15  1.3000E-15  4.0979E-15  1.2609E-14  7.0000E-22  3.0000E-44  3.2000E-45  5.2000E+00  5.3000E+01  1.2877E+22  1.1874E+21  1.1551E+22
1.2939E-15  1.3000E-15  5.9026E-15  1.6926E-14  7.0000E-22  3.0000E-44  3.2000E-45  5.2000E+00  5.3000E+01  1.1487E+22  6.6309E+20  1.3466E+22
5.7529E-15  1.3000E-15  3.5202E-15  3.7629E-15  7.0000E-22  3.0000E-44  3.2000E-45  5.2000E+00  5.3000E+01  9.3245E+21  6.4750E+21  9.8186E+21
4.3126E-15  1.3000E-15  4.8000E-15  7.5214E-15  7.0000E-22  3.0000E-44  3.2000E-45  5.2000E+00  5.3000E+01  9.8468E+21  3.3604E+21  1.2409E+22
5.7283E-15  1.3000E-15  1.8639E-15  2.8335E-15  7.0000E-22  3.0000E-44  3.2000E-45  5.2000E+00  5.3000E+01  9.9846E+21  8.3557E+21  7.2764E+21
3.7402E-15  1.3000E-15  1.0361E-15  1.7914E-14  7.0000E-22  3.0000E-44  3.2000E-45  5.2000E+00  5.3000E+01  1.3862E+22  2.2900E+21  9.4641E+21
9.7099E-16  1.3000E-15  7.2915E-15  1.5621E-14  7.0000E-22  3.0000E-44  3.2000E-45  5.2000E+00  5.3000E+01  1.0630E+22  4.8542E+20  1.4501E+22
2.3603E-15  1.3000E-15  4.1804E-15  1.5951E-14  7.0000E-22  3.0000E-44  3.2000E-45  5.2000E+00  5.3000E+01  1.2043E+22  1.3405E+21  1.2233E+22
2.3527E-15  1.3000E-15  8.1353E-15  1.6107E-14  7.0000E-22  3.0000E-44  3.2000E-45  5.2000E+00  5.3000E+01  9.1724E+21  9.8928E+20  1.5454E+22
2.3046E-15  1.3000E-15  5.9530E-15  9.4015E-15  7.0000E-22  3.0000E-44  3.2000E-45  5.2000E+00  5.3000E+01  1.0578E+22  1.6478E+21  1.3391E+22
6.2797E-16  1.3000E-15  7.5677E-15  9.1191E-15  7.0000E-22  3.0000E-44  3.2000E-45  5.2000E+00  5.3000E+01  1.0681E+22  4.5439E+20  1.4480E+22
5.6887E-15  1.3000E-15  3.1163E-15  8.6122E-15  7.0000E-22  3.0000E-44  3.2000E-45  5.2000E+00  5.3000E+01  9.9531E+21  4.1833E+21  1.1480E+22
7.7641E-16  1.3000E-15  3.7932E-15  9.3059E-15  7.0000E-22  3.0000E-44  3.2000E-45  5.2000E+00  5.3000E+01  1.4335E+22  7.7740E+20  1.0504E+22
3.4488E-15  1.3000E-15  9.1966E-15  1.6987E-14  7.0000E-22  3.0000E-44  3.2000E-45  5.2000E+00  5.3000E+01  8.0992E+21  1.2274E+21  1.6289E+22
1.8408E-15  1.3000E-15  5.5810E-15  1.2639E-14  7.0000E-22  3.0000E-44  3.2000E-45  5.2000E+00  5.3000E+01  1.1267E+22  1.1492E+21  1.3200E+22
4.2123E-15  1.3000E-15  1.4756E-15  1.0948E-14  7.0000E-22  3.0000E-44  3.2000E-45  5.2000E+00  5.3000E+01  1.2637E+22  3.4070E+21  9.5718E+21
1.7148E-15  1.3000E-15  7.2461E-15  1.7214E-14  7.0000E-22  3.0000E-44  3.2000E-45  5.2000E+00  5.3000E+01  1.0122E+22  7.5929E+20  1.4735E+22
2.9476E-15  1.3000E-15  6.8988E-15  2.6801E-15  7.0000E-22  3.0000E-44  3.2000E-45  5.2000E+00  5.3000E+01  9.3814E+21  3.5363E+21  1.2697E+22
4.9747E-15  1.3000E-15  5.8973E-15  1.8581E-14  7.0000E-22  3.0000E-44  3.2000E-45  5.2000E+00  5.3000E+01  8.9316E+21  1.8410E+21  1.4843E+22
5.5826E-15  1.3000E-15  7.0196E-15  2.4675E-15  7.0000E-22  3.0000E-44  3.2000E-45  5.2000E+00  5.3000E+01  7.7812E+21  5.9414E+21  1.1893E+22
4.0569E-15  1.3000E-15  5.5210E-15  1.9342E-14  7.0000E-22  3.0000E-44  3.2000E-45  5.2000E+00  5.3000E+01  9.6864E+21  1.5806E+21  1.4349E+22
2.7072E-15  1.3000E-15  3.4467E-15  1.9681E-14  7.0000E-22  3.0000E-44  3.2000E-45  5.2000E+00  5.3000E+01  1.2423E+22  1.3521E+21  1.1841E+22
3.2534E-15  1.3000E-15  3.6865E-15  7.3756E-15  7.0000E-22  3.0000E-44  3.2000E-45  5.2000E+00  5.3000E+01  1.1502E+22  3.0366E+21  1.1078E+22
2.5277E-15  1.3000E-15  8.1540E-15  4.9068E-15  7.0000E-22  3.0000E-44  3.2000E-45  5.2000E+00  5.3000E+01  9.0151E+21  2.1961E+21  1.4405E+22
3.6698E-15  1.3000E-15  6.0191E-15  1.5675E-14  7.0000E-22  3.0000E-44  3.2000E-45  5.2000E+00  5.3000E+01  9.6137E+21  1.6653E+21  1.4337E+22
4.7008E-15  1.3000E-15  8.7949E-15  2.1106E-14  7.0000E-22  3.0000E-44  3.2000E-45  5.2000E+00  5.3000E+01  7.7410E+21  1.3535E+21  1.6522E+22
3.9886E-15  1.3000E-15  5.6409E-15  4.6885E-15  7.0000E-22  3.0000E-44  3.2000E-45  5.2000E+00  5.3000E+01  9.4747E+21  3.8789E+21  1.2262E+22
1.2363E-15  1.3000E-15  5.3712E-15  2.0319E-14  7.0000E-22  3.0000E-44  3.2000E-45  5.2000E+00  5.3000E+01  1.2030E+22  5.7761E+20  1.3008E+22
3.1751E-15  1.3000E-15  1.3704E-15  9.3932E-15  7.0000E-22  3.0000E-44  3.2000E-45  5.2000E+00  5.3000E+01  1.3988E+22  3.2010E+21  8.4269E+21
4.1413E-15  1.3000E-15  5.4683E-15  5.0251E-15  7.0000E-22  3.0000E-44  3.2000E-45  5.2000E+00  5.3000E+01  9.4844E+21  3.8991E+21  1.2232E+22
2.9936E-15  1.3000E-15  9.7603E-16  9.7641E-15  7.0000E-22  3.0000E-44  3.2000E-45  5.2000E+00  5.3000E+01  1.4774E+22  3.1344E+21  7.7095E+21
2.0347E-15  1.3000E-15  8.6281E-15  9.0050E-15  7.0000E-22  3.0000E-44  3.2000E-45  5.2000E+00  5.3000E+01  9.0674E+21  1.2579E+21  1.5291E+22
5.3681E-15  1.3000E-15  6.1779E-15  1.6883E-14  7.0000E-22  3.0000E-44  3.2000E-45  5.2000E+00  5.3000E+01  8.5790E+21  2.0530E+21  1.4984E+22
9.1664E-16  1.3000E-15  3.1035E-15  1.2218E-14  7.0000E-22  3.0000E-44  3.2000E-45  5.2000E+00  5.3000E+01  1.5114E+22  8.1119E+20  9.6911E+21
1.1336E-15  1.3000E-15  5.7141E-15  1.0934E-14  7.0000E-22  3.0000E-44  3.2000E-45  5.2000E+00  5.3000E+01  1.1791E+22  8.1783E+20  1.3007E+22
8.2964E-16  1.3000E-15  3.2707E-15  4.5888E-15  7.0000E-22  3.0000E-44  3.2000E-45  5.2000E+00  5.3000E+01  1.4925E+22  1.3233E+21  9.3696E+21
3.8585E-15  1.3000E-15  2.8904E-15  2.1817E-14  7.0000E-22  3.0000E-44  3.2000E-45  5.2000E+00  5.3000E+01  1.1818E+22  1.6874E+21  1.2111E+22
4.0755E-15  1.3000E-15  4.7143E-15  9.1719E-15  7.0000E-22  3.0000E-44  3.2000E-45  5.2000E+00  5.3000E+01  1.0106E+22  2.8683E+21  1.2642E+22
5.4800E-15  1.3000E-15  3.7423E-15  7.2030E-15  7.0000E-22  3.0000E-44  3.2000E-45  5.2000E+00  5.3000E+01  9.6651E+21  4.3678E+21  1.1583E+22
1.5916E-15  1.3000E-15  6.8795E-15  1.0931E-14  7.0000E-22  3.0000E-44  3.2000E-45  5.2000E+00  5.3000E+01  1.0456E+22  1.0099E+21  1.4150E+22
4.7793E-15  1.3000E-15  6.6524E-15  9.8078E-15  7.0000E-22  3.0000E-44  3.2000E-45  5.2000E+00  5.3000E+01  8.5998E+21  2.7005E+21  1.4316E+22
1.7239E-15  1.3000E-15  4.4770E-15  1.5524E-14  7.0000E-22  3.0000E-44  3.2000E-45  5.2000E+00  5.3000E+01  1.2402E+22  1.0281E+21  1.2186E+22
2.7902E-15  1.3000E-15  5.3343E-15  4.1694E-15  7.0000E-22  3.0000E-44  3.2000E-45  5.2000E+00  5.3000E+01  1.0541E+22  3.1878E+21  1.1887E+22
3.1063E-15  1.3000E-15  9.5640E-15  1.8308E-14  7.0000E-22  3.0000E-44  3.2000E-45  5.2000E+00  5.3000E+01  8.0922E+21  1.0423E+21  1.6481E+22
2.1615E-15  1.3000E-15  2.1437E-15  4.0350E-15  7.0000E-22  3.0000E-44  3.2000E-45  5.2000E+00  5.3000E+01  1.4197E+22  3.6697E+21  7.7503E+21
4.6788E-15  1.3000E-15  2.5228E-15  7.7692E-15  7.0000E-22  3.0000E-44  3.2000E-45  5.2000E+00  5.3000E+01  1.1125E+22  4.1568E+21  1.0334E+22
4.6425E-15  1.3000E-15  5.8131E-15  1.5364E-14  7.0000E-22  3.0000E-44  3.2000E-45  5.2000E+00  5.3000E+01  9.1474E+21  2.0366E+21  1.4432E+22
3.7552E-15  1.3000E-15  3.6280E-15  8.6143E-15  7.0000E-22  3.0000E-44  3.2000E-45  5.2000E+00  5.3000E+01  1.1126E+22  3.0694E+21  1.1421E+22
2.2381E-15  1.3000E-15  4.1613E-15  6.4315E-15  7.0000E-22  3.0000E-44  3.2000E-45  5.2000E+00  5.3000E+01  1.2076E+22  2.3619E+21  1.1178E+22
4.5086E-15  1.3000E-15  4.6876E-15  1.3117E-14  7.0000E-22  3.0000E-44  3.2000E-45  5.2000E+00  5.3000E+01  9.8760E+21  2.4156E+21  1.3324E+22
4.5764E-15  1.3000E-15  6.7132E-15  1.3248E-14  7.0000E-22  3.0000E-44  3.2000E-45  5.2000E+00  5.3000E+01  8.7027E+21  2.1220E+21  1.4791E+22
1.3054E-15  1.3000E-15  5.7161E-15  4.7598E-15  7.0000E-22  3.0000E-44  3.2000E-45  5.2000E+00  5.3000E+01  1.1587E+22  1.5063E+21  1.2522E+22
1.3322E-15  1.3000E-15  5.4433E-15  5.2107E-15  7.0000E-22  3.0000E-44  3.2000E-45  5.2000E+00  5.3000E+01  1.1809E+22  1.5039E+21  1.2303E+22
4.7828E-15  1.3000E-15  9.3748E-15  1.4667E-14  7.0000E-22  3.0000E-44  3.2000E-45  5.2000E+00  5.3000E+01  7.4755E+21  1.7535E+21  1.6387E+22
2.9428E-15  1.3000E-15  6.4472E-15  9.5296E-15  7.0000E-22  3.0000E-44  3.2000E-45  5.2000E+00  5.3000E+01  9.7854E+21  1.9244E+21  1.3906E+22
3.6178E-15  1.3000E-15  9.9544E-16  1.0397E-14  7.0000E-22  3.0000E-44  3.2000E-45  5.2000E+00  5.3000E+01  1.3867E+22  3.3764E+21  8.3724E+21
9.0409E-16  1.3000E-15  6.2253E-15  1.0195E-14  7.0000E-22  3.0000E-44  3.2000E-45  5.2000E+00  5.3000E+01  1.1546E+22  6.6594E+20  1.3404E+22
4.4048E-15  1.3000E-15  1.9579E-15  1.3139E-14  7.0000E-22  3.0000E-44  3.2000E-45  5.2000E+00  5.3000E+01  1.2038E+22  2.9420E+21  1.0636E+22
1.6316E-15  1.3000E-15  2.3875E-15  5.7525E-15  7.0000E-22  3.0000E-44  3.2000E-45  5.2000E+00  5.3000E+01  1.4865E+22  2.3609E+21  8.3917E+21
2.6642E-15  1.3000E-15  2.8418E-15  9.1795E-15  7.0000E-22  3.0000E-44  3.2000E-45  5.2000E+00  5.3000E+01  1.2979E+22  2.4666E+21  1.0171E+22
3.7790E-15  1.3000E-15  8.7879E-15  1.1147E-14  7.0000E-22  3.0000E-44  3.2000E-45  5.2000E+00  5.3000E+01  8.1159E+21  1.8264E+21  1.5674E+22
1.6091E-15  1.3000E-15  2.5690E-15  1.4961E-14  7.0000E-22  3.0000E-44  3.2000E-45  5.2000E+00  5.3000E+01  1.4828E+22  1.2065E+21  9.5813E+21
1.6363E-15  1.3000E-15  6.7555E-15  1.4372E-14  7.0000E-22  3.0000E-44  3.2000E-45  5.2000E+00  5.3000E+01  1.0520E+22  8.6310E+20  1.4233E+22
3.5892E-15  1.3000E-15  2.3365E-15  8.2417E-15  7.0000E-22  3.0000E-44  3.2000E-45  5.2000E+00  5.3000E+01  1.2390E+22  3.4330E+21  9.7930E+21
2.1132E-15  1.3000E-15  3.6999E-15  1.9725E-14  7.0000E-22  3.0000E-44  3.2000E-45  5.2000E+00  5.3000E+01  1.2803E+22  1.0857E+21  1.1727E+22
9.3448E-16  1.3000E-15  8.6729E-15  4.9302E-15  7.0000E-22  3.0000E-44  3.2000E-45  5.2000E+00  5.3000E+01  9.6971E+21  8.5442E+20  1.5064E+22
2.9676E-15  1.3000E-15  5.5224E-15  2.1210E-14  7.0000E-22  3.0000E-44  3.2000E-45  5.2000E+00  5.3000E+01  1.0436E+22  1.1586E+21  1.4022E+22
5.4741E-15  1.3000E-15  1.7648E-15  3.5802E-15  7.0000E-22  3.0000E-44  3.2000E-45  5.2000E+00  5.3000E+01  1.0459E+22  7.4196E+21  7.7393E+21
5.8528E-15  1.3000E-15  5.1561E-15  2.1355E-14  7.0000E-22  3.0000E-44  3.2000E-45  5.2000E+00  5.3000E+01  8.8557E+21  1.9268E+21  1.4833E+22
4.0480E-15  1.3000E-15  3.0656E-15  3.9049E-15  7.0000E-22  3.0000E-44  3.2000E-45  5.2000E+00  5.3000E+01  1.1005E+22  5.2883E+21  9.3251E+21
3.9661E-15  1.3000E-15  5.0724E-15  3.4918E-15  7.0000E-22  3.0000E-44  3.2000E-45  5.2000E+00  5.3000E+01  9.7465E+21  4.6310E+21  1.1240E+22
4.9232E-15  1.3000E-15  4.7701E-15  3.5683E-15  7.0000E-22  3.0000E-44  3.2000E-45  5.2000E+00  5.3000E+01  9.2402E+21  5.4705E+21  1.0907E+22
3.1062E-15  1.3000E-15  5.9094E-15  2.0297E-14  7.0000E-22  3.0000E-44  3.2000E-45  5.2000E+00  5.3000E+01  1.0067E+22  1.2097E+21  1.4339E+22
3.2892E-15  1.3000E-15  9.5061E-15  9.8129E-15  7.0000E-22  3.0000E-44  3.2000E-45  5.2000E+00  5.3000E+01  8.0211E+21  1.7029E+21  1.5892E+22
4.7508E-15  1.3000E-15  6.4445E-15  2.0462E-14  7.0000E-22  3.0000E-44  3.2000E-45  5.2000E+00  5.3000E+01  8.7737E+21  1.5980E+21  1.5244E+22
5.4864E-15  1.3000E-15  6.0610E-15  2.1108E-14  7.0000E-22  3.0000E-44  3.2000E-45  5.2000E+00  5.3000E+01  8.5908E+21  1.7642E+21  1.5261E+22
6.4216E-16  1.3000E-15  2.2659E-15  1.4106E-14  7.0000E-22  3.0000E-44  3.2000E-45  5.2000E+00  5.3000E+01  1.7028E+22  5.8655E+20  8.0023E+21
4.3834E-15  1.3000E-15  2.6072E-15  5.1079E-15  7.0000E-22  3.0000E-44  3.2000E-45  5.2000E+00  5.3000E+01  1.1145E+22  5.0600E+21  9.4111E+21
3.3850E-15  1.3000E-15  5.8382E-15  1.4492E-14  7.0000E-22  3.0000E-44  3.2000E-45  5.2000E+00  5.3000E+01  9.9066E+21  1.6797E+21  1.4030E+22
3.7969E-15  1.3000E-15  2.0597E-15  1.4326E-14  7.0000E-22  3.0000E-44  3.2000E-45  5.2000E+00  5.3000E+01  1.2601E+22  2.4889E+21  1.0526E+22
4.4618E-15  1.3000E-15  8.4970E-15  2.0627E-14  7.0000E-22  3.0000E-44  3.2000E-45  5.2000E+00  5.3000E+01  7.9617E+21  1.3463E+21  1.6308E+22
8.7223E-16  1.3000E-15  5.7633E-15  6.0981E-15  7.0000E-22  3.0000E-44  3.2000E-45  5.2000E+00  5.3000E+01  1.1984E+22  9.1221E+20  1.2720E+22
5.3265E-15  1.3000E-15  1.3659E-15  2.0006E-14  7.0000E-22  3.0000E-44  3.2000E-45  5.2000E+00  5.3000E+01  1.1786E+22  2.5081E+21  1.1322E+22
5.4528E-15  1.3000E-15  7.0008E-15  1.9882E-14  7.0000E-22  3.0000E-44  3.2000E-45  5.2000E+00  5.3000E+01  8.1688E+21  1.7441E+21  1.5703E+22
5.7425E-15  1.3000E-15  7.8360E-15  1.7562E-14  7.0000E-22  3.0000E-44  3.2000E-45  5.2000E+00  5.3000E+01  7.6929E+21  1.9013E+21  1.6022E+22
2.1067E-15  1.3000E-15  5.8980E-15  1.0533E-14  7.0000E-22  3.0000E-44  3.2000E-45  5.2000E+00  5.3000E+01  1.0782E+22  1.4244E+21  1.3409E+22
5.0128E-15  1.3000E-15  3.4566E-15  1.9192E-14  7.0000E-22  3.0000E-44  3.2000E-45  5.2000E+00  5.3000E+01  1.0390E+22  2.1256E+21  1.3100E+22
4.2045E-15  1.3000E-15  8.2036E-15  1.8145E-14  7.0000E-22  3.0000E-44  3.2000E-45  5.2000E+00  5.3000E+01  8.1986E+21  1.4447E+21  1.5973E+22
3.9352E-15  1.3000E-15  4.0666E-15  9.1063E-15  7.0000E-22  3.0000E-44  3.2000E-45  5.2000E+00  5.3000E+01  1.0657E+22  2.9536E+21  1.2006E+22
1.4943E-15  1.3000E-15  9.2580E-15  5.9695E-15  7.0000E-22  3.0000E-44  3.2000E-45  5.2000E+00  5.3000E+01  9.0220E+21  1.1565E+21  1.5437E+22
9.0846E-16  1.3000E-15  9.2504E-15  2.1336E-14  7.0000E-22  3.0000E-44  3.2000E-45  5.2000E+00  5.3000E+01  9.3749E+21  3.1353E+20  1.5928E+22
5.0088E-15  1.3000E-15  7.5098E-15  3.6284E-15  7.0000E-22  3.0000E-44  3.2000E-45  5.2000E+00  5.3000E+01  7.9596E+21  4.5669E+21  1.3088E+22
4.1688E-15  1.3000E-15  2.8335E-15  3.6481E-15  7.0000E-22  3.0000E-44  3.2000E-45  5.2000E+00  5.3000E+01  1.1017E+22  5.6871E+21  8.9142E+21
2.1797E-15  1.3000E-15  6.2291E-15  1.9923E-14  7.0000E-22  3.0000E-44  3.2000E-45  5.2000E+00  5.3000E+01  1.0506E+22  8.9843E+20  1.4211E+22
5.7590E-15  1.3000E-15  8.5940E-15  1.2327E-14  7.0000E-22  3.0000E-44  3.2000E-45  5.2000E+00  5.3000E+01  7.3830E+21  2.3707E+21  1.5862E+22
5.0109E-15  1.3000E-15  2.5211E-15  1.1177E-14  7.0000E-22  3.0000E-44  3.2000E-45  5.2000E+00  5.3000E+01  1.0965E+22  3.4079E+21  1.1243E+22
4.5776E-15  1.3000E-15  2.0156E-15  1.0737E-14  7.0000E-22  3.0000E-44  3.2000E-45  5.2000E+00  5.3000E+01  1.1751E+22  3.4596E+21  1.0406E+22
1.9847E-15  1.3000E-15  6.1888E-15  1.9472E-14  7.0000E-22  3.0000E-44  3.2000E-45  5.2000E+00  5.3000E+01  1.0684E+22  8.4723E+20  1.4085E+22
1.8453E-15  1.3000E-15  8.5603E-15  8.6864E-15  7.0000E-22  3.0000E-44  3.2000E-45  5.2000E+00  5.3000E+01  9.2126E+21  1.1849E+21  1.5218E+22
5.0722E-15  1.3000E-15  6.6102E-15  9.4394E-15  7.0000E-22  3.0000E-44  3.2000E-45  5.2000E+00  5.3000E+01  8.4664E+21  2.8965E+21  1.4253E+22
4.3164E-15  1.3000E-15  1.3927E-15  3.6370E-15  7.0000E-22  3.0000E-44  3.2000E-45  5.2000E+00  5.3000E+01  1.1902E+22  6.6871E+21  7.0281E+21
1.9352E-15  1.3000E-15  8.9146E-15  5.1875E-15  7.0000E-22  3.0000E-44  3.2000E-45  5.2000E+00  5.3000E+01  8.9536E+21  1.6061E+21  1.5056E+22
7.1847E-16  1.3000E-15  6.3748E-15  2.1522E-14  7.0000E-22  3.0000E-44  3.2000E-45  5.2000E+00  5.3000E+01  1.1593E+22  3.0763E+20  1.3715E+22
3.4282E-15  1.3000E-15  7.6481E-15  6.3285E-15  7.0000E-22  3.0000E-44  3.2000E-45  5.2000E+00  5.3000E+01  8.7863E+21  2.5641E+21  1.4266E+22
3.9434E-15  1.3000E-15  6.7382E-15  1.6193E-14  7.0000E-22  3.0000E-44  3.2000E-45  5.2000E+00  5.3000E+01  9.0427E+21  1.6375E+21  1.4936E+22
4.1977E-15  1.3000E-15  6.8911E-15  1.9610E-14  7.0000E-22  3.0000E-44  3.2000E-45  5.2000E+00  5.3000E+01  8.8333E+21  1.4683E+21  1.5314E+22
5.0510E-15  1.3000E-15  1.2825E-15  1.8331E-14  7.0000E-22  3.0000E-44  3.2000E-45  5.2000E+00  5.3000E+01  1.2107E+22  2.6272E+21  1.0882E+22
5.4039E-15  1.3000E-15  4.0867E-15  9.9339E-15  7.0000E-22  3.0000E-44  3.2000E-45  5.2000E+00  5.3000E+01  9.6025E+21  3.4447E+21  1.2569E+22
2.1188E-15  1.3000E-15  8.2476E-15  1.2335E-14  7.0000E-22  3.0000E-44  3.2000E-45  5.2000E+00  5.3000E+01  9.2380E+21  1.0866E+21  1.5291E+22
3.1278E-15  1.3000E-15  1.3786E-15  4.4645E-15  7.0000E-22  3.0000E-44  3.2000E-45  5.2000E+00  5.3000E+01  1.3628E+22  4.9630E+21  7.0262E+21
1.9583E-15  1.3000E-15  3.4940E-15  2.1785E-14  7.0000E-22  3.0000E-44  3.2000E-45  5.2000E+00  5.3000E+01  1.3216E+22  9.6061E+20  1.1439E+22
5.7710E-15  1.3000E-15  4.2985E-15  1.5645E-14  7.0000E-22  3.0000E-44  3.2000E-45  5.2000E+00  5.3000E+01  9.3330E+21  2.5651E+21  1.3718E+22
3.0020E-15  1.3000E-15  7.4817E-15  1.1208E-14  7.0000E-22  3.0000E-44  3.2000E-45  5.2000E+00  5.3000E+01  9.1514E+21  1.6372E+21  1.4827E+22
1.0815E-15  1.3000E-15  2.3213E-15  8.3177E-15  7.0000E-22  3.0000E-44  3.2000E-45  5.2000E+00  5.3000E+01  1.6010E+22  1.3456E+21  8.2620E+21
4.7462E-15  1.3000E-15  7.6525E-15  1.3491E-14  7.0000E-22  3.0000E-44  3.2000E-45  5.2000E+00  5.3000E+01  8.1821E+21  2.0346E+21  1.5399E+22
5.2259E-15  1.3000E-15  6.7233E-15  2.8735E-15  7.0000E-22  3.0000E-44  3.2000E-45  5.2000E+00  5.3000E+01  8.1141E+21  5.4539E+21  1.2048E+22
4.9186E-15  1.3000E-15  1.1152E-15  1.3760E-14  7.0000E-22  3.0000E-44  3.2000E-45  5.2000E+00  5.3000E+01  1.2309E+22  3.2682E+21  1.0039E+22
3.1739E-15  1.3000E-15  3.6183E-15  6.3648E-15  7.0000E-22  3.0000E-44  3.2000E-45  5.2000E+00  5.3000E+01  1.1599E+22  3.2747E+21  1.0742E+22
4.2643E-15  1.3000E-15  4.8489E-15  1.4590E-14  7.0000E-22  3.0000E-44  3.2000E-45  5.2000E+00  5.3000E+01  9.9507E+21  2.1259E+21  1.3539E+22
3.6107E-15  1.3000E-15  7.9623E-15  1.4212E-14  7.0000E-22  3.0000E-44  3.2000E-45  5.2000E+00  5.3000E+01  8.5859E+21  1.5608E+21  1.5469E+22
1.7463E-15  1.3000E-15  8.7118E-15  1.7027E-14  7.0000E-22  3.0000E-44  3.2000E-45  5.2000E+00  5.3000E+01  9.1962E+21  7.0462E+20  1.5715E+22
4.3966E-15  1.3000E-15  4.8356E-15  1.4159E-14  7.0000E-22  3.0000E-44  3.2000E-45  5.2000E+00  5.3000E+01  9.8668E+21  2.2226E+21  1.3527E+22
5.3314E-15  1.3000E-15  2.1997E-15  1.1762E-14  7.0000E-22  3.0000E-44  3.2000E-45  5.2000E+00  5.3000E+01  1.0954E+22  3.4994E+21  1.1163E+22
4.4092E-15  1.3000E-15  2.1572E-15  1.8676E-14  7.0000E-22  3.0000E-44  3.2000E-45  5.2000E+00  5.3000E+01  1.1935E+22  2.2163E+21  1.1465E+22
3.0215E-15  1.3000E-15  7.4876E-15  1.8842E-14  7.0000E-22  3.0000E-44  3.2000E-45  5.2000E+00  5.3000E+01  9.1564E+21  1.1283E+21  1.5331E+22
5.9644E-15  1.3000E-15  3.5068E-15  6.9392E-15  7.0000E-22  3.0000E-44  3.2000E-45  5.2000E+00  5.3000E+01  9.4620E+21  4.7819E+21  1.1372E+22
5.9468E-15  1.3000E-15  7.3501E-15  2.1258E-14  7.0000E-22  3.0000E-44  3.2000E-45  5.2000E+00  5.3000E+01  7.8113E+21  1.7233E+21  1.6081E+22
1.0352E-15  1.3000E-15  9.0130E-15  4.4866E-15  7.0000E-22  3.0000E-44  3.2000E-45  5.2000E+00  5.3000E+01  9.4261E+21  9.5938E+20  1.5230E+22
1.0806E-15  1.3000E-15  7.3968E-15  1.2043E-14  7.0000E-22  3.0000E-44  3.2000E-45  5.2000E+00  5.3000E+01  1.0466E+22  6.3998E+20  1.4510E+22
1.3199E-15  1.3000E-15  2.6359E-15  1.7101E-14  7.0000E-22  3.0000E-44  3.2000E-45  5.2000E+00  5.3000E+01  1.5197E+22  9.1508E+20  9.5040E+21
1.9662E-15  1.3000E-15  2.5029E-15  1.1276E-14  7.0000E-22  3.0000E-44  3.2000E-45  5.2000E+00  5.3000E+01  1.4343E+22  1.7577E+21  9.5152E+21
6.9838E-16  1.3000E-15  4.7037E-15  1.2285E-14  7.0000E-22  3.0000E-44  3.2000E-45  5.2000E+00  5.3000E+01  1.3310E+22  5.3028E+20  1.1776E+22
1.3307E-15  1.3000E-15  5.3104E-15  9.0098E-15  7.0000E-22  3.0000E-44  3.2000E-45  5.2000E+00  5.3000E+01  1.1965E+22  1.1113E+21  1.2540E+22
2.6428E-15  1.3000E-15  9.4789E-15  1.3875E-14  7.0000E-22  3.0000E-44  3.2000E-45  5.2000E+00  5.3000E+01  8.3373E+21  1.1217E+21  1.6157E+22
1.7755E-15  1.3000E-15  5.6970E-15  8.2673E-15  7.0000E-22  3.0000E-44  3.2000E-45  5.2000E+00  5.3000E+01  1.1204E+22  1.4612E+21  1.2950E+22
3.3144E-15  1.3000E-15  2.5765E-15  4.9326E-15  7.0000E-22  3.0000E-44  3.2000E-45  5.2000E+00  5.3000E+01  1.2271E+22  4.2977E+21  9.0468E+21
5.2477E-15  1.3000E-15  6.3752E-15  2.1704E-14  7.0000E-22  3.0000E-44  3.2000E-45  5.2000E+00  5.3000E+01  8.5586E+21  1.6427E+21  1.5415E+22
3.6445E-15  1.3000E-15  4.2194E-15  2.1591E-14  7.0000E-22  3.0000E-44  3.2000E-45  5.2000E+00  5.3000E+01  1.0889E+22  1.4708E+21  1.3257E+22
5.7496E-15  1.3000E-15  6.1478E-15  1.5760E-14  7.0000E-22  3.0000E-44  3.2000E-45  5.2000E+00  5.3000E+01  8.4005E+21  2.2693E+21  1.4946E+22
4.3289E-15  1.3000E-15  2.3215E-15  5.9867E-15  7.0000E-22  3.0000E-44  3.2000E-45  5.2000E+00  5.3000E+01  1.1494E+22  4.7143E+21  9.4080E+21
5.2007E-15  1.3000E-15  1.1169E-15  4.9030E-15  7.0000E-22  3.0000E-44  3.2000E-45  5.2000E+00  5.3000E+01  1.1398E+22  6.5321E+21  7.6878E+21
2.7236E-15  1.3000E-15  1.2354E-15  7.1235E-15  7.0000E-22  3.0000E-44  3.2000E-45  5.2000E+00  5.3000E+01  1.4700E+22  3.5152E+21  7.4019E+21
3.5857E-15  1.3000E-15  3.5929E-15  1.3000E-14  7.0000E-22  3.0000E-44  3.2000E-45  5.2000E+00  5.3000E+01  1.1385E+22  2.2501E+21  1.1981E+22
4.7589E-15  1.3000E-15  4.8786E-15  1.4079E-14  7.0000E-22  3.0000E-44  3.2000E-45  5.2000E+00  5.3000E+01  9.6040E+21  2.3506E+21  1.3661E+22
4.4390E-15  1.3000E-15  1.0264E-15  2.7718E-15  7.0000E-22  3.0000E-44  3.2000E-45  5.2000E+00  5.3000E+01  1.1761E+22  7.9726E+21  5.8823E+21
5.9505E-15  1.3000E-15  2.5785E-15  1.4292E-14  7.0000E-22  3.0000E-44  3.2000E-45  5.2000E+00  5.3000E+01  1.0257E+22  3.1465E+21  1.2212E+22
