6.0000E-16  7.5271E-16  1.2328E-15  6.4161E-15  7.0000E-22  3.0000E-44  3.2000E-45  5.2000E+00  5.3000E+01  1.9112E+22  1.1731E+21  5.3309E+21
6.0000E-16  7.2028E-15  5.6670E-16  1.2561E-14  7.0000E-22  3.0000E-44  3.2000E-45  5.2000E+00  5.3000E+01  2.1632E+22  5.9297E+20  3.3908E+21
6.0000E-16  4.5403E-15  8.6698E-15  7.7754E-16  7.0000E-22  3.0000E-44  3.2000E-45  5.2000E+00  5.3000E+01  1.0053E+22  6.2171E+20  1.4942E+22
6.0000E-16  3.0604E-15  7.2629E-15  1.8633E-14  7.0000E-22  3.0000E-44  3.2000E-45  5.2000E+00  5.3000E+01  1.0978E+22  2.5293E+20  1.4385E+22
6.0000E-16  6.2355E-17  4.6858E-15  2.1113E-14  7.0000E-22  3.0000E-44  3.2000E-45  5.2000E+00  5.3000E+01  1.3428E+22  3.2033E+20  1.1868E+22
6.0000E-16  1.2683E-14  9.4151E-15  1.9336E-14  7.0000E-22  3.0000E-44  3.2000E-45  5.2000E+00  5.3000E+01  9.5748E+21  1.5714E+20  1.5884E+22
6.0000E-16  2.2428E-15  5.9603E-15  1.6139E-14  7.0000E-22  3.0000E-44  3.2000E-45  5.2000E+00  5.3000E+01  1.2113E+22  3.2217E+20  1.3181E+22
6.0000E-16  1.0556E-14  4.8200E-15  1.9397E-14  7.0000E-22  3.0000E-44  3.2000E-45  5.2000E+00  5.3000E+01  1.3504E+22  2.3876E+20  1.1873E+22
6.0000E-16  1.2284E-14  2.8641E-15  7.8138E-16  7.0000E-22  3.0000E-44  3.2000E-45  5.2000E+00  5.3000E+01  1.6737E+22  6.1397E+20  8.2661E+21
6.0000E-16  9.3052E-15  7.4901E-15  1.5065E-14  7.0000E-22  3.0000E-44  3.2000E-45  5.2000E+00  5.3000E+01  1.0899E+22  2.2757E+20  1.4489E+22
6.0000E-16  3.4257E-15  1.4110E-15  1.2884E-14  7.0000E-22  3.0000E-44  3.2000E-45  5.2000E+00  5.3000E+01  1.9082E+22  6.0000E+20  5.9344E+21
6.0000E-16  4.9824E-15  7.8615E-15  1.1155E-14  7.0000E-22  3.0000E-44  3.2000E-45  5.2000E+00  5.3000E+01  1.0567E+22  3.0886E+20  1.4740E+22
6.0000E-16  1.1624E-14  4.7536E-15  1.2402E-14  7.0000E-22  3.0000E-44  3.2000E-45  5.2000E+00  5.3000E+01  1.3652E+22  2.9284E+20  1.1671E+22
6.0000E-16  6.4690E-15  8.8978E-15  6.3935E-15  7.0000E-22  3.0000E-44  3.2000E-45  5.2000E+00  5.3000E+01  9.8940E+21  3.4264E+20  1.5379E+22
6.0000E-16  1.2764E-14  4.4138E-15  1.1581E-15  7.0000E-22  3.0000E-44  3.2000E-45  5.2000E+00  5.3000E+01  1.4289E+22  4.8403E+20  1.0843E+22
6.0000E-16  7.9716E-15  7.2701E-15  1.1918E-14  7.0000E-22  3.0000E-44  3.2000E-45  5.2000E+00  5.3000E+01  1.1073E+22  2.7429E+20  1.4269E+22
6.0000E-16  8.7024E-15  2.7650E-15  9.2008E-15  7.0000E-22  3.0000E-44  3.2000E-45  5.2000E+00  5.3000E+01  1.6587E+22  4.6807E+20  8.5620E+21
6.0000E-16  1.0247E-14  9.4843E-15  1.7126E-14  7.0000E-22  3.0000E-44  3.2000E-45  5.2000E+00  5.3000E+01  9.5211E+21  1.7900E+20  1.5916E+22
6.0000E-16  6.4903E-15  9.4838E-16  2.1905E-14  7.0000E-22  3.0000E-44  3.2000E-45  5.2000E+00  5.3000E+01  2.0410E+22  3.9633E+20  4.8099E+21
6.0000E-16  1.6935E-15  2.2934E-15  6.6800E-15  7.0000E-22  3.0000E-44  3.2000E-45  5.2000E+00  5.3000E+01  1.7040E+22  8.8682E+20  7.6902E+21
6.0000E-16  1.1944E-14  4.8867E-15  9.9450E-16  7.0000E-22  3.0000E-44  3.2000E-45  5.2000E+00  5.3000E+01  1.3668E+22  4.8713E+20  1.1461E+22
6.0000E-16  1.2705E-14  6.1477E-15  1.0616E-14  7.0000E-22  3.0000E-44  3.2000E-45  5.2000E+00  5.3000E+01  1.2151E+22  2.6506E+20  1.3200E+22
6.0000E-16  1.2097E-14  8.0184E-15  8.7276E-15  7.0000E-22  3.0000E-44  3.2000E-45  5.2000E+00  5.3000E+01  1.0562E+22  2.5121E+20  1.4802E+22
6.0000E-16  1.0395E-14  3.6612E-15  2.8894E-15  7.0000E-22  3.0000E-44  3.2000E-45  5.2000E+00  5.3000E+01  1.5274E+22  5.4281E+20  9.8019E+21
6.0000E-16  9.8068E-15  4.7562E-15  2.5959E-15  7.0000E-22  3.0000E-44  3.2000E-45  5.2000E+00  5.3000E+01  1.3746E+22  5.0659E+20  1.1363E+22
6.0000E-16  5.0326E-15  6.7612E-15  2.0802E-14  7.0000E-22  3.0000E-44  3.2000E-45  5.2000E+00  5.3000E+01  1.1426E+22  2.2753E+20  1.3963E+22
6.0000E-16  9.3694E-15  3.1166E-15  1.0174E-14  7.0000E-22  3.0000E-44  3.2000E-45  5.2000E+00  5.3000E+01  1.5984E+22  4.1628E+20  9.2182E+21
6.0000E-16  5.2270E-15  1.7270E-15  1.8595E-14  7.0000E-22  3.0000E-44  3.2000E-45  5.2000E+00  5.3000E+01  1.8443E+22  4.1300E+20  6.7602E+21
6.0000E-16  4.4893E-15  1.6071E-15  5.6863E-15  7.0000E-22  3.0000E-44  3.2000E-45  5.2000E+00  5.3000E+01  1.8744E+22  8.6819E+20  6.0043E+21
6.0000E-16  3.4006E-15  5.0422E-15  1.5949E-14  7.0000E-22  3.0000E-44  3.2000E-45  5.2000E+00  5.3000E+01  1.3109E+22  3.3652E+20  1.2171E+22
6.0000E-16  1.1754E-14  1.3215E-15  1.8896E-15  7.0000E-22  3.0000E-44  3.2000E-45  5.2000E+00  5.3000E+01  2.0075E+22  7.4669E+20  4.7943E+21
6.0000E-16  1.1562E-14  9.3784E-16  1.9256E-14  7.0000E-22  3.0000E-44  3.2000E-45  5.2000E+00  5.3000E+01  2.0681E+22  3.7310E+20  4.5619E+21
6.0000E-16  5.6260E-15  9.0711E-15  1.1600E-14  7.0000E-22  3.0000E-44  3.2000E-45  5.2000E+00  5.3000E+01  9.7456E+21  2.6919E+20  1.5601E+22
6.0000E-16  2.9991E-15  5.8694E-15  7.7921E-15  7.0000E-22  3.0000E-44  3.2000E-45  5.2000E+00  5.3000E+01  1.2236E+22  4.9237E+20  1.2887E+22
6.0000E-16  1.0206E-14  1.5763E-16  2.0629E-14  7.0000E-22  3.0000E-44  3.2000E-45  5.2000E+00  5.3000E+01  2.3055E+22  4.2417E+20  2.1370E+21
6.0000E-16  2.4157E-15  7.1871E-17  4.4413E-15  7.0000E-22  3.0000E-44  3.2000E-45  5.2000E+00  5.3000E+01  2.2507E+22  1.6003E+21  1.5084E+21
6.0000E-16  3.4011E-15  3.5621E-15  1.4938E-14  7.0000E-22  3.0000E-44  3.2000E-45  5.2000E+00  5.3000E+01  1.5035E+22  4.0977E+20  1.0171E+22
6.0000E-16  1.2181E-15  3.3386E-15  7.8098E-15  7.0000E-22  3.0000E-44  3.2000E-45  5.2000E+00  5.3000E+01  1.5242E+22  7.2666E+20  9.6471E+21
6.0000E-16  3.3779E-15  5.9601E-15  5.5771E-15  7.0000E-22  3.0000E-44  3.2000E-45  5.2000E+00  5.3000E+01  1.2170E+22  5.5870E+20  1.2887E+22
6.0000E-16  5.4378E-15  2.4783E-15  7.2100E-15  7.0000E-22  3.0000E-44  3.2000E-45  5.2000E+00  5.3000E+01  1.6992E+22  6.4212E+20  7.9828E+21
6.0000E-16  1.0658E-14  3.3842E-15  1.5196E-14  7.0000E-22  3.0000E-44  3.2000E-45  5.2000E+00  5.3000E+01  1.5525E+22  3.1617E+20  9.7749E+21
6.0000E-16  3.1402E-15  7.4403E-15  1.6818E-14  7.0000E-22  3.0000E-44  3.2000E-45  5.2000E+00  5.3000E+01  1.0841E+22  2.6745E+20  1.4507E+22
6.0000E-16  1.2704E-14  3.9906E-15  1.8890E-16  7.0000E-22  3.0000E-44  3.2000E-45  5.2000E+00  5.3000E+01  1.4913E+22  5.4040E+20  1.0162E+22
6.0000E-16  6.3385E-15  5.1966E-15  4.9772E-15  7.0000E-22  3.0000E-44  3.2000E-45  5.2000E+00  5.3000E+01  1.3085E+22  5.1311E+20  1.2018E+22
6.0000E-16  3.8225E-15  6.9476E-15  1.0549E-14  7.0000E-22  3.0000E-44  3.2000E-45  5.2000E+00  5.3000E+01  1.1268E+22  3.6234E+20  1.3986E+22
6.0000E-16  5.9615E-15  5.3593E-15  2.0685E-14  7.0000E-22  3.0000E-44  3.2000E-45  5.2000E+00  5.3000E+01  1.2803E+22  2.4991E+20  1.2563E+22
6.0000E-16  1.0410E-14  9.4111E-15  1.4732E-16  7.0000E-22  3.0000E-44  3.2000E-45  5.2000E+00  5.3000E+01  9.6833E+21  3.8642E+20  1.5546E+22
6.0000E-16  4.8653E-15  2.1266E-15  3.7333E-15  7.0000E-22  3.0000E-44  3.2000E-45  5.2000E+00  5.3000E+01  1.7686E+22  9.1433E+20  7.0161E+21
6.0000E-16  1.9248E-15  5.0824E-16  1.4348E-14  7.0000E-22  3.0000E-44  3.2000E-45  5.2000E+00  5.3000E+01  2.1343E+22  6.9422E+20  3.5789E+21
6.0000E-16  9.6506E-15  1.2358E-15  1.5331E-14  7.0000E-22  3.0000E-44  3.2000E-45  5.2000E+00  5.3000E+01  1.9848E+22  4.3124E+20  5.3370E+21
6.0000E-16  4.5812E-15  7.1736E-15  1.8382E-14  7.0000E-22  3.0000E-44  3.2000E-45  5.2000E+00  5.3000E+01  1.1076E+22  2.4342E+20  1.4296E+22
6.0000E-16  7.6600E-15  9.5320E-15  7.2185E-15  7.0000E-22  3.0000E-44  3.2000E-45  5.2000E+00  5.3000E+01  9.5081E+21  2.9413E+20  1.5814E+22
6.0000E-16  1.0285E-14  6.6230E-15  1.7618E-15  7.0000E-22  3.0000E-44  3.2000E-45  5.2000E+00  5.3000E+01  1.1771E+22  4.3470E+20  1.3410E+22
6.0000E-16  3.3859E-15  4.5072E-15  1.8235E-14  7.0000E-22  3.0000E-44  3.2000E-45  5.2000E+00  5.3000E+01  1.3742E+22  3.2277E+20  1.1551E+22
6.0000E-16  6.2583E-15  6.4608E-15  1.0375E-14  7.0000E-22  3.0000E-44  3.2000E-45  5.2000E+00  5.3000E+01  1.1751E+22  3.3800E+20  1.3527E+22
6.0000E-16  9.1443E-15  5.1929E-15  5.8553E-15  7.0000E-22  3.0000E-44  3.2000E-45  5.2000E+00  5.3000E+01  1.3153E+22  4.1542E+20  1.2048E+22
6.0000E-16  4.9051E-15  4.0032E-15  1.9503E-14  7.0000E-22  3.0000E-44  3.2000E-45  5.2000E+00  5.3000E+01  1.4441E+22  3.0707E+20  1.0868E+22
6.0000E-16  2.3688E-15  2.5912E-17  3.9783E-15  7.0000E-22  3.0000E-44  3.2000E-45  5.2000E+00  5.3000E+01  2.2603E+22  1.7247E+21  1.2881E+21
6.0000E-16  6.3390E-15  2.5786E-15  1.0591E-14  7.0000E-22  3.0000E-44  3.2000E-45  5.2000E+00  5.3000E+01  1.6815E+22  4.9861E+20  8.3034E+21
6.0000E-16  3.1131E-15  7.3611E-15  9.7796E-15  7.0000E-22  3.0000E-44  3.2000E-45  5.2000E+00  5.3000E+01  1.0914E+22  3.8025E+20  1.4321E+22
6.0000E-16  1.0367E-14  3.2239E-16  1.4696E-14  7.0000E-22  3.0000E-44  3.2000E-45  5.2000E+00  5.3000E+01  2.2584E+22  5.0279E+20  2.5290E+21
6.0000E-16  9.8001E-15  9.0229E-15  2.4554E-18  7.0000E-22  3.0000E-44  3.2000E-45  5.2000E+00  5.3000E+01  9.9278E+21  4.1815E+20  1.5270E+22
6.0000E-16  3.6114E-15  2.3370E-15  1.8328E-14  7.0000E-22  3.0000E-44  3.2000E-45  5.2000E+00  5.3000E+01  1.7109E+22  4.0726E+20  8.1008E+21
6.0000E-16  7.7181E-15  7.7975E-15  2.1960E-14  7.0000E-22  3.0000E-44  3.2000E-45  5.2000E+00  5.3000E+01  1.0621E+22  1.8695E+20  1.4808E+22
6.0000E-16  4.3070E-15  5.5628E-15  1.1958E-14  7.0000E-22  3.0000E-44  3.2000E-45  5.2000E+00  5.3000E+01  1.2576E+22  3.7057E+20  1.2669E+22
6.0000E-16  1.1455E-14  9.1329E-16  2.0672E-14  7.0000E-22  3.0000E-44  3.2000E-45  5.2000E+00  5.3000E+01  2.0730E+22  3.5991E+20  4.5265E+21
6.0000E-16  5.5269E-15  8.0977E-15  6.5192E-15  7.0000E-22  3.0000E-44  3.2000E-45  5.2000E+00  5.3000E+01  1.0426E+22  3.8057E+20  1.4810E+22
6.0000E-16  4.6805E-15  6.8497E-15  7.7520E-15  7.0000E-22  3.0000E-44  3.2000E-45  5.2000E+00  5.3000E+01  1.1384E+22  4.0917E+20  1.3823E+22
6.0000E-16  1.1969E-14  5.1838E-15  1.5521E-14  7.0000E-22  3.0000E-44  3.2000E-45  5.2000E+00  5.3000E+01  1.3123E+22  2.4971E+20  1.2243E+22
6.0000E-16  1.5668E-15  1.5754E-16  1.8307E-14  7.0000E-22  3.0000E-44  3.2000E-45  5.2000E+00  5.3000E+01  2.2437E+22  6.1841E+20  2.5610E+21
6.0000E-16  1.5837E-15  5.6287E-15  3.0051E-15  7.0000E-22  3.0000E-44  3.2000E-45  5.2000E+00  5.3000E+01  1.2406E+22  8.6586E+20  1.2344E+22
6.0000E-16  1.7364E-16  2.1800E-15  8.3724E-15  7.0000E-22  3.0000E-44  3.2000E-45  5.2000E+00  5.3000E+01  1.7109E+22  8.7820E+20  7.6302E+21
6.0000E-16  1.0836E-14  5.5855E-15  9.7143E-15  7.0000E-22  3.0000E-44  3.2000E-45  5.2000E+00  5.3000E+01  1.2708E+22  3.0941E+20  1.2599E+22
6.0000E-16  6.7946E-15  8.0825E-15  1.5365E-14  7.0000E-22  3.0000E-44  3.2000E-45  5.2000E+00  5.3000E+01  1.0418E+22  2.3515E+20  1.4962E+22
6.0000E-16  4.0733E-15  8.9261E-15  5.9968E-15  7.0000E-22  3.0000E-44  3.2000E-45  5.2000E+00  5.3000E+01  9.8327E+21  4.0612E+20  1.5377E+22
6.0000E-16  4.8092E-15  7.3930E-15  1.7590E-14  7.0000E-22  3.0000E-44  3.2000E-45  5.2000E+00  5.3000E+01  1.0905E+22  2.4452E+20  1.4466E+22
6.0000E-16  8.1387E-15  6.2303E-15  1.1394E-14  7.0000E-22  3.0000E-44  3.2000E-45  5.2000E+00  5.3000E+01  1.1996E+22  3.0330E+20  1.3317E+22
6.0000E-16  1.0071E-14  5.1902E-16  1.2040E-14  7.0000E-22  3.0000E-44  3.2000E-45  5.2000E+00  5.3000E+01  2.1975E+22  5.4583E+20  3.0951E+21
6.0000E-16  5.0244E-15  4.0971E-16  1.7216E-14  7.0000E-22  3.0000E-44  3.2000E-45  5.2000E+00  5.3000E+01  2.1924E+22  5.4132E+20  3.1506E+21
6.0000E-16  8.4906E-15  8.0457E-15  4.8127E-15  7.0000E-22  3.0000E-44  3.2000E-45  5.2000E+00  5.3000E+01  1.0530E+22  3.5722E+20  1.4729E+22
6.0000E-16  6.1509E-15  8.7085E-15  3.2365E-15  7.0000E-22  3.0000E-44  3.2000E-45  5.2000E+00  5.3000E+01  1.0038E+22  4.3603E+20  1.5142E+22
6.0000E-16  1.0271E-14  5.1531E-15  8.1955E-15  7.0000E-22  3.0000E-44  3.2000E-45  5.2000E+00  5.3000E+01  1.3193E+22  3.5225E+20  1.2070E+22
6.0000E-16  1.0593E-14  3.1989E-15  2.1991E-14  7.0000E-22  3.0000E-44  3.2000E-45  5.2000E+00  5.3000E+01  1.5772E+22  2.6172E+20  9.5821E+21
6.0000E-16  8.3574E-15  7.2638E-15  4.2730E-15  7.0000E-22  3.0000E-44  3.2000E-45  5.2000E+00  5.3000E+01  1.1144E+22  3.9502E+20  1.4077E+22
6.0000E-16  8.5481E-15  7.4314E-15  5.6267E-15  7.0000E-22  3.0000E-44  3.2000E-45  5.2000E+00  5.3000E+01  1.0996E+22  3.5666E+20  1.4263E+22
6.0000E-16  1.2760E-14  5.4710E-15  1.9913E-14  7.0000E-22  3.0000E-44  3.2000E-45  5.2000E+00  5.3000E+01  1.2788E+22  2.0863E+20  1.2620E+22
6.0000E-16  1.0582E-15  8.2831E-15  8.0287E-15  7.0000E-22  3.0000E-44  3.2000E-45  5.2000E+00  5.3000E+01  1.0177E+22  4.5254E+20  1.4987E+22
6.0000E-16  2.8820E-15  5.4429E-15  1.1547E-14  7.0000E-22  3.0000E-44  3.2000E-45  5.2000E+00  5.3000E+01  1.2661E+22  4.1053E+20  1.2544E+22
6.0000E-16  1.4982E-15  7.7387E-15  1.7945E-15  7.0000E-22  3.0000E-44  3.2000E-45  5.2000E+00  5.3000E+01  1.0572E+22  8.3858E+20  1.4205E+22
6.0000E-16  5.5516E-15  6.0580E-15  1.5673E-14  7.0000E-22  3.0000E-44  3.2000E-45  5.2000E+00  5.3000E+01  1.2093E+22  2.8551E+20  1.3238E+22
6.0000E-16  5.4884E-15  9.0484E-16  6.3839E-15  7.0000E-22  3.0000E-44  3.2000E-45  5.2000E+00  5.3000E+01  2.0590E+22  8.7042E+20  4.1556E+21
6.0000E-16  9.6379E-15  5.1824E-16  1.2005E-14  7.0000E-22  3.0000E-44  3.2000E-45  5.2000E+00  5.3000E+01  2.1952E+22  5.5596E+20  3.1077E+21
6.0000E-16  2.4783E-15  3.1126E-15  1.0515E-14  7.0000E-22  3.0000E-44  3.2000E-45  5.2000E+00  5.3000E+01  1.5692E+22  5.7046E+20  9.3537E+21
6.0000E-16  7.5302E-15  6.5381E-15  1.8722E-14  7.0000E-22  3.0000E-44  3.2000E-45  5.2000E+00  5.3000E+01  1.1666E+22  2.2939E+20  1.3720E+22
6.0000E-16  4.0561E-15  3.7729E-15  4.0648E-15  7.0000E-22  3.0000E-44  3.2000E-45  5.2000E+00  5.3000E+01  1.4809E+22  7.5608E+20  1.0051E+22
6.0000E-16  6.5393E-15  6.4651E-15  4.9274E-15  7.0000E-22  3.0000E-44  3.2000E-45  5.2000E+00  5.3000E+01  1.1795E+22  4.5192E+20  1.3369E+22
6.0000E-16  5.5405E-15  4.0617E-15  5.1699E-16  7.0000E-22  3.0000E-44  3.2000E-45  5.2000E+00  5.3000E+01  1.4556E+22  9.0046E+20  1.0162E+22
6.0000E-16  8.2134E-15  5.0039E-15  4.2697E-15  7.0000E-22  3.0000E-44  3.2000E-45  5.2000E+00  5.3000E+01  1.3373E+22  4.8843E+20  1.1755E+22
6.0000E-16  6.8378E-15  2.2776E-15  1.1580E-14  7.0000E-22  3.0000E-44  3.2000E-45  5.2000E+00  5.3000E+01  1.7406E+22  4.8346E+20  7.7278E+21
6.0000E-16  1.1289E-14  2.3151E-15  1.3343E-14  7.0000E-22  3.0000E-44  3.2000E-45  5.2000E+00  5.3000E+01  1.7473E+22  3.7672E+20  7.7671E+21
