4.4346E-15  1.3000E-15  5.9142E-15  2.0316E-14  3.4275E-21  3.0000E-44  3.2000E-45  5.2000E+00  5.3000E+01  9.9114E+21  1.2766E+21  1.4428E+22
4.5920E-15  1.3000E-15  2.5667E-15  4.4876E-15  4.6633E-21  3.0000E-44  3.2000E-45  5.2000E+00  5.3000E+01  1.3253E+22  3.6990E+21  8.6660E+21
2.5907E-15  1.3000E-15  3.7974E-15  9.3888E-15  4.5521E-21  3.0000E-44  3.2000E-45  5.2000E+00  5.3000E+01  1.3246E+22  1.4564E+21  1.0914E+22
3.9132E-15  1.3000E-15  5.6317E-15  1.1322E-14  6.9245E-21  3.0000E-44  3.2000E-45  5.2000E+00  5.3000E+01  1.1174E+22  1.2657E+21  1.3176E+22
9.9342E-16  1.3000E-15  3.6158E-15  1.9443E-14  6.5949E-21  3.0000E-44  3.2000E-45  5.2000E+00  5.3000E+01  1.4811E+22  3.8913E+20  1.0416E+22
1.7803E-15  1.3000E-15  8.9238E-15  1.2816E-14  3.5632E-21  3.0000E-44  3.2000E-45  5.2000E+00  5.3000E+01  9.4092E+21  5.9191E+20  1.5615E+22
4.0701E-15  1.3000E-15  8.9153E-15  1.7728E-14  1.8025E-21  3.0000E-44  3.2000E-45  5.2000E+00  5.3000E+01  8.2044E+21  1.2201E+21  1.6192E+22
3.0648E-15  1.3000E-15  2.6607E-15  1.3987E-14  2.9354E-21  3.0000E-44  3.2000E-45  5.2000E+00  5.3000E+01  1.3565E+22  1.7387E+21  1.0312E+22
1.2523E-15  1.3000E-15  5.5198E-15  8.5099E-15  8.9127E-22  3.0000E-44  3.2000E-45  5.2000E+00  5.3000E+01  1.1890E+22  1.0352E+21  1.2691E+22
4.4719E-15  1.3000E-15  5.8188E-15  8.8747E-15  1.0166E-21  3.0000E-44  3.2000E-45  5.2000E+00  5.3000E+01  9.3494E+21  2.7667E+21  1.3500E+22
3.5500E-15  1.3000E-15  1.7772E-15  1.8819E-14  4.0614E-21  3.0000E-44  3.2000E-45  5.2000E+00  5.3000E+01  1.4303E+22  1.6551E+21  9.6580E+21
1.4257E-15  1.3000E-15  9.4146E-15  1.2582E-14  1.3480E-21  3.0000E-44  3.2000E-45  5.2000E+00  5.3000E+01  9.0714E+21  6.2726E+20  1.5917E+22
1.6310E-15  1.3000E-15  1.4061E-15  1.0778E-14  3.5320E-21  3.0000E-44  3.2000E-45  5.2000E+00  5.3000E+01  1.7290E+22  1.4648E+21  6.8623E+21
3.3611E-15  1.3000E-15  1.3149E-15  1.5843E-14  1.2215E-21  3.0000E-44  3.2000E-45  5.2000E+00  5.3000E+01  1.4211E+22  2.2149E+21  9.1899E+21
9.8402E-16  1.3000E-15  2.4428E-15  5.9258E-15  2.8192E-21  3.0000E-44  3.2000E-45  5.2000E+00  5.3000E+01  1.6448E+22  1.1450E+21  8.0244E+21
1.6354E-15  1.3000E-15  3.2327E-15  1.0410E-14  2.4849E-21  3.0000E-44  3.2000E-45  5.2000E+00  5.3000E+01  1.4329E+22  1.2192E+21  1.0068E+22
1.7900E-15  1.3000E-15  4.0500E-15  5.4706E-15  1.6542E-21  3.0000E-44  3.2000E-45  5.2000E+00  5.3000E+01  1.3040E+22  1.8416E+21  1.0735E+22
3.8092E-15  1.3000E-15  1.2722E-15  1.0644E-14  4.4063E-21  3.0000E-44  3.2000E-45  5.2000E+00  5.3000E+01  1.4930E+22  2.6365E+21  8.0516E+21
3.0693E-15  1.3000E-15  4.6846E-15  2.9586E-15  3.3906E-21  3.0000E-44  3.2000E-45  5.2000E+00  5.3000E+01  1.2067E+22  2.5840E+21  1.0965E+22
2.7370E-15  1.3000E-15  9.4817E-15  1.7502E-14  5.9237E-21  3.0000E-44  3.2000E-45  5.2000E+00  5.3000E+01  8.8950E+21  5.8455E+20  1.6136E+22
3.1709E-15  1.3000E-15  7.6160E-15  1.0390E-14  6.0146E-21  3.0000E-44  3.2000E-45  5.2000E+00  5.3000E+01  9.9838E+21  9.6051E+20  1.4672E+22
8.5302E-16  1.3000E-15  2.7394E-15  1.8652E-14  2.7804E-21  3.0000E-44  3.2000E-45  5.2000E+00  5.3000E+01  1.6041E+22  4.9722E+20  9.0779E+21
5.9607E-15  1.3000E-15  8.7707E-15  1.5805E-14  2.1151E-21  3.0000E-44  3.2000E-45  5.2000E+00  5.3000E+01  7.6858E+21  1.7290E+21  1.6201E+22
4.9351E-15  1.3000E-15  1.4919E-15  2.1661E-14  6.3593E-21  3.0000E-44  3.2000E-45  5.2000E+00  5.3000E+01  1.3835E+22  1.7574E+21  1.0023E+22
5.6366E-15  1.3000E-15  9.5548E-15  4.6135E-15  2.8025E-21  3.0000E-44  3.2000E-45  5.2000E+00  5.3000E+01  7.9341E+21  2.6319E+21  1.5050E+22
4.1998E-15  1.3000E-15  6.6199E-15  1.9192E-14  4.5912E-21  3.0000E-44  3.2000E-45  5.2000E+00  5.3000E+01  9.8087E+21  1.1063E+21  1.4701E+22
2.7061E-15  1.3000E-15  5.9283E-15  4.4013E-15  4.6854E-21  3.0000E-44  3.2000E-45  5.2000E+00  5.3000E+01  1.1434E+22  1.4948E+21  1.2687E+22
3.6004E-15  1.3000E-15  6.6883E-15  6.7598E-15  3.2613E-21  3.0000E-44  3.2000E-45  5.2000E+00  5.3000E+01  1.0109E+22  1.8399E+21  1.3667E+22
3.8721E-15  1.3000E-15  7.1390E-15  3.9691E-15  1.4705E-21  3.0000E-44  3.2000E-45  5.2000E+00  5.3000E+01  9.1860E+21  3.1044E+21  1.3325E+22
4.1995E-15  1.3000E-15  3.6226E-15  1.1162E-14  8.3765E-22  3.0000E-44  3.2000E-45  5.2000E+00  5.3000E+01  1.0884E+22  2.7493E+21  1.1983E+22
4.9836E-15  1.3000E-15  1.7732E-15  1.7694E-14  1.1431E-21  3.0000E-44  3.2000E-45  5.2000E+00  5.3000E+01  1.1935E+22  2.5021E+21  1.1179E+22
5.8856E-15  1.3000E-15  2.1156E-15  9.2668E-15  3.6251E-21  3.0000E-44  3.2000E-45  5.2000E+00  5.3000E+01  1.2139E+22  3.5130E+21  9.9635E+21
1.2585E-15  1.3000E-15  5.6392E-15  1.9898E-14  1.6466E-21  3.0000E-44  3.2000E-45  5.2000E+00  5.3000E+01  1.1873E+22  5.3214E+20  1.3210E+22
2.8213E-15  1.3000E-15  3.8188E-15  1.6105E-14  3.5703E-21  3.0000E-44  3.2000E-45  5.2000E+00  5.3000E+01  1.2674E+22  1.2513E+21  1.1691E+22
1.5442E-15  1.3000E-15  4.6401E-15  1.2798E-14  3.6527E-21  3.0000E-44  3.2000E-45  5.2000E+00  5.3000E+01  1.2925E+22  7.7679E+20  1.1914E+22
4.1611E-15  1.3000E-15  5.1516E-15  1.6804E-14  1.4271E-21  3.0000E-44  3.2000E-45  5.2000E+00  5.3000E+01  1.0091E+22  1.7191E+21  1.3806E+22
4.1852E-15  1.3000E-15  1.2880E-15  1.8150E-14  3.0251E-21  3.0000E-44  3.2000E-45  5.2000E+00  5.3000E+01  1.3934E+22  2.1013E+21  9.5810E+21
5.3746E-15  1.3000E-15  6.1556E-15  2.0516E-14  2.6251E-21  3.0000E-44  3.2000E-45  5.2000E+00  5.3000E+01  9.1520E+21  1.5197E+21  1.4944E+22
3.6432E-15  1.3000E-15  8.8129E-15  1.8216E-14  4.6808E-21  3.0000E-44  3.2000E-45  5.2000E+00  5.3000E+01  8.8315E+21  8.5171E+20  1.5933E+22
5.7867E-15  1.3000E-15  2.0416E-15  8.0883E-15  3.2398E-21  3.0000E-44  3.2000E-45  5.2000E+00  5.3000E+01  1.2117E+22  3.8849E+21  9.6135E+21
5.9378E-15  1.3000E-15  1.0853E-15  9.5128E-15  4.0686E-21  3.0000E-44  3.2000E-45  5.2000E+00  5.3000E+01  1.3118E+22  3.8267E+21  8.6712E+21
4.9061E-15  1.3000E-15  4.2288E-15  1.8890E-14  2.3494E-21  3.0000E-44  3.2000E-45  5.2000E+00  5.3000E+01  1.0517E+22  1.7770E+21  1.3322E+22
2.6543E-15  1.3000E-15  1.3989E-15  4.3630E-15  6.0534E-21  3.0000E-44  3.2000E-45  5.2000E+00  5.3000E+01  1.6646E+22  2.8475E+21  6.1232E+21
4.4232E-15  1.3000E-15  6.3172E-15  1.3794E-14  2.0385E-21  3.0000E-44  3.2000E-45  5.2000E+00  5.3000E+01  9.4494E+21  1.7796E+21  1.4387E+22
1.7342E-15  1.3000E-15  7.0592E-15  2.0789E-14  2.8364E-21  3.0000E-44  3.2000E-45  5.2000E+00  5.3000E+01  1.0496E+22  5.4825E+20  1.4571E+22
3.6926E-15  1.3000E-15  8.2612E-15  1.0808E-14  6.9608E-21  3.0000E-44  3.2000E-45  5.2000E+00  5.3000E+01  9.5140E+21  9.4663E+20  1.5155E+22
4.4232E-15  1.3000E-15  1.7695E-15  2.1561E-14  2.0371E-21  3.0000E-44  3.2000E-45  5.2000E+00  5.3000E+01  1.2817E+22  1.9072E+21  1.0891E+22
5.1325E-15  1.3000E-15  8.0313E-15  2.0624E-14  6.4872E-21  3.0000E-44  3.2000E-45  5.2000E+00  5.3000E+01  8.9132E+21  9.9182E+20  1.5711E+22
2.3009E-15  1.3000E-15  8.1870E-15  1.6377E-14  3.4304E-21  3.0000E-44  3.2000E-45  5.2000E+00  5.3000E+01  9.5721E+21  7.0584E+20  1.5338E+22
7.3289E-16  1.3000E-15  1.6229E-15  3.4285E-15  4.2327E-21  3.0000E-44  3.2000E-45  5.2000E+00  5.3000E+01  1.8625E+22  1.1421E+21  5.8495E+21
4.1969E-15  1.3000E-15  5.8374E-15  1.3954E-14  6.9374E-21  3.0000E-44  3.2000E-45  5.2000E+00  5.3000E+01  1.0808E+22  1.1977E+21  1.3611E+22
3.3883E-15  1.3000E-15  7.4878E-15  1.5007E-14  4.2541E-21  3.0000E-44  3.2000E-45  5.2000E+00  5.3000E+01  9.6584E+21  1.0164E+21  1.4941E+22
2.0150E-15  1.3000E-15  5.3704E-15  1.6932E-14  6.6005E-21  3.0000E-44  3.2000E-45  5.2000E+00  5.3000E+01  1.2104E+22  6.2748E+20  1.2885E+22
5.3895E-15  1.3000E-15  5.4012E-15  2.0235E-14  4.9344E-21  3.0000E-44  3.2000E-45  5.2000E+00  5.3000E+01  1.0081E+22  1.4019E+21  1.4133E+22
2.3139E-15  1.3000E-15  8.7559E-15  1.0879E-14  3.8048E-21  3.0000E-44  3.2000E-45  5.2000E+00  5.3000E+01  9.3550E+21  8.0053E+20  1.5460E+22
4.6978E-15  1.3000E-15  5.7896E-15  1.1277E-14  4.5118E-21  3.0000E-44  3.2000E-45  5.2000E+00  5.3000E+01  1.0327E+22  1.7381E+21  1.3551E+22
3.7309E-15  1.3000E-15  5.2830E-15  6.7513E-15  1.2884E-21  3.0000E-44  3.2000E-45  5.2000E+00  5.3000E+01  1.0258E+22  2.8290E+21  1.2528E+22
2.2659E-15  1.3000E-15  9.1099E-15  2.1662E-14  6.4387E-21  3.0000E-44  3.2000E-45  5.2000E+00  5.3000E+01  9.2202E+21  4.4091E+20  1.5955E+22
1.6712E-15  1.3000E-15  2.7106E-15  6.7605E-15  5.1028E-21  3.0000E-44  3.2000E-45  5.2000E+00  5.3000E+01  1.5572E+22  1.3170E+21  8.7291E+21
2.9344E-15  1.3000E-15  4.6761E-15  4.5480E-15  3.9461E-21  3.0000E-44  3.2000E-45  5.2000E+00  5.3000E+01  1.2232E+22  2.0374E+21  1.1347E+22
5.1295E-15  1.3000E-15  3.2521E-15  1.2201E-14  3.1337E-21  3.0000E-44  3.2000E-45  5.2000E+00  5.3000E+01  1.1481E+22  2.5148E+21  1.1620E+22
1.2124E-15  1.3000E-15  3.9439E-15  3.9106E-15  1.9117E-21  3.0000E-44  3.2000E-45  5.2000E+00  5.3000E+01  1.3862E+22  1.4547E+21  1.0300E+22
1.3268E-15  1.3000E-15  4.0509E-15  1.1151E-14  6.0563E-21  3.0000E-44  3.2000E-45  5.2000E+00  5.3000E+01  1.4050E+22  6.4361E+20  1.0923E+22
4.8183E-15  1.3000E-15  4.9051E-15  2.1309E-14  6.2870E-21  3.0000E-44  3.2000E-45  5.2000E+00  5.3000E+01  1.0883E+22  1.2145E+21  1.3519E+22
5.4231E-15  1.3000E-15  3.0596E-15  4.4989E-15  1.2703E-21  3.0000E-44  3.2000E-45  5.2000E+00  5.3000E+01  1.0412E+22  5.4987E+21  9.7054E+21
3.1468E-15  1.3000E-15  9.0447E-15  3.3469E-15  2.1034E-21  3.0000E-44  3.2000E-45  5.2000E+00  5.3000E+01  8.7855E+21  2.0672E+21  1.4763E+22
5.9226E-15  1.3000E-15  3.6590E-15  2.9076E-15  1.4793E-21  3.0000E-44  3.2000E-45  5.2000E+00  5.3000E+01  9.7759E+21  6.4698E+21  9.3709E+21
4.3669E-15  1.3000E-15  5.1806E-15  1.9273E-14  1.8943E-21  3.0000E-44  3.2000E-45  5.2000E+00  5.3000E+01  1.0069E+22  1.5489E+21  1.3998E+22
4.7004E-15  1.3000E-15  2.8507E-15  9.9904E-15  6.2454E-21  3.0000E-44  3.2000E-45  5.2000E+00  5.3000E+01  1.3106E+22  2.2642E+21  1.0246E+22
4.1847E-15  1.3000E-15  3.4711E-15  3.6417E-15  6.8509E-21  3.0000E-44  3.2000E-45  5.2000E+00  5.3000E+01  1.3386E+22  2.6437E+21  9.5882E+21
3.0236E-15  1.3000E-15  7.8406E-15  3.2788E-15  1.9557E-21  3.0000E-44  3.2000E-45  5.2000E+00  5.3000E+01  9.4248E+21  2.2840E+21  1.3907E+22
4.9001E-15  1.3000E-15  9.4523E-15  1.3403E-14  2.8695E-21  3.0000E-44  3.2000E-45  5.2000E+00  5.3000E+01  7.9607E+21  1.4567E+21  1.6199E+22
1.0710E-15  1.3000E-15  9.1237E-15  6.3312E-15  3.7480E-21  3.0000E-44  3.2000E-45  5.2000E+00  5.3000E+01  9.6475E+21  4.6185E+20  1.5507E+22
1.7812E-15  1.3000E-15  6.8213E-15  1.3308E-14  4.9343E-21  3.0000E-44  3.2000E-45  5.2000E+00  5.3000E+01  1.0922E+22  6.1088E+20  1.4083E+22
4.0479E-15  1.3000E-15  4.2755E-15  1.1404E-14  5.4230E-21  3.0000E-44  3.2000E-45  5.2000E+00  5.3000E+01  1.1958E+22  1.6751E+21  1.1983E+22
5.7518E-15  1.3000E-15  3.5197E-15  9.4290E-15  6.2074E-21  3.0000E-44  3.2000E-45  5.2000E+00  5.3000E+01  1.1964E+22  2.4739E+21  1.1178E+22
3.9235E-15  1.3000E-15  8.2153E-15  1.0996E-14  7.0226E-22  3.0000E-44  3.2000E-45  5.2000E+00  5.3000E+01  8.3033E+21  1.9624E+21  1.5350E+22
2.6987E-15  1.3000E-15  8.0051E-15  1.1884E-14  2.2278E-21  3.0000E-44  3.2000E-45  5.2000E+00  5.3000E+01  9.3883E+21  1.1233E+21  1.5104E+22
3.3863E-15  1.3000E-15  2.8116E-15  3.4152E-15  2.9831E-21  3.0000E-44  3.2000E-45  5.2000E+00  5.3000E+01  1.3323E+22  3.7108E+21  8.5836E+21
5.4177E-15  1.3000E-15  4.9269E-15  6.1390E-15  1.2688E-21  3.0000E-44  3.2000E-45  5.2000E+00  5.3000E+01  9.4167E+21  4.0250E+21  1.2174E+22
2.9197E-15  1.3000E-15  4.9575E-15  1.1140E-14  5.0691E-21  3.0000E-44  3.2000E-45  5.2000E+00  5.3000E+01  1.1942E+22  1.2343E+21  1.2440E+22
1.8072E-15  1.3000E-15  1.5445E-15  1.9138E-14  5.0238E-21  3.0000E-44  3.2000E-45  5.2000E+00  5.3000E+01  1.6918E+22  9.9148E+20  7.7081E+21
7.3639E-16  1.3000E-15  7.7633E-15  2.9673E-15  2.6668E-21  3.0000E-44  3.2000E-45  5.2000E+00  5.3000E+01  1.0681E+22  5.3327E+20  1.4401E+22
3.4956E-15  1.3000E-15  5.3281E-15  6.4014E-15  3.3251E-21  3.0000E-44  3.2000E-45  5.2000E+00  5.3000E+01  1.1132E+22  2.0813E+21  1.2402E+22
5.0314E-15  1.3000E-15  4.0027E-15  1.0305E-14  2.9702E-21  3.0000E-44  3.2000E-45  5.2000E+00  5.3000E+01  1.0978E+22  2.5831E+21  1.2055E+22
6.1085E-16  1.3000E-15  3.9568E-15  7.2777E-15  1.4877E-21  3.0000E-44  3.2000E-45  5.2000E+00  5.3000E+01  1.4460E+22  6.2617E+20  1.0529E+22
3.4755E-15  1.3000E-15  4.8033E-15  2.6671E-15  6.5277E-21  3.0000E-44  3.2000E-45  5.2000E+00  5.3000E+01  1.2484E+22  1.9888E+21  1.1143E+22
4.9723E-15  1.3000E-15  6.4459E-15  1.6609E-14  6.0964E-21  3.0000E-44  3.2000E-45  5.2000E+00  5.3000E+01  9.9015E+21  1.2581E+21  1.4456E+22
7.6302E-16  1.3000E-15  5.0414E-15  1.8954E-14  6.3973E-21  3.0000E-44  3.2000E-45  5.2000E+00  5.3000E+01  1.3201E+22  2.5603E+20  1.2159E+22
1.2480E-15  1.3000E-15  7.4441E-15  1.5679E-14  2.0270E-21  3.0000E-44  3.2000E-45  5.2000E+00  5.3000E+01  1.0464E+22  5.1091E+20  1.4641E+22
3.2551E-15  1.3000E-15  9.2476E-15  1.0918E-14  2.3574E-21  3.0000E-44  3.2000E-45  5.2000E+00  5.3000E+01  8.5476E+21  1.2455E+21  1.5823E+22
5.2176E-15  1.3000E-15  5.4043E-15  1.0522E-14  6.5527E-21  3.0000E-44  3.2000E-45  5.2000E+00  5.3000E+01  1.0803E+22  1.7341E+21  1.3079E+22
3.9739E-15  1.3000E-15  8.8199E-15  1.5178E-14  3.6439E-21  3.0000E-44  3.2000E-45  5.2000E+00  5.3000E+01  8.6384E+21  1.1046E+21  1.5873E+22
3.4977E-15  1.3000E-15  5.4676E-15  6.1440E-15  1.8891E-21  3.0000E-44  3.2000E-45  5.2000E+00  5.3000E+01  1.0559E+22  2.5332E+21  1.2523E+22
3.5359E-15  1.3000E-15  5.4625E-15  1.9024E-14  5.3141E-21  3.0000E-44  3.2000E-45  5.2000E+00  5.3000E+01  1.1017E+22  1.0221E+21  1.3577E+22
4.3139E-15  1.3000E-15  2.7764E-15  1.8418E-14  2.3865E-21  3.0000E-44  3.2000E-45  5.2000E+00  5.3000E+01  1.2101E+22  1.8776E+21  1.1637E+22
5.7250E-15  1.3000E-15  9.4022E-15  1.9926E-14  2.9538E-21  3.0000E-44  3.2000E-45  5.2000E+00  5.3000E+01  7.6432E+21  1.2908E+21  1.6682E+22
2.7918E-15  1.3000E-15  3.3619E-15  6.5828E-15  2.0156E-21  3.0000E-44  3.2000E-45  5.2000E+00  5.3000E+01  1.2887E+22  2.5069E+21  1.0222E+22
4.0311E-15  1.3000E-15  4.3971E-15  1.8380E-14  4.3886E-21  3.0000E-44  3.2000E-45  5.2000E+00  5.3000E+01  1.1435E+22  1.3556E+21  1.2826E+22
3.3133E-15  1.3000E-15  2.6108E-15  4.2958E-15  3.1069E-21  3.0000E-44  3.2000E-45  5.2000E+00  5.3000E+01  1.3630E+22  3.3978E+21  8.5895E+21
4.3028E-15  1.3000E-15  8.9545E-15  1.1017E-14  1.9432E-21  3.0000E-44  3.2000E-45  5.2000E+00  5.3000E+01  1.9261E+22  2.8141E+21  3.5411E+21
5.1305E-15  1.3000E-15  1.7158E-15  2.1528E-14  6.6975E-21  3.0000E-44  3.2000E-45  5.2000E+00  5.3000E+01  1.8182E+22  2.4879E+21  4.9461E+21
5.2608E-15  1.3000E-15  6.4484E-15  1.8211E-14  1.4203E-21  3.0000E-44  3.2000E-45  5.2000E+00  5.3000E+01  1.9256E+22  1.4854E+21  4.8742E+21
5.4181E-15  1.3000E-15  2.2214E-15  7.4734E-15  2.3752E-21  3.0000E-44  3.2000E-45  5.2000E+00  5.3000E+01  1.9340E+22  1.2155E+21  5.0609E+21
1.2904E-15  1.3000E-15  2.5973E-15  6.1658E-15  5.4616E-21  3.0000E-44  3.2000E-45  5.2000E+00  5.3000E+01  2.0857E+22  1.0763E+21  3.6823E+21
2.4904E-15  1.3000E-15  1.6949E-15  6.7188E-15  3.2104E-21  3.0000E-44  3.2000E-45  5.2000E+00  5.3000E+01  2.0747E+22  1.3723E+21  3.4966E+21
4.5992E-15  1.3000E-15  5.7265E-15  1.2274E-14  2.2629E-21  3.0000E-44  3.2000E-45  5.2000E+00  5.3000E+01  1.9363E+22  2.7160E+21  3.5368E+21
2.6244E-15  1.3000E-15  8.8909E-15  2.0387E-14  4.4009E-21  3.0000E-44  3.2000E-45  5.2000E+00  5.3000E+01  1.8276E+22  2.3727E+21  4.9670E+21
4.0292E-15  1.3000E-15  2.6156E-15  1.2506E-14  5.4581E-21  3.0000E-44  3.2000E-45  5.2000E+00  5.3000E+01  1.9095E+22  1.4945E+21  5.0269E+21
2.3990E-15  1.3000E-15  6.5866E-15  1.4004E-14  4.3413E-21  3.0000E-44  3.2000E-45  5.2000E+00  5.3000E+01  1.8083E+22  2.3563E+21  5.1765E+21
2.1068E-15  1.3000E-15  1.9867E-15  1.4653E-14  1.7147E-21  3.0000E-44  3.2000E-45  5.2000E+00  5.3000E+01  1.7891E+22  2.9466E+21  4.7789E+21
2.7492E-15  1.3000E-15  3.5763E-15  1.5459E-14  4.8915E-21  3.0000E-44  3.2000E-45  5.2000E+00  5.3000E+01  1.8892E+22  3.3459E+21  3.3783E+21
5.4392E-15  1.3000E-15  4.2626E-15  2.2537E-15  6.6335E-21  3.0000E-44  3.2000E-45  5.2000E+00  5.3000E+01  2.0136E+22  1.2597E+21  4.2201E+21
5.9094E-15  1.3000E-15  6.4461E-15  1.1349E-14  3.5493E-21  3.0000E-44  3.2000E-45  5.2000E+00  5.3000E+01  2.0040E+22  1.5367E+21  4.0396E+21
4.5251E-15  1.3000E-15  7.7664E-15  1.8544E-14  2.2332E-21  3.0000E-44  3.2000E-45  5.2000E+00  5.3000E+01  2.1423E+22  1.7810E+21  2.4123E+21
4.4645E-15  1.3000E-15  4.6428E-15  5.8753E-15  5.2253E-21  3.0000E-44  3.2000E-45  5.2000E+00  5.3000E+01  2.0007E+22  2.9100E+21  2.6990E+21
1.7723E-15  1.3000E-15  2.2190E-15  1.8603E-14  1.8099E-21  3.0000E-44  3.2000E-45  5.2000E+00  5.3000E+01  1.8920E+22  2.5667E+21  4.1294E+21
5.6998E-15  1.3000E-15  7.1814E-15  1.2587E-14  2.8952E-21  3.0000E-44  3.2000E-45  5.2000E+00  5.3000E+01  2.0045E+22  2.9772E+21  2.5935E+21
1.1075E-15  1.3000E-15  6.9555E-15  1.2522E-14  2.0311E-21  3.0000E-44  3.2000E-45  5.2000E+00  5.3000E+01  2.1616E+22  1.5236E+21  2.4762E+21
1.9382E-15  1.3000E-15  7.0244E-15  1.8034E-14  6.0356E-21  3.0000E-44  3.2000E-45  5.2000E+00  5.3000E+01  2.1764E+22  1.1788E+21  2.6728E+21
2.8768E-15  1.3000E-15  2.4757E-15  1.9783E-14  5.0645E-21  3.0000E-44  3.2000E-45  5.2000E+00  5.3000E+01  1.9798E+22  2.0110E+21  3.8066E+21
3.4578E-15  1.3000E-15  8.1872E-15  6.1344E-15  3.6224E-21  3.0000E-44  3.2000E-45  5.2000E+00  5.3000E+01  1.8640E+22  2.9971E+21  3.9790E+21
5.5163E-15  1.3000E-15  7.4332E-15  2.5462E-15  1.3403E-21  3.0000E-44  3.2000E-45  5.2000E+00  5.3000E+01  1.7628E+22  2.6767E+21  5.3116E+21
1.6423E-15  1.3000E-15  9.0399E-15  1.0993E-14  5.7625E-21  3.0000E-44  3.2000E-45  5.2000E+00  5.3000E+01  1.7769E+22  2.2083E+21  5.6385E+21
2.2425E-15  1.3000E-15  5.5123E-15  1.7399E-14  7.0956E-22  3.0000E-44  3.2000E-45  5.2000E+00  5.3000E+01  1.9581E+22  1.8754E+21  4.1593E+21
5.0588E-15  1.3000E-15  1.3433E-15  1.0345E-14  3.6307E-21  3.0000E-44  3.2000E-45  5.2000E+00  5.3000E+01  1.8477E+22  2.8017E+21  4.3374E+21
2.4873E-15  1.3000E-15  4.4791E-15  1.8088E-14  2.7571E-21  3.0000E-44  3.2000E-45  5.2000E+00  5.3000E+01  1.9563E+22  3.1665E+21  2.8867E+21
3.3741E-15  1.3000E-15  4.7366E-15  1.7670E-14  2.9602E-21  3.0000E-44  3.2000E-45  5.2000E+00  5.3000E+01  1.9135E+22  4.1141E+21  2.3669E+21
3.0031E-15  1.3000E-15  9.2849E-15  2.7346E-15  3.1686E-21  3.0000E-44  3.2000E-45  5.2000E+00  5.3000E+01  2.0566E+22  2.1874E+21  2.8629E+21
1.8610E-15  1.3000E-15  4.0775E-15  1.6582E-14  4.8217E-21  3.0000E-44  3.2000E-45  5.2000E+00  5.3000E+01  1.9309E+22  1.9092E+21  4.3975E+21
3.2348E-15  1.3000E-15  2.3401E-15  1.2879E-14  6.5046E-21  3.0000E-44  3.2000E-45  5.2000E+00  5.3000E+01  1.9424E+22  1.5679E+21  4.6243E+21
6.6712E-16  1.3000E-15  5.3574E-15  6.5212E-15  1.0961E-21  3.0000E-44  3.2000E-45  5.2000E+00  5.3000E+01  1.8400E+22  2.3471E+21  4.8690E+21
2.3210E-15  1.3000E-15  8.2616E-15  8.1131E-15  3.5772E-21  3.0000E-44  3.2000E-45  5.2000E+00  5.3000E+01  1.8376E+22  3.6749E+21  3.5655E+21
4.7949E-15  1.3000E-15  1.9172E-15  1.2305E-14  1.2852E-21  3.0000E-44  3.2000E-45  5.2000E+00  5.3000E+01  1.9626E+22  2.4609E+21  3.5292E+21
8.8800E-16  1.3000E-15  7.1003E-15  1.5203E-14  5.2760E-21  3.0000E-44  3.2000E-45  5.2000E+00  5.3000E+01  1.9831E+22  1.9244E+21  3.8610E+21
3.7469E-15  1.3000E-15  6.9175E-15  1.3934E-14  5.4050E-21  3.0000E-44  3.2000E-45  5.2000E+00  5.3000E+01  1.8632E+22  1.7034E+21  5.2811E+21
1.8961E-15  1.3000E-15  2.2985E-15  1.9379E-14  4.4892E-21  3.0000E-44  3.2000E-45  5.2000E+00  5.3000E+01  2.0469E+22  1.3288E+21  3.8181E+21
3.1197E-15  1.3000E-15  3.5957E-15  1.5402E-14  4.7632E-21  3.0000E-44  3.2000E-45  5.2000E+00  5.3000E+01  2.0570E+22  1.0463E+21  4.0001E+21
1.0572E-15  1.3000E-15  1.9597E-15  6.8265E-15  6.8188E-21  3.0000E-44  3.2000E-45  5.2000E+00  5.3000E+01  2.2081E+22  1.2180E+21  2.3165E+21
4.9504E-15  1.3000E-15  6.7263E-15  5.5631E-15  2.3101E-21  3.0000E-44  3.2000E-45  5.2000E+00  5.3000E+01  2.0597E+22  2.3664E+21  2.6525E+21
4.9965E-15  1.3000E-15  9.1178E-15  1.7809E-14  6.5924E-21  3.0000E-44  3.2000E-45  5.2000E+00  5.3000E+01  2.1741E+22  1.2342E+21  2.6409E+21
2.5599E-15  1.3000E-15  3.5799E-15  1.6897E-14  3.5626E-21  3.0000E-44  3.2000E-45  5.2000E+00  5.3000E+01  2.1839E+22  1.0005E+21  2.7768E+21
2.6464E-15  1.3000E-15  5.8559E-15  7.6897E-15  4.0188E-21  3.0000E-44  3.2000E-45  5.2000E+00  5.3000E+01  2.0336E+22  8.7338E+20  4.4063E+21
5.0252E-15  1.3000E-15  5.2177E-15  2.1412E-14  2.6467E-21  3.0000E-44  3.2000E-45  5.2000E+00  5.3000E+01  1.9209E+22  1.7311E+21  4.6755E+21
5.2455E-15  1.3000E-15  5.6624E-15  2.1034E-14  4.3760E-21  3.0000E-44  3.2000E-45  5.2000E+00  5.3000E+01  1.8640E+22  2.9971E+21  3.9790E+21
2.7015E-15  1.3000E-15  2.4809E-15  7.6126E-15  2.9796E-21  3.0000E-44  3.2000E-45  5.2000E+00  5.3000E+01  1.7628E+22  2.6767E+21  5.3116E+21
3.0758E-15  1.3000E-15  5.2801E-15  1.0846E-14  5.8365E-21  3.0000E-44  3.2000E-45  5.2000E+00  5.3000E+01  1.7769E+22  2.2083E+21  5.6385E+21
2.1359E-15  1.3000E-15  5.0213E-15  2.0406E-14  6.0213E-21  3.0000E-44  3.2000E-45  5.2000E+00  5.3000E+01  1.8701E+22  1.4670E+21  5.4479E+21
2.7074E-15  1.3000E-15  7.2646E-15  1.1375E-14  6.7362E-21  3.0000E-44  3.2000E-45  5.2000E+00  5.3000E+01  1.9552E+22  1.9587E+21  4.1057E+21
2.2118E-15  1.3000E-15  2.7444E-15  1.9657E-14  3.9647E-21  3.0000E-44  3.2000E-45  5.2000E+00  5.3000E+01  1.9675E+22  1.6050E+21  4.3355E+21
2.4496E-15  1.3000E-15  3.3630E-15  1.2358E-14  5.6889E-21  3.0000E-44  3.2000E-45  5.2000E+00  5.3000E+01  2.1017E+22  1.8229E+21  2.7758E+21
1.4399E-15  1.3000E-15  6.9324E-15  3.2678E-15  4.0550E-21  3.0000E-44  3.2000E-45  5.2000E+00  5.3000E+01  1.9766E+22  2.6875E+21  3.1625E+21
2.7272E-15  1.3000E-15  5.5533E-15  1.3410E-14  3.6603E-21  3.0000E-44  3.2000E-45  5.2000E+00  5.3000E+01  1.8277E+22  2.1914E+21  5.1479E+21
2.2805E-15  1.3000E-15  7.9064E-15  2.0315E-14  6.6504E-21  3.0000E-44  3.2000E-45  5.2000E+00  5.3000E+01  1.9311E+22  1.3103E+21  4.9949E+21
3.1134E-15  1.3000E-15  3.1607E-15  3.4229E-15  4.9386E-21  3.0000E-44  3.2000E-45  5.2000E+00  5.3000E+01  1.9210E+22  1.6324E+21  4.7740E+21
5.2049E-15  1.3000E-15  4.3264E-15  4.5473E-15  2.0826E-21  3.0000E-44  3.2000E-45  5.2000E+00  5.3000E+01  2.0474E+22  1.8855E+21  3.2569E+21
3.3006E-15  1.3000E-15  8.7344E-15  2.1328E-14  5.6688E-21  3.0000E-44  3.2000E-45  5.2000E+00  5.3000E+01  1.9424E+22  1.5679E+21  4.6243E+21
4.0250E-15  1.3000E-15  2.1477E-15  1.6063E-14  1.7077E-21  3.0000E-44  3.2000E-45  5.2000E+00  5.3000E+01  1.9309E+22  1.9092E+21  4.3975E+21
3.6293E-15  1.3000E-15  6.3351E-15  1.9925E-14  6.0333E-21  3.0000E-44  3.2000E-45  5.2000E+00  5.3000E+01  1.8226E+22  2.8598E+21  4.5298E+21
5.1657E-15  1.3000E-15  4.1478E-15  2.7980E-15  3.3339E-21  3.0000E-44  3.2000E-45  5.2000E+00  5.3000E+01  1.9280E+22  3.2304E+21  3.1060E+21
4.9202E-15  1.3000E-15  9.0633E-15  8.5013E-15  6.5187E-21  3.0000E-44  3.2000E-45  5.2000E+00  5.3000E+01  2.1188E+22  1.3166E+21  3.1118E+21
1.2779E-15  1.3000E-15  3.7443E-15  9.2823E-15  3.2698E-21  3.0000E-44  3.2000E-45  5.2000E+00  5.3000E+01  1.9875E+22  2.3357E+21  3.4049E+21
3.6399E-15  1.3000E-15  9.2411E-15  1.7469E-14  1.6224E-21  3.0000E-44  3.2000E-45  5.2000E+00  5.3000E+01  1.9615E+22  2.9693E+21  3.0318E+21
5.5789E-15  1.3000E-15  7.4294E-15  9.2738E-15  1.1276E-21  3.0000E-44  3.2000E-45  5.2000E+00  5.3000E+01  1.8522E+22  2.5909E+21  4.5033E+21
5.8265E-15  1.3000E-15  4.3089E-15  1.8934E-14  5.8184E-21  3.0000E-44  3.2000E-45  5.2000E+00  5.3000E+01  1.8894E+22  2.2057E+21  4.5159E+21
1.2192E-15  1.3000E-15  2.9370E-15  2.0399E-14  4.6040E-21  3.0000E-44  3.2000E-45  5.2000E+00  5.3000E+01  2.0079E+22  2.5049E+21  3.0322E+21
1.7455E-15  1.3000E-15  5.0896E-15  1.5452E-14  6.8916E-21  3.0000E-44  3.2000E-45  5.2000E+00  5.3000E+01  1.9758E+22  3.2426E+21  2.6150E+21
4.1666E-15  1.3000E-15  4.6361E-15  4.6271E-15  3.0336E-21  3.0000E-44  3.2000E-45  5.2000E+00  5.3000E+01  2.1282E+22  1.8326E+21  2.5012E+21
2.2837E-15  1.3000E-15  2.1685E-15  2.7254E-15  6.4029E-21  3.0000E-44  3.2000E-45  5.2000E+00  5.3000E+01  1.9017E+22  2.3829E+21  4.2161E+21
1.9621E-15  1.3000E-15  8.5569E-15  7.9891E-15  5.1759E-21  3.0000E-44  3.2000E-45  5.2000E+00  5.3000E+01  1.8810E+22  2.9433E+21  3.8631E+21
1.2933E-15  1.3000E-15  5.0225E-15  1.0068E-14  4.6583E-21  3.0000E-44  3.2000E-45  5.2000E+00  5.3000E+01  2.0017E+22  1.8832E+21  3.7162E+21
5.3385E-15  1.3000E-15  6.3801E-15  1.4518E-14  1.6211E-21  3.0000E-44  3.2000E-45  5.2000E+00  5.3000E+01  1.8798E+22  1.6539E+21  5.1645E+21
2.1804E-15  1.3000E-15  8.7051E-15  1.0063E-14  5.3568E-21  3.0000E-44  3.2000E-45  5.2000E+00  5.3000E+01  1.8807E+22  2.5420E+21  4.2669E+21
5.1558E-15  1.3000E-15  1.5836E-15  1.0413E-14  3.2242E-21  3.0000E-44  3.2000E-45  5.2000E+00  5.3000E+01  1.7746E+22  2.2876E+21  5.5825E+21
3.3497E-15  1.3000E-15  5.6861E-15  1.8926E-14  2.3415E-21  3.0000E-44  3.2000E-45  5.2000E+00  5.3000E+01  1.8686E+22  1.5195E+21  5.4107E+21
3.6552E-15  1.3000E-15  7.9714E-15  1.7575E-14  1.5965E-21  3.0000E-44  3.2000E-45  5.2000E+00  5.3000E+01  1.8586E+22  1.8546E+21  5.1758E+21
5.3542E-15  1.3000E-15  2.9315E-15  6.5997E-15  5.0449E-21  3.0000E-44  3.2000E-45  5.2000E+00  5.3000E+01  1.8049E+22  2.8866E+21  4.6806E+21
3.0988E-15  1.3000E-15  2.9193E-15  7.1535E-15  1.8029E-21  3.0000E-44  3.2000E-45  5.2000E+00  5.3000E+01  1.8248E+22  2.2816E+21  5.0861E+21
5.5543E-15  1.3000E-15  2.0780E-15  5.3035E-15  1.4292E-21  3.0000E-44  3.2000E-45  5.2000E+00  5.3000E+01  1.9294E+22  1.3637E+21  4.9579E+21
2.7460E-15  1.3000E-15  3.6382E-15  1.7200E-14  3.9652E-21  3.0000E-44  3.2000E-45  5.2000E+00  5.3000E+01  2.0603E+22  1.5545E+21  3.4580E+21
2.1205E-15  1.3000E-15  7.0112E-15  1.8719E-14  6.2914E-21  3.0000E-44  3.2000E-45  5.2000E+00  5.3000E+01  1.8186E+22  2.2988E+21  5.1314E+21
4.7242E-15  1.3000E-15  2.7899E-15  1.5652E-14  4.0604E-21  3.0000E-44  3.2000E-45  5.2000E+00  5.3000E+01  1.8024E+22  2.7959E+21  4.7963E+21
5.6701E-15  1.3000E-15  1.3599E-15  1.4512E-14  3.9636E-21  3.0000E-44  3.2000E-45  5.2000E+00  5.3000E+01  1.9064E+22  3.1486E+21  3.4033E+21
1.5311E-15  1.3000E-15  2.8876E-15  2.0419E-14  6.0091E-21  3.0000E-44  3.2000E-45  5.2000E+00  5.3000E+01  2.0306E+22  2.1250E+21  3.1854E+21
3.3705E-15  1.3000E-15  4.1196E-15  1.7489E-14  2.7163E-21  3.0000E-44  3.2000E-45  5.2000E+00  5.3000E+01  1.9171E+22  2.8830E+21  3.5623E+21
4.0385E-15  1.3000E-15  5.3388E-15  9.2517E-15  3.0514E-21  3.0000E-44  3.2000E-45  5.2000E+00  5.3000E+01  1.8098E+22  2.5717E+21  4.9461E+21
3.6191E-15  1.3000E-15  2.5786E-15  1.2836E-14  4.5413E-21  3.0000E-44  3.2000E-45  5.2000E+00  5.3000E+01  1.9120E+22  1.7140E+21  4.7822E+21
2.5037E-15  1.3000E-15  8.5792E-15  9.5183E-15  2.6808E-21  3.0000E-44  3.2000E-45  5.2000E+00  5.3000E+01  1.8977E+22  2.1442E+21  4.4949E+21
2.2534E-15  1.3000E-15  2.8342E-15  2.0943E-14  1.3077E-21  3.0000E-44  3.2000E-45  5.2000E+00  5.3000E+01  2.0376E+22  1.0802E+21  4.1601E+21
7.4826E-16  1.3000E-15  6.9135E-15  1.3250E-14  3.1963E-21  3.0000E-44  3.2000E-45  5.2000E+00  5.3000E+01  2.0293E+22  1.3175E+21  4.0053E+21
3.2106E-15  1.3000E-15  1.9358E-15  8.8064E-15  6.8632E-21  3.0000E-44  3.2000E-45  5.2000E+00  5.3000E+01  2.1734E+22  1.5329E+21  2.3493E+21
5.5568E-15  1.3000E-15  8.3981E-15  1.2380E-14  2.9201E-21  3.0000E-44  3.2000E-45  5.2000E+00  5.3000E+01  2.0273E+22  2.6977E+21  2.6450E+21
1.5417E-15  1.3000E-15  6.8786E-15  1.8581E-14  5.4680E-21  3.0000E-44  3.2000E-45  5.2000E+00  5.3000E+01  2.0726E+22  1.7101E+21  3.1795E+21
2.4285E-15  1.3000E-15  1.5746E-15  8.7023E-15  1.5092E-21  3.0000E-44  3.2000E-45  5.2000E+00  5.3000E+01  1.9423E+22  1.4692E+21  4.7235E+21
2.6244E-15  1.3000E-15  5.6000E-15  1.4810E-14  3.9601E-21  3.0000E-44  3.2000E-45  5.2000E+00  5.3000E+01  1.8266E+22  2.6626E+21  4.6874E+21
2.8806E-15  1.3000E-15  8.2041E-15  7.4813E-15  4.3513E-21  3.0000E-44  3.2000E-45  5.2000E+00  5.3000E+01  1.8448E+22  2.1060E+21  5.0616E+21
3.9335E-15  1.3000E-15  1.4009E-15  1.7523E-14  6.6398E-21  3.0000E-44  3.2000E-45  5.2000E+00  5.3000E+01  2.1002E+22  1.7691E+21  2.8449E+21
8.7226E-16  1.3000E-15  4.0698E-15  1.7515E-14  6.0468E-21  3.0000E-44  3.2000E-45  5.2000E+00  5.3000E+01  1.9540E+22  3.1442E+21  2.9318E+21
3.6024E-15  1.3000E-15  7.5602E-15  7.7064E-15  4.3463E-21  3.0000E-44  3.2000E-45  5.2000E+00  5.3000E+01  1.9834E+22  2.4384E+21  3.3432E+21
4.4432E-15  1.3000E-15  6.8377E-15  5.4356E-15  3.3641E-21  3.0000E-44  3.2000E-45  5.2000E+00  5.3000E+01  1.8669E+22  2.1546E+21  4.7921E+21
