3.4461E-15  1.2930E-14  9.6000E-16  2.2000E-15  7.0000E-22  3.0000E-44  3.2000E-45  5.2000E+00  5.3000E+01  1.7814E+22  3.5264E+21  4.2759E+21
2.6886E-15  8.8733E-15  9.6000E-16  2.2000E-15  7.0000E-22  3.0000E-44  3.2000E-45  5.2000E+00  5.3000E+01  1.7756E+22  3.5754E+21  4.2849E+21
5.9784E-15  2.5661E-15  9.6000E-16  2.2000E-15  7.0000E-22  3.0000E-44  3.2000E-45  5.2000E+00  5.3000E+01  1.1003E+22  9.2754E+21  5.3378E+21
6.8657E-16  7.7010E-15  9.6000E-16  2.2000E-15  7.0000E-22  3.0000E-44  3.2000E-45  5.2000E+00  5.3000E+01  2.0607E+22  1.1661E+21  3.8426E+21
3.4136E-15  2.0503E-15  9.6000E-16  2.2000E-15  7.0000E-22  3.0000E-44  3.2000E-45  5.2000E+00  5.3000E+01  1.3612E+22  7.0741E+21  4.9299E+21
1.7255E-15  4.4888E-15  9.6000E-16  2.2000E-15  7.0000E-22  3.0000E-44  3.2000E-45  5.2000E+00  5.3000E+01  1.7908E+22  3.4467E+21  4.2612E+21
3.2621E-15  2.9413E-15  9.6000E-16  2.2000E-15  7.0000E-22  3.0000E-44  3.2000E-45  5.2000E+00  5.3000E+01  1.4484E+22  6.3384E+21  4.7940E+21
5.8593E-15  9.6471E-15  9.6000E-16  2.2000E-15  7.0000E-22  3.0000E-44  3.2000E-45  5.2000E+00  5.3000E+01  1.4757E+22  6.1074E+21  4.7513E+21
1.1627E-15  6.5990E-15  9.6000E-16  2.2000E-15  7.0000E-22  3.0000E-44  3.2000E-45  5.2000E+00  5.3000E+01  1.9553E+22  2.0574E+21  4.0061E+21
1.2277E-15  2.8944E-15  9.6000E-16  2.2000E-15  7.0000E-22  3.0000E-44  3.2000E-45  5.2000E+00  5.3000E+01  1.8364E+22  3.0614E+21  4.1904E+21
3.2080E-15  1.5814E-15  9.6000E-16  2.2000E-15  7.0000E-22  3.0000E-44  3.2000E-45  5.2000E+00  5.3000E+01  1.3550E+22  7.1262E+21  4.9395E+21
9.6794E-16  1.7689E-15  9.6000E-16  2.2000E-15  7.0000E-22  3.0000E-44  3.2000E-45  5.2000E+00  5.3000E+01  1.8575E+22  2.8833E+21  4.1577E+21
3.4569E-15  8.6858E-15  9.6000E-16  2.2000E-15  7.0000E-22  3.0000E-44  3.2000E-45  5.2000E+00  5.3000E+01  1.6778E+22  4.4015E+21  4.4369E+21
5.9351E-15  1.0093E-14  9.6000E-16  2.2000E-15  7.0000E-22  3.0000E-44  3.2000E-45  5.2000E+00  5.3000E+01  1.4845E+22  6.0334E+21  4.7376E+21
4.2253E-15  3.9729E-15  9.6000E-16  2.2000E-15  7.0000E-22  3.0000E-44  3.2000E-45  5.2000E+00  5.3000E+01  1.3835E+22  6.8857E+21  4.8951E+21
2.2124E-15  2.5896E-15  9.6000E-16  2.2000E-15  7.0000E-22  3.0000E-44  3.2000E-45  5.2000E+00  5.3000E+01  1.6056E+22  5.0111E+21  4.5491E+21
4.4741E-15  7.1383E-15  9.6000E-16  2.2000E-15  7.0000E-22  3.0000E-44  3.2000E-45  5.2000E+00  5.3000E+01  1.5114E+22  5.8063E+21  4.6957E+21
1.6172E-15  6.5756E-15  9.6000E-16  2.2000E-15  7.0000E-22  3.0000E-44  3.2000E-45  5.2000E+00  5.3000E+01  1.8739E+22  2.7450E+21  4.1323E+21
4.8313E-15  3.2461E-15  9.6000E-16  2.2000E-15  7.0000E-22  3.0000E-44  3.2000E-45  5.2000E+00  5.3000E+01  1.2663E+22  7.8750E+21  5.0781E+21
1.4549E-15  1.2297E-14  9.6000E-16  2.2000E-15  7.0000E-22  3.0000E-44  3.2000E-45  5.2000E+00  5.3000E+01  1.9937E+22  1.7326E+21  3.9465E+21
5.8377E-15  1.1828E-14  9.6000E-16  2.2000E-15  7.0000E-22  3.0000E-44  3.2000E-45  5.2000E+00  5.3000E+01  1.5450E+22  5.5223E+21  4.6433E+21
3.1756E-15  9.9050E-15  9.6000E-16  2.2000E-15  7.0000E-22  3.0000E-44  3.2000E-45  5.2000E+00  5.3000E+01  1.7433E+22  3.8477E+21  4.3350E+21
1.9852E-15  6.5521E-15  9.6000E-16  2.2000E-15  7.0000E-22  3.0000E-44  3.2000E-45  5.2000E+00  5.3000E+01  1.8125E+22  3.2635E+21  4.2275E+21
4.5283E-15  8.0293E-15  9.6000E-16  2.2000E-15  7.0000E-22  3.0000E-44  3.2000E-45  5.2000E+00  5.3000E+01  1.5401E+22  5.5639E+21  4.6510E+21
2.3098E-15  7.5134E-15  9.6000E-16  2.2000E-15  7.0000E-22  3.0000E-44  3.2000E-45  5.2000E+00  5.3000E+01  1.7905E+22  3.4493E+21  4.2617E+21
9.1383E-16  1.1570E-14  9.6000E-16  2.2000E-15  7.0000E-22  3.0000E-44  3.2000E-45  5.2000E+00  5.3000E+01  2.0595E+22  1.1762E+21  3.8444E+21
8.8136E-16  4.0433E-15  9.6000E-16  2.2000E-15  7.0000E-22  3.0000E-44  3.2000E-45  5.2000E+00  5.3000E+01  1.9583E+22  2.0320E+21  4.0014E+21
4.5824E-15  1.1992E-14  9.6000E-16  2.2000E-15  7.0000E-22  3.0000E-44  3.2000E-45  5.2000E+00  5.3000E+01  1.6544E+22  4.5986E+21  4.4731E+21
4.6257E-15  5.4501E-15  9.6000E-16  2.2000E-15  7.0000E-22  3.0000E-44  3.2000E-45  5.2000E+00  5.3000E+01  1.4189E+22  6.5868E+21  4.8398E+21
4.1170E-15  9.9754E-15  9.6000E-16  2.2000E-15  7.0000E-22  3.0000E-44  3.2000E-45  5.2000E+00  5.3000E+01  1.6448E+22  4.6798E+21  4.4881E+21
6.0000E-16  5.5908E-15  9.6000E-16  2.2000E-15  7.0000E-22  3.0000E-44  3.2000E-45  5.2000E+00  5.3000E+01  2.0533E+22  1.2290E+21  3.8541E+21
3.2297E-15  1.2484E-14  9.6000E-16  2.2000E-15  7.0000E-22  3.0000E-44  3.2000E-45  5.2000E+00  5.3000E+01  1.7943E+22  3.4169E+21  4.2557E+21
2.7860E-15  2.8709E-15  9.6000E-16  2.2000E-15  7.0000E-22  3.0000E-44  3.2000E-45  5.2000E+00  5.3000E+01  1.5195E+22  5.7378E+21  4.6831E+21
1.2926E-15  8.4044E-15  9.6000E-16  2.2000E-15  7.0000E-22  3.0000E-44  3.2000E-45  5.2000E+00  5.3000E+01  1.9649E+22  1.9760E+21  3.9911E+21
1.2818E-15  2.0737E-15  9.6000E-16  2.2000E-15  7.0000E-22  3.0000E-44  3.2000E-45  5.2000E+00  5.3000E+01  1.7853E+22  3.4932E+21  4.2698E+21
4.4850E-15  2.6130E-15  9.6000E-16  2.2000E-15  7.0000E-22  3.0000E-44  3.2000E-45  5.2000E+00  5.3000E+01  1.2606E+22  7.9231E+21  5.0870E+21
7.1904E-16  7.9355E-15  9.6000E-16  2.2000E-15  7.0000E-22  3.0000E-44  3.2000E-45  5.2000E+00  5.3000E+01  2.0572E+22  1.1960E+21  3.8481E+21
1.5956E-15  7.7948E-15  9.6000E-16  2.2000E-15  7.0000E-22  3.0000E-44  3.2000E-45  5.2000E+00  5.3000E+01  1.9052E+22  2.4807E+21  4.0838E+21
8.9218E-16  5.7315E-15  9.6000E-16  2.2000E-15  7.0000E-22  3.0000E-44  3.2000E-45  5.2000E+00  5.3000E+01  1.9920E+22  1.7465E+21  3.9490E+21
2.3423E-15  5.6377E-15  9.6000E-16  2.2000E-15  7.0000E-22  3.0000E-44  3.2000E-45  5.2000E+00  5.3000E+01  1.7260E+22  3.9938E+21  4.3618E+21
4.6689E-15  6.1535E-15  9.6000E-16  2.2000E-15  7.0000E-22  3.0000E-44  3.2000E-45  5.2000E+00  5.3000E+01  1.4483E+22  6.3394E+21  4.7941E+21
4.2685E-15  9.0844E-15  9.6000E-16  2.2000E-15  7.0000E-22  3.0000E-44  3.2000E-45  5.2000E+00  5.3000E+01  1.6026E+22  5.0360E+21  4.5537E+21
5.0152E-15  8.6623E-15  9.6000E-16  2.2000E-15  7.0000E-22  3.0000E-44  3.2000E-45  5.2000E+00  5.3000E+01  1.5155E+22  5.7713E+21  4.6893E+21
2.8076E-15  4.1605E-15  9.6000E-16  2.2000E-15  7.0000E-22  3.0000E-44  3.2000E-45  5.2000E+00  5.3000E+01  1.5890E+22  5.1509E+21  4.5749E+21
4.1711E-15  5.5439E-15  9.6000E-16  2.2000E-15  7.0000E-22  3.0000E-44  3.2000E-45  5.2000E+00  5.3000E+01  1.4746E+22  6.1171E+21  4.7531E+21
3.4353E-15  1.6517E-15  9.6000E-16  2.2000E-15  7.0000E-22  3.0000E-44  3.2000E-45  5.2000E+00  5.3000E+01  1.3253E+22  7.3769E+21  4.9859E+21
4.4092E-15  1.9096E-15  9.6000E-16  2.2000E-15  7.0000E-22  3.0000E-44  3.2000E-45  5.2000E+00  5.3000E+01  1.2138E+22  8.3182E+21  5.1602E+21
4.0846E-15  3.9261E-15  9.6000E-16  2.2000E-15  7.0000E-22  3.0000E-44  3.2000E-45  5.2000E+00  5.3000E+01  1.3980E+22  6.7638E+21  4.8725E+21
4.3876E-15  2.1910E-15  9.6000E-16  2.2000E-15  7.0000E-22  3.0000E-44  3.2000E-45  5.2000E+00  5.3000E+01  1.2396E+22  8.1003E+21  5.1198E+21
4.4525E-15  4.3481E-15  9.6000E-16  2.2000E-15  7.0000E-22  3.0000E-44  3.2000E-45  5.2000E+00  5.3000E+01  1.3789E+22  6.9251E+21  4.9023E+21
2.8725E-15  6.1066E-15  9.6000E-16  2.2000E-15  7.0000E-22  3.0000E-44  3.2000E-45  5.2000E+00  5.3000E+01  1.6647E+22  4.5116E+21  4.4571E+21
3.6733E-15  9.6236E-15  9.6000E-16  2.2000E-15  7.0000E-22  3.0000E-44  3.2000E-45  5.2000E+00  5.3000E+01  1.6809E+22  4.3747E+21  4.4319E+21
4.3551E-15  5.9894E-15  9.6000E-16  2.2000E-15  7.0000E-22  3.0000E-44  3.2000E-45  5.2000E+00  5.3000E+01  1.4747E+22  6.1164E+21  4.7530E+21
4.1603E-15  6.4583E-15  9.6000E-16  2.2000E-15  7.0000E-22  3.0000E-44  3.2000E-45  5.2000E+00  5.3000E+01  1.5173E+22  5.7565E+21  4.6865E+21
5.1126E-15  9.5064E-15  9.6000E-16  2.2000E-15  7.0000E-22  3.0000E-44  3.2000E-45  5.2000E+00  5.3000E+01  1.5355E+22  5.6026E+21  4.6582E+21
4.3443E-15  3.7385E-15  9.6000E-16  2.2000E-15  7.0000E-22  3.0000E-44  3.2000E-45  5.2000E+00  5.3000E+01  1.3548E+22  7.1281E+21  4.9399E+21
4.4309E-15  1.0186E-14  9.6000E-16  2.2000E-15  7.0000E-22  3.0000E-44  3.2000E-45  5.2000E+00  5.3000E+01  1.6201E+22  4.8887E+21  4.5266E+21
1.8770E-15  2.4489E-15  9.6000E-16  2.2000E-15  7.0000E-22  3.0000E-44  3.2000E-45  5.2000E+00  5.3000E+01  1.6656E+22  4.5040E+21  4.4557E+21
5.9026E-15  6.2238E-15  9.6000E-16  2.2000E-15  7.0000E-22  3.0000E-44  3.2000E-45  5.2000E+00  5.3000E+01  1.3322E+22  7.3191E+21  4.9752E+21
4.4200E-15  4.8405E-15  9.6000E-16  2.2000E-15  7.0000E-22  3.0000E-44  3.2000E-45  5.2000E+00  5.3000E+01  1.4101E+22  6.6616E+21  4.8537E+21
1.8012E-15  5.1453E-15  9.6000E-16  2.2000E-15  7.0000E-22  3.0000E-44  3.2000E-45  5.2000E+00  5.3000E+01  1.7999E+22  3.3699E+21  4.2471E+21
7.5150E-16  7.9824E-15  9.6000E-16  2.2000E-15  7.0000E-22  3.0000E-44  3.2000E-45  5.2000E+00  5.3000E+01  2.0518E+22  1.2419E+21  3.8565E+21
5.4914E-15  1.0421E-14  9.6000E-16  2.2000E-15  7.0000E-22  3.0000E-44  3.2000E-45  5.2000E+00  5.3000E+01  1.5317E+22  5.6349E+21  4.6641E+21
2.4830E-15  4.9343E-15  9.6000E-16  2.2000E-15  7.0000E-22  3.0000E-44  3.2000E-45  5.2000E+00  5.3000E+01  1.6761E+22  4.4154E+21  4.4394E+21
5.0369E-15  1.0890E-14  9.6000E-16  2.2000E-15  7.0000E-22  3.0000E-44  3.2000E-45  5.2000E+00  5.3000E+01  1.5848E+22  5.1865E+21  4.5814E+21
4.2036E-15  5.2625E-15  9.6000E-16  2.2000E-15  7.0000E-22  3.0000E-44  3.2000E-45  5.2000E+00  5.3000E+01  1.4570E+22  6.2657E+21  4.7805E+21
4.8637E-15  7.0679E-15  9.6000E-16  2.2000E-15  7.0000E-22  3.0000E-44  3.2000E-45  5.2000E+00  5.3000E+01  1.4685E+22  6.1683E+21  4.7625E+21
9.3547E-16  6.2004E-15  9.6000E-16  2.2000E-15  7.0000E-22  3.0000E-44  3.2000E-45  5.2000E+00  5.3000E+01  1.9916E+22  1.7502E+21  3.9497E+21
1.2493E-15  4.5122E-15  9.6000E-16  2.2000E-15  7.0000E-22  3.0000E-44  3.2000E-45  5.2000E+00  5.3000E+01  1.8877E+22  2.6279E+21  4.1108E+21
1.3142E-15  2.1206E-15  9.6000E-16  2.2000E-15  7.0000E-22  3.0000E-44  3.2000E-45  5.2000E+00  5.3000E+01  1.7793E+22  3.5437E+21  4.2790E+21
1.6389E-15  1.0913E-14  9.6000E-16  2.2000E-15  7.0000E-22  3.0000E-44  3.2000E-45  5.2000E+00  5.3000E+01  1.9523E+22  2.0825E+21  4.0107E+21
5.2317E-15  9.1078E-15  9.6000E-16  2.2000E-15  7.0000E-22  3.0000E-44  3.2000E-45  5.2000E+00  5.3000E+01  1.5113E+22  5.8071E+21  4.6959E+21
5.4265E-15  1.0937E-14  9.6000E-16  2.2000E-15  7.0000E-22  3.0000E-44  3.2000E-45  5.2000E+00  5.3000E+01  1.5528E+22  5.4569E+21  4.6313E+21
2.9158E-15  6.9976E-15  9.6000E-16  2.2000E-15  7.0000E-22  3.0000E-44  3.2000E-45  5.2000E+00  5.3000E+01  1.6908E+22  4.2917E+21  4.4166E+21
2.1259E-15  9.7878E-15  9.6000E-16  2.2000E-15  7.0000E-22  3.0000E-44  3.2000E-45  5.2000E+00  5.3000E+01  1.8688E+22  2.7875E+21  4.1401E+21
3.6842E-15  9.9285E-15  9.6000E-16  2.2000E-15  7.0000E-22  3.0000E-44  3.2000E-45  5.2000E+00  5.3000E+01  1.6882E+22  4.3136E+21  4.4207E+21
2.6561E-15  1.1757E-14  9.6000E-16  2.2000E-15  7.0000E-22  3.0000E-44  3.2000E-45  5.2000E+00  5.3000E+01  1.8419E+22  3.0151E+21  4.1819E+21
2.3206E-15  3.8792E-15  9.6000E-16  2.2000E-15  7.0000E-22  3.0000E-44  3.2000E-45  5.2000E+00  5.3000E+01  1.6556E+22  4.5886E+21  4.4713E+21
2.5804E-15  9.3423E-15  9.6000E-16  2.2000E-15  7.0000E-22  3.0000E-44  3.2000E-45  5.2000E+00  5.3000E+01  1.8007E+22  3.3629E+21  4.2458E+21
3.5218E-15  1.2132E-14  9.6000E-16  2.2000E-15  7.0000E-22  3.0000E-44  3.2000E-45  5.2000E+00  5.3000E+01  1.7577E+22  3.7262E+21  4.3126E+21
4.7555E-15  8.2637E-15  9.6000E-16  2.2000E-15  7.0000E-22  3.0000E-44  3.2000E-45  5.2000E+00  5.3000E+01  1.5260E+22  5.6828E+21  4.6729E+21
3.0565E-15  4.6529E-15  9.6000E-16  2.2000E-15  7.0000E-22  3.0000E-44  3.2000E-45  5.2000E+00  5.3000E+01  1.5759E+22  5.2615E+21  4.5953E+21
1.3034E-15  7.2555E-15  9.6000E-16  2.2000E-15  7.0000E-22  3.0000E-44  3.2000E-45  5.2000E+00  5.3000E+01  1.9428E+22  2.1627E+21  4.0254E+21
8.0561E-16  5.0515E-15  9.6000E-16  2.2000E-15  7.0000E-22  3.0000E-44  3.2000E-45  5.2000E+00  5.3000E+01  1.9981E+22  1.6953E+21  3.9396E+21
1.1735E-15  6.3880E-15  9.6000E-16  2.2000E-15  7.0000E-22  3.0000E-44  3.2000E-45  5.2000E+00  5.3000E+01  1.9490E+22  2.1100E+21  4.0157E+21
3.5327E-15  2.0269E-15  9.6000E-16  2.2000E-15  7.0000E-22  3.0000E-44  3.2000E-45  5.2000E+00  5.3000E+01  1.3416E+22  7.2399E+21  4.9606E+21
3.4244E-15  7.0445E-15  9.6000E-16  2.2000E-15  7.0000E-22  3.0000E-44  3.2000E-45  5.2000E+00  5.3000E+01  1.6272E+22  4.8282E+21  4.5154E+21
1.7796E-15  1.2836E-14  9.6000E-16  2.2000E-15  7.0000E-22  3.0000E-44  3.2000E-45  5.2000E+00  5.3000E+01  1.9599E+22  2.0178E+21  3.9988E+21
2.5479E-15  1.1077E-14  9.6000E-16  2.2000E-15  7.0000E-22  3.0000E-44  3.2000E-45  5.2000E+00  5.3000E+01  1.8415E+22  3.0181E+21  4.1825E+21
2.7643E-15  1.1734E-14  9.6000E-16  2.2000E-15  7.0000E-22  3.0000E-44  3.2000E-45  5.2000E+00  5.3000E+01  1.8294E+22  3.1207E+21  4.2013E+21
3.5110E-15  1.2156E-14  9.6000E-16  2.2000E-15  7.0000E-22  3.0000E-44  3.2000E-45  5.2000E+00  5.3000E+01  1.7593E+22  3.7128E+21  4.3101E+21
3.3920E-15  5.2391E-15  9.6000E-16  2.2000E-15  7.0000E-22  3.0000E-44  3.2000E-45  5.2000E+00  5.3000E+01  1.5571E+22  5.4209E+21  4.6246E+21
3.2188E-15  1.1429E-14  9.6000E-16  2.2000E-15  7.0000E-22  3.0000E-44  3.2000E-45  5.2000E+00  5.3000E+01  1.7739E+22  3.5893E+21  4.2874E+21
8.1643E-16  1.1054E-14  9.6000E-16  2.2000E-15  7.0000E-22  3.0000E-44  3.2000E-45  5.2000E+00  5.3000E+01  2.0696E+22  1.0912E+21  3.8289E+21
1.2709E-15  6.2707E-15  9.6000E-16  2.2000E-15  7.0000E-22  3.0000E-44  3.2000E-45  5.2000E+00  5.3000E+01  1.9283E+22  2.2848E+21  4.0478E+21
4.0088E-15  3.3633E-15  9.6000E-16  2.2000E-15  7.0000E-22  3.0000E-44  3.2000E-45  5.2000E+00  5.3000E+01  1.3723E+22  6.9805E+21  4.9126E+21
4.9936E-15  1.2859E-14  9.6000E-16  2.2000E-15  7.0000E-22  3.0000E-44  3.2000E-45  5.2000E+00  5.3000E+01  1.6401E+22  4.7194E+21  4.4954E+21
4.7014E-15  9.4595E-15  9.6000E-16  2.2000E-15  7.0000E-22  3.0000E-44  3.2000E-45  5.2000E+00  5.3000E+01  1.5721E+22  5.2938E+21  4.6012E+21
5.0044E-15  7.8417E-15  9.6000E-16  2.2000E-15  7.0000E-22  3.0000E-44  3.2000E-45  5.2000E+00  5.3000E+01  1.4860E+22  6.0207E+21  4.7353E+21
4.9503E-15  1.3000E-15  9.6000E-16  2.2000E-15  7.0000E-22  3.0000E-44  3.2000E-45  5.2000E+00  5.3000E+01  1.0959E+22  9.3123E+21  5.3447E+21
5.0261E-15  2.9178E-15  9.6000E-16  2.2000E-15  7.0000E-22  3.0000E-44  3.2000E-45  5.2000E+00  5.3000E+01  1.2217E+22  8.2513E+21  5.1478E+21
5.1451E-15  1.1312E-14  9.6000E-16  2.2000E-15  7.0000E-22  3.0000E-44  3.2000E-45  5.2000E+00  5.3000E+01  1.5874E+22  5.1649E+21  4.5775E+21
6.5411E-16  1.2555E-14  9.6000E-16  2.2000E-15  7.0000E-22  3.0000E-44  3.2000E-45  5.2000E+00  5.3000E+01  2.1028E+22  8.1015E+20  3.7774E+21
5.7944E-15  1.0233E-14  9.6000E-16  2.2000E-15  7.0000E-22  3.0000E-44  3.2000E-45  5.2000E+00  5.3000E+01  1.5005E+22  5.8980E+21  4.7126E+21
3.8790E-15  4.2778E-15  9.6000E-16  2.2000E-15  7.0000E-22  3.0000E-44  3.2000E-45  5.2000E+00  5.3000E+01  1.4443E+22  6.3729E+21  4.8003E+21
2.1475E-15  5.0046E-15  9.6000E-16  2.2000E-15  7.0000E-22  3.0000E-44  3.2000E-45  5.2000E+00  5.3000E+01  1.7342E+22  3.9249E+21  4.3491E+21
3.8140E-15  8.3106E-15  9.6000E-16  2.2000E-15  7.0000E-22  3.0000E-44  3.2000E-45  5.2000E+00  5.3000E+01  1.6257E+22  4.8412E+21  4.5178E+21
4.6473E-15  1.8393E-15  9.6000E-16  2.2000E-15  7.0000E-22  3.0000E-44  3.2000E-45  5.2000E+00  5.3000E+01  1.1791E+22  8.6104E+21  5.2144E+21
2.4397E-15  3.6681E-15  9.6000E-16  2.2000E-15  7.0000E-22  3.0000E-44  3.2000E-45  5.2000E+00  5.3000E+01  1.6243E+22  4.8532E+21  4.5200E+21
5.6970E-15  8.7327E-15  9.6000E-16  2.2000E-15  7.0000E-22  3.0000E-44  3.2000E-45  5.2000E+00  5.3000E+01  1.4569E+22  6.2665E+21  4.7807E+21
1.4008E-15  1.1851E-14  9.6000E-16  2.2000E-15  7.0000E-22  3.0000E-44  3.2000E-45  5.2000E+00  5.3000E+01  1.9957E+22  1.7156E+21  3.9434E+21
4.4417E-15  8.2168E-15  9.6000E-16  2.2000E-15  7.0000E-22  3.0000E-44  3.2000E-45  5.2000E+00  5.3000E+01  1.5557E+22  5.4321E+21  4.6267E+21
3.4028E-15  3.4806E-15  9.6000E-16  2.2000E-15  7.0000E-22  3.0000E-44  3.2000E-45  5.2000E+00  5.3000E+01  1.4619E+22  6.2241E+21  4.7728E+21
2.3531E-15  1.1124E-14  9.6000E-16  2.2000E-15  7.0000E-22  3.0000E-44  3.2000E-45  5.2000E+00  5.3000E+01  1.8655E+22  2.8158E+21  4.1453E+21
4.9719E-15  1.2226E-14  9.6000E-16  2.2000E-15  7.0000E-22  3.0000E-44  3.2000E-45  5.2000E+00  5.3000E+01  1.6264E+22  4.8354E+21  4.5167E+21
2.0609E-15  7.8651E-15  9.6000E-16  2.2000E-15  7.0000E-22  3.0000E-44  3.2000E-45  5.2000E+00  5.3000E+01  1.8357E+22  3.0671E+21  4.1914E+21
4.1279E-15  5.7549E-15  9.6000E-16  2.2000E-15  7.0000E-22  3.0000E-44  3.2000E-45  5.2000E+00  5.3000E+01  1.4896E+22  5.9904E+21  4.7297E+21
6.6493E-16  5.1218E-15  9.6000E-16  2.2000E-15  7.0000E-22  3.0000E-44  3.2000E-45  5.2000E+00  5.3000E+01  2.0315E+22  1.4131E+21  3.8879E+21
3.7275E-15  3.6916E-15  9.6000E-16  2.2000E-15  7.0000E-22  3.0000E-44  3.2000E-45  5.2000E+00  5.3000E+01  1.4298E+22  6.4951E+21  4.8229E+21
4.0737E-15  1.8862E-15  9.6000E-16  2.2000E-15  7.0000E-22  3.0000E-44  3.2000E-45  5.2000E+00  5.3000E+01  1.2546E+22  7.9741E+21  5.0965E+21
1.0978E-15  1.0585E-14  9.6000E-16  2.2000E-15  7.0000E-22  3.0000E-44  3.2000E-45  5.2000E+00  5.3000E+01  2.0237E+22  1.4788E+21  3.8999E+21
4.2794E-15  8.4982E-15  9.6000E-16  2.2000E-15  7.0000E-22  3.0000E-44  3.2000E-45  5.2000E+00  5.3000E+01  1.5822E+22  5.2085E+21  4.5855E+21
4.0305E-15  3.5509E-15  9.6000E-16  2.2000E-15  7.0000E-22  3.0000E-44  3.2000E-45  5.2000E+00  5.3000E+01  1.3816E+22  6.9020E+21  4.8981E+21
1.8553E-15  1.6752E-15  9.6000E-16  2.2000E-15  7.0000E-22  3.0000E-44  3.2000E-45  5.2000E+00  5.3000E+01  1.6218E+22  4.8746E+21  4.5240E+21
4.6040E-15  1.2531E-14  9.6000E-16  2.2000E-15  7.0000E-22  3.0000E-44  3.2000E-45  5.2000E+00  5.3000E+01  1.6656E+22  4.5045E+21  4.4558E+21
6.0000E-15  7.3493E-15  9.6000E-16  2.2000E-15  7.0000E-22  3.0000E-44  3.2000E-45  5.2000E+00  5.3000E+01  1.3754E+22  6.9542E+21  4.9077E+21
5.3399E-15  8.0058E-15  9.6000E-16  2.2000E-15  7.0000E-22  3.0000E-44  3.2000E-45  5.2000E+00  5.3000E+01  1.4609E+22  6.2322E+21  4.7743E+21
5.5347E-15  6.9741E-15  9.6000E-16  2.2000E-15  7.0000E-22  3.0000E-44  3.2000E-45  5.2000E+00  5.3000E+01  1.4002E+22  6.7448E+21  4.8690E+21
5.0693E-15  1.0116E-14  9.6000E-16  2.2000E-15  7.0000E-22  3.0000E-44  3.2000E-45  5.2000E+00  5.3000E+01  1.5589E+22  5.4054E+21  4.6218E+21
7.0822E-16  4.4419E-15  9.6000E-16  2.2000E-15  7.0000E-22  3.0000E-44  3.2000E-45  5.2000E+00  5.3000E+01  2.0092E+22  1.6018E+21  3.9225E+21
1.0220E-15  3.7619E-15  9.6000E-16  2.2000E-15  7.0000E-22  3.0000E-44  3.2000E-45  5.2000E+00  5.3000E+01  1.9167E+22  2.3832E+21  4.0659E+21
1.7904E-15  5.3329E-15  9.6000E-16  2.2000E-15  7.0000E-22  3.0000E-44  3.2000E-45  5.2000E+00  5.3000E+01  1.8081E+22  3.3009E+21  4.2344E+21
5.4806E-15  2.6599E-15  9.6000E-16  2.2000E-15  7.0000E-22  3.0000E-44  3.2000E-45  5.2000E+00  5.3000E+01  1.1553E+22  8.8118E+21  5.2518E+21
3.1431E-15  1.0515E-14  9.6000E-16  2.2000E-15  7.0000E-22  3.0000E-44  3.2000E-45  5.2000E+00  5.3000E+01  1.7617E+22  3.6926E+21  4.3064E+21
3.7707E-15  9.0140E-15  9.6000E-16  2.2000E-15  7.0000E-22  3.0000E-44  3.2000E-45  5.2000E+00  5.3000E+01  1.6527E+22  4.6134E+21  4.4759E+21
1.8661E-15  3.7150E-15  9.6000E-16  2.2000E-15  7.0000E-22  3.0000E-44  3.2000E-45  5.2000E+00  5.3000E+01  1.7321E+22  3.9422E+21  4.3523E+21
2.0176E-15  3.9964E-15  9.6000E-16  2.2000E-15  7.0000E-22  3.0000E-44  3.2000E-45  5.2000E+00  5.3000E+01  1.7157E+22  4.0808E+21  4.3778E+21
3.5868E-15  1.2250E-14  9.6000E-16  2.2000E-15  7.0000E-22  3.0000E-44  3.2000E-45  5.2000E+00  5.3000E+01  1.7538E+22  3.7596E+21  4.3187E+21
5.1667E-15  2.3317E-15  9.6000E-16  2.2000E-15  7.0000E-22  3.0000E-44  3.2000E-45  5.2000E+00  5.3000E+01  1.1620E+22  8.7553E+21  5.2413E+21
4.7339E-15  6.3645E-15  9.6000E-16  2.2000E-15  7.0000E-22  3.0000E-44  3.2000E-45  5.2000E+00  5.3000E+01  1.4511E+22  6.3154E+21  4.7897E+21
1.0762E-15  1.0702E-14  9.6000E-16  2.2000E-15  7.0000E-22  3.0000E-44  3.2000E-45  5.2000E+00  5.3000E+01  2.0281E+22  1.4417E+21  3.8931E+21
4.9287E-15  1.7924E-15  9.6000E-16  2.2000E-15  7.0000E-22  3.0000E-44  3.2000E-45  5.2000E+00  5.3000E+01  1.1429E+22  8.9160E+21  5.2711E+21
1.8445E-15  4.7232E-15  9.6000E-16  2.2000E-15  7.0000E-22  3.0000E-44  3.2000E-45  5.2000E+00  5.3000E+01  1.7771E+22  3.5623E+21  4.2825E+21
5.4373E-15  1.0796E-14  9.6000E-16  2.2000E-15  7.0000E-22  3.0000E-44  3.2000E-45  5.2000E+00  5.3000E+01  1.5477E+22  5.4999E+21  4.6392E+21
3.1864E-15  5.1687E-15  9.6000E-16  2.2000E-15  7.0000E-22  3.0000E-44  3.2000E-45  5.2000E+00  5.3000E+01  1.5818E+22  5.2121E+21  4.5862E+21
1.0004E-15  1.1335E-14  9.6000E-16  2.2000E-15  7.0000E-22  3.0000E-44  3.2000E-45  5.2000E+00  5.3000E+01  2.0452E+22  1.2974E+21  3.8667E+21
7.6232E-16  6.2473E-15  9.6000E-16  2.2000E-15  7.0000E-22  3.0000E-44  3.2000E-45  5.2000E+00  5.3000E+01  2.0275E+22  1.4465E+21  3.8940E+21
5.2100E-15  1.7455E-15  9.6000E-16  2.2000E-15  7.0000E-22  3.0000E-44  3.2000E-45  5.2000E+00  5.3000E+01  1.1083E+22  9.2077E+21  5.3253E+21
4.2469E-15  1.2062E-14  9.6000E-16  2.2000E-15  7.0000E-22  3.0000E-44  3.2000E-45  5.2000E+00  5.3000E+01  1.6865E+22  4.3273E+21  4.4232E+21
2.5695E-15  2.4958E-15  9.6000E-16  2.2000E-15  7.0000E-22  3.0000E-44  3.2000E-45  5.2000E+00  5.3000E+01  1.5329E+22  5.6252E+21  4.6623E+21
2.3747E-15  2.7772E-15  9.6000E-16  2.2000E-15  7.0000E-22  3.0000E-44  3.2000E-45  5.2000E+00  5.3000E+01  1.5861E+22  5.1752E+21  4.5794E+21
4.6365E-15  3.6212E-15  9.6000E-16  2.2000E-15  7.0000E-22  3.0000E-44  3.2000E-45  5.2000E+00  5.3000E+01  1.3133E+22  7.4786E+21  5.0047E+21
4.3768E-15  8.5216E-15  9.6000E-16  2.2000E-15  7.0000E-22  3.0000E-44  3.2000E-45  5.2000E+00  5.3000E+01  1.5730E+22  5.2862E+21  4.5998E+21
3.3812E-15  3.6447E-15  9.6000E-16  2.2000E-15  7.0000E-22  3.0000E-44  3.2000E-45  5.2000E+00  5.3000E+01  1.4749E+22  6.1147E+21  4.7526E+21
2.0826E-15  7.6072E-15  9.6000E-16  2.2000E-15  7.0000E-22  3.0000E-44  3.2000E-45  5.2000E+00  5.3000E+01  1.8261E+22  3.1486E+21  4.2064E+21
5.9459E-15  5.4267E-15  9.6000E-16  2.2000E-15  7.0000E-22  3.0000E-44  3.2000E-45  5.2000E+00  5.3000E+01  1.2876E+22  7.6955E+21  5.0449E+21
1.0545E-15  7.4196E-15  9.6000E-16  2.2000E-15  7.0000E-22  3.0000E-44  3.2000E-45  5.2000E+00  5.3000E+01  1.9895E+22  1.7682E+21  3.9530E+21
1.5523E-15  6.4818E-15  9.6000E-16  2.2000E-15  7.0000E-22  3.0000E-44  3.2000E-45  5.2000E+00  5.3000E+01  1.8827E+22  2.6703E+21  4.1186E+21
2.7319E-15  5.9425E-15  9.6000E-16  2.2000E-15  7.0000E-22  3.0000E-44  3.2000E-45  5.2000E+00  5.3000E+01  1.6785E+22  4.3951E+21  4.4357E+21
9.2465E-16  5.4970E-15  9.6000E-16  2.2000E-15  7.0000E-22  3.0000E-44  3.2000E-45  5.2000E+00  5.3000E+01  1.9808E+22  1.8419E+21  3.9665E+21
3.6517E-15  4.7936E-15  9.6000E-16  2.2000E-15  7.0000E-22  3.0000E-44  3.2000E-45  5.2000E+00  5.3000E+01  1.5011E+22  5.8929E+21  4.7117E+21
4.5174E-15  1.1921E-14  9.6000E-16  2.2000E-15  7.0000E-22  3.0000E-44  3.2000E-45  5.2000E+00  5.3000E+01  1.6585E+22  4.5643E+21  4.4668E+21
2.2557E-15  6.5287E-15  9.6000E-16  2.2000E-15  7.0000E-22  3.0000E-44  3.2000E-45  5.2000E+00  5.3000E+01  1.7696E+22  3.6261E+21  4.2942E+21
2.4613E-15  3.0116E-15  9.6000E-16  2.2000E-15  7.0000E-22  3.0000E-44  3.2000E-45  5.2000E+00  5.3000E+01  1.5843E+22  5.1905E+21  4.5822E+21
2.7752E-15  1.0397E-14  9.6000E-16  2.2000E-15  7.0000E-22  3.0000E-44  3.2000E-45  5.2000E+00  5.3000E+01  1.8010E+22  3.3607E+21  4.2454E+21
4.5499E-15  1.0538E-14  9.6000E-16  2.2000E-15  7.0000E-22  3.0000E-44  3.2000E-45  5.2000E+00  5.3000E+01  1.6189E+22  4.8988E+21  4.5284E+21
2.4721E-15  2.4255E-15  9.6000E-16  2.2000E-15  7.0000E-22  3.0000E-44  3.2000E-45  5.2000E+00  5.3000E+01  1.5460E+22  5.5146E+21  4.6419E+21
6.9739E-16  4.7701E-15  9.6000E-16  2.2000E-15  7.0000E-22  3.0000E-44  3.2000E-45  5.2000E+00  5.3000E+01  2.0179E+22  1.5280E+21  3.9090E+21
2.4505E-15  1.2273E-14  9.6000E-16  2.2000E-15  7.0000E-22  3.0000E-44  3.2000E-45  5.2000E+00  5.3000E+01  1.8740E+22  2.7437E+21  4.1321E+21
3.8032E-15  1.1710E-14  9.6000E-16  2.2000E-15  7.0000E-22  3.0000E-44  3.2000E-45  5.2000E+00  5.3000E+01  1.7205E+22  4.0403E+21  4.3704E+21
3.9764E-15  6.0597E-15  9.6000E-16  2.2000E-15  7.0000E-22  3.0000E-44  3.2000E-45  5.2000E+00  5.3000E+01  1.5211E+22  5.7242E+21  4.6806E+21
3.8898E-15  4.1136E-15  9.6000E-16  2.2000E-15  7.0000E-22  3.0000E-44  3.2000E-45  5.2000E+00  5.3000E+01  1.4336E+22  6.4634E+21  4.8170E+21
2.8293E-15  9.2485E-15  9.6000E-16  2.2000E-15  7.0000E-22  3.0000E-44  3.2000E-45  5.2000E+00  5.3000E+01  1.7676E+22  3.6429E+21  4.2973E+21
2.9050E-15  4.2074E-15  9.6000E-16  2.2000E-15  7.0000E-22  3.0000E-44  3.2000E-45  5.2000E+00  5.3000E+01  1.5764E+22  5.2579E+21  4.5946E+21
2.0393E-15  3.4571E-15  9.6000E-16  2.2000E-15  7.0000E-22  3.0000E-44  3.2000E-45  5.2000E+00  5.3000E+01  1.6865E+22  4.3277E+21  4.4233E+21
1.1194E-15  1.0069E-14  9.6000E-16  2.2000E-15  7.0000E-22  3.0000E-44  3.2000E-45  5.2000E+00  5.3000E+01  2.0148E+22  1.5544E+21  3.9138E+21
2.1908E-15  1.0773E-14  9.6000E-16  2.2000E-15  7.0000E-22  3.0000E-44  3.2000E-45  5.2000E+00  5.3000E+01  1.8790E+22  2.7017E+21  4.1243E+21
1.5307E-15  1.0139E-14  9.6000E-16  2.2000E-15  7.0000E-22  3.0000E-44  3.2000E-45  5.2000E+00  5.3000E+01  1.9559E+22  2.0520E+21  4.0051E+21
1.1519E-15  1.1288E-14  9.6000E-16  2.2000E-15  7.0000E-22  3.0000E-44  3.2000E-45  5.2000E+00  5.3000E+01  2.0233E+22  1.4820E+21  3.9005E+21
3.9006E-15  5.6142E-15  9.6000E-16  2.2000E-15  7.0000E-22  3.0000E-44  3.2000E-45  5.2000E+00  5.3000E+01  1.5099E+22  5.8186E+21  4.6980E+21
2.8509E-15  5.7080E-15  9.6000E-16  2.2000E-15  7.0000E-22  3.0000E-44  3.2000E-45  5.2000E+00  5.3000E+01  1.6522E+22  4.6171E+21  4.4765E+21
4.5607E-15  1.2953E-14  9.6000E-16  2.2000E-15  7.0000E-22  3.0000E-44  3.2000E-45  5.2000E+00  5.3000E+01  1.6791E+22  4.3900E+21  4.4347E+21
1.8120E-15  3.2695E-15  9.6000E-16  2.2000E-15  7.0000E-22  3.0000E-44  3.2000E-45  5.2000E+00  5.3000E+01  1.7224E+22  4.0244E+21  4.3675E+21
3.7491E-15  5.4735E-15  9.6000E-16  2.2000E-15  7.0000E-22  3.0000E-44  3.2000E-45  5.2000E+00  5.3000E+01  1.5220E+22  5.7172E+21  4.6793E+21
2.6345E-15  1.1476E-14  9.6000E-16  2.2000E-15  7.0000E-22  3.0000E-44  3.2000E-45  5.2000E+00  5.3000E+01  1.8391E+22  3.0386E+21  4.1862E+21
3.3271E-15  4.6060E-15  9.6000E-16  2.2000E-15  7.0000E-22  3.0000E-44  3.2000E-45  5.2000E+00  5.3000E+01  1.5352E+22  5.6056E+21  4.6587E+21
4.3010E-15  3.1992E-15  9.6000E-16  2.2000E-15  7.0000E-22  3.0000E-44  3.2000E-45  5.2000E+00  5.3000E+01  1.3248E+22  7.3814E+21  4.9867E+21
5.3182E-15  1.1101E-14  9.6000E-16  2.2000E-15  7.0000E-22  3.0000E-44  3.2000E-45  5.2000E+00  5.3000E+01  1.5667E+22  5.3396E+21  4.6097E+21
5.6645E-15  1.1453E-14  9.6000E-16  2.2000E-15  7.0000E-22  3.0000E-44  3.2000E-45  5.2000E+00  5.3000E+01  1.5482E+22  5.4956E+21  4.6384E+21
1.2060E-15  4.1371E-15  9.6000E-16  2.2000E-15  7.0000E-22  3.0000E-44  3.2000E-45  5.2000E+00  5.3000E+01  1.8858E+22  2.6446E+21  4.1138E+21
7.4068E-16  8.4513E-15  9.6000E-16  2.2000E-15  7.0000E-22  3.0000E-44  3.2000E-45  5.2000E+00  5.3000E+01  2.0587E+22  1.1836E+21  3.8458E+21
5.8810E-15  4.3715E-15  9.6000E-16  2.2000E-15  7.0000E-22  3.0000E-44  3.2000E-45  5.2000E+00  5.3000E+01  1.2333E+22  8.1537E+21  5.1297E+21
8.5972E-16  1.9800E-15  9.6000E-16  2.2000E-15  7.0000E-22  3.0000E-44  3.2000E-45  5.2000E+00  5.3000E+01  1.8988E+22  2.5347E+21  4.0937E+21
3.4677E-15  8.0996E-15  9.6000E-16  2.2000E-15  7.0000E-22  3.0000E-44  3.2000E-45  5.2000E+00  5.3000E+01  1.6583E+22  4.5663E+21  4.4672E+21
4.1062E-15  8.6389E-15  9.6000E-16  2.2000E-15  7.0000E-22  3.0000E-44  3.2000E-45  5.2000E+00  5.3000E+01  1.6050E+22  5.0162E+21  4.5501E+21
4.8204E-15  5.4032E-15  9.6000E-16  2.2000E-15  7.0000E-22  3.0000E-44  3.2000E-45  5.2000E+00  5.3000E+01  1.3957E+22  6.7826E+21  4.8760E+21
4.1387E-15  5.2156E-15  9.6000E-16  2.2000E-15  7.0000E-22  3.0000E-44  3.2000E-45  5.2000E+00  5.3000E+01  1.4622E+22  6.2214E+21  4.7723E+21
5.4048E-15  1.1664E-14  9.6000E-16  2.2000E-15  7.0000E-22  3.0000E-44  3.2000E-45  5.2000E+00  5.3000E+01  1.5753E+22  5.2667E+21  4.5962E+21
3.2946E-15  1.1781E-14  9.6000E-16  2.2000E-15  7.0000E-22  3.0000E-44  3.2000E-45  5.2000E+00  5.3000E+01  1.7734E+22  3.5934E+21  4.2882E+21
1.6281E-15  9.8816E-15  9.6000E-16  2.2000E-15  7.0000E-22  3.0000E-44  3.2000E-45  5.2000E+00  5.3000E+01  1.9382E+22  2.2013E+21  4.0325E+21
2.2882E-15  2.2144E-15  9.6000E-16  2.2000E-15  7.0000E-22  3.0000E-44  3.2000E-45  5.2000E+00  5.3000E+01  1.5669E+22  5.3376E+21  4.6093E+21
1.6930E-15  1.0046E-14  9.6000E-16  2.2000E-15  7.0000E-22  3.0000E-44  3.2000E-45  5.2000E+00  5.3000E+01  1.9318E+22  2.2554E+21  4.0424E+21
2.6453E-15  8.9671E-15  9.6000E-16  2.2000E-15  7.0000E-22  3.0000E-44  3.2000E-45  5.2000E+00  5.3000E+01  1.7834E+22  3.5090E+21  4.2727E+21
5.2749E-15  8.7796E-15  9.6000E-16  2.2000E-15  7.0000E-22  3.0000E-44  3.2000E-45  5.2000E+00  5.3000E+01  1.4958E+22  5.9377E+21  4.7200E+21
5.8485E-15  8.4279E-15  9.6000E-16  2.2000E-15  7.0000E-22  3.0000E-44  3.2000E-45  5.2000E+00  5.3000E+01  1.4324E+22  6.4732E+21  4.8188E+21
5.2533E-15  7.1852E-15  9.6000E-16  2.2000E-15  7.0000E-22  3.0000E-44  3.2000E-45  5.2000E+00  5.3000E+01  1.4356E+22  6.4464E+21  4.8139E+21
5.0585E-15  6.6459E-15  9.6000E-16  2.2000E-15  7.0000E-22  3.0000E-44  3.2000E-45  5.2000E+00  5.3000E+01  1.4309E+22  6.4859E+21  4.8212E+21
4.5066E-15  9.8347E-15  9.6000E-16  2.2000E-15  7.0000E-22  3.0000E-44  3.2000E-45  5.2000E+00  5.3000E+01  1.6024E+22  5.0379E+21  4.5541E+21
6.4329E-16  9.4830E-15  9.6000E-16  2.2000E-15  7.0000E-22  3.0000E-44  3.2000E-45  5.2000E+00  5.3000E+01  2.0846E+22  9.6408E+20  3.8056E+21
3.9439E-15  9.1547E-15  9.6000E-16  2.2000E-15  7.0000E-22  3.0000E-44  3.2000E-45  5.2000E+00  5.3000E+01  1.6384E+22  4.7338E+21  4.4980E+21
5.3832E-15  7.4431E-15  9.6000E-16  2.2000E-15  7.0000E-22  3.0000E-44  3.2000E-45  5.2000E+00  5.3000E+01  1.4343E+22  6.4574E+21  4.8159E+21
2.2449E-15  4.2309E-15  9.6000E-16  2.2000E-15  7.0000E-22  3.0000E-44  3.2000E-45  5.2000E+00  5.3000E+01  1.6853E+22  4.3381E+21  4.4252E+21
3.9114E-15  1.0819E-14  9.6000E-16  2.2000E-15  7.0000E-22  3.0000E-44  3.2000E-45  5.2000E+00  5.3000E+01  1.6882E+22  4.3133E+21  4.4206E+21
2.1583E-15  8.9437E-15  9.6000E-16  2.2000E-15  7.0000E-22  3.0000E-44  3.2000E-45  5.2000E+00  5.3000E+01  1.8470E+22  2.9722E+21  4.1740E+21
2.9808E-15  1.3938E-15  9.6000E-16  2.2000E-15  7.0000E-22  3.0000E-44  3.2000E-45  5.2000E+00  5.3000E+01  1.3768E+22  6.9426E+21  4.9056E+21
3.5435E-15  1.5110E-15  9.6000E-16  2.2000E-15  7.0000E-22  3.0000E-44  3.2000E-45  5.2000E+00  5.3000E+01  1.2968E+22  7.6176E+21  5.0305E+21
4.7880E-15  2.7537E-15  9.6000E-16  2.2000E-15  7.0000E-22  3.0000E-44  3.2000E-45  5.2000E+00  5.3000E+01  1.2359E+22  8.1315E+21  5.1256E+21
1.0653E-15  1.2437E-14  9.6000E-16  2.2000E-15  7.0000E-22  3.0000E-44  3.2000E-45  5.2000E+00  5.3000E+01  2.0459E+22  1.2918E+21  3.8656E+21
2.7968E-15  1.5345E-15  9.6000E-16  2.2000E-15  7.0000E-22  3.0000E-44  3.2000E-45  5.2000E+00  5.3000E+01  1.4210E+22  6.5698E+21  4.8367E+21
5.2966E-15  3.1758E-15  9.6000E-16  2.2000E-15  7.0000E-22  3.0000E-44  3.2000E-45  5.2000E+00  5.3000E+01  1.2117E+22  8.3352E+21  5.1634E+21
4.0521E-15  4.0902E-15  9.6000E-16  2.2000E-15  7.0000E-22  3.0000E-44  3.2000E-45  5.2000E+00  5.3000E+01  1.4117E+22  6.6476E+21  4.8511E+21
4.7663E-15  9.3892E-15  9.6000E-16  2.2000E-15  7.0000E-22  3.0000E-44  3.2000E-45  5.2000E+00  5.3000E+01  1.5637E+22  5.3648E+21  4.6143E+21
3.6625E-15  1.1499E-14  9.6000E-16  2.2000E-15  7.0000E-22  3.0000E-44  3.2000E-45  5.2000E+00  5.3000E+01  1.7296E+22  3.9633E+21  4.3562E+21
4.0413E-15  2.4723E-15  9.6000E-16  2.2000E-15  7.0000E-22  3.0000E-44  3.2000E-45  5.2000E+00  5.3000E+01  1.3055E+22  7.5442E+21  5.0169E+21
2.0934E-15  1.2015E-14  9.6000E-16  2.2000E-15  7.0000E-22  3.0000E-44  3.2000E-45  5.2000E+00  5.3000E+01  1.9113E+22  2.4288E+21  4.0742E+21
2.5046E-15  8.3341E-15  9.6000E-16  2.2000E-15  7.0000E-22  3.0000E-44  3.2000E-45  5.2000E+00  5.3000E+01  1.7856E+22  3.4908E+21  4.2693E+21
8.2725E-16  1.0960E-14  9.6000E-16  2.2000E-15  7.0000E-22  3.0000E-44  3.2000E-45  5.2000E+00  5.3000E+01  2.0672E+22  1.1112E+21  3.8325E+21
5.9134E-15  9.9988E-15  9.6000E-16  2.2000E-15  7.0000E-22  3.0000E-44  3.2000E-45  5.2000E+00  5.3000E+01  1.4831E+22  6.0448E+21  4.7397E+21
2.2232E-15  9.4361E-15  9.6000E-16  2.2000E-15  7.0000E-22  3.0000E-44  3.2000E-45  5.2000E+00  5.3000E+01  1.8489E+22  2.9562E+21  4.1711E+21
5.1992E-15  2.2848E-15  9.6000E-16  2.2000E-15  7.0000E-22  3.0000E-44  3.2000E-45  5.2000E+00  5.3000E+01  1.1548E+22  8.8160E+21  5.2526E+21
3.6301E-15  1.1030E-14  9.6000E-16  2.2000E-15  7.0000E-22  3.0000E-44  3.2000E-45  5.2000E+00  5.3000E+01  1.7219E+22  4.0286E+21  4.3682E+21
4.6798E-15  1.4876E-15  9.6000E-16  2.2000E-15  7.0000E-22  3.0000E-44  3.2000E-45  5.2000E+00  5.3000E+01  1.1442E+22  8.9051E+21  5.2691E+21
3.0998E-15  8.1465E-15  9.6000E-16  2.2000E-15  7.0000E-22  3.0000E-44  3.2000E-45  5.2000E+00  5.3000E+01  1.7039E+22  4.1805E+21  4.3962E+21
4.4958E-15  6.8804E-15  9.6000E-16  2.2000E-15  7.0000E-22  3.0000E-44  3.2000E-45  5.2000E+00  5.3000E+01  1.4985E+22  5.9152E+21  4.7158E+21
1.3575E-15  9.4126E-15  9.6000E-16  2.2000E-15  7.0000E-22  3.0000E-44  3.2000E-45  5.2000E+00  5.3000E+01  1.9704E+22  1.9297E+21  3.9826E+21
5.5671E-15  4.6764E-15  9.6000E-16  2.2000E-15  7.0000E-22  3.0000E-44  3.2000E-45  5.2000E+00  5.3000E+01  1.2809E+22  7.7521E+21  5.0553E+21
4.7447E-15  4.5357E-15  9.6000E-16  2.2000E-15  7.0000E-22  3.0000E-44  3.2000E-45  5.2000E+00  5.3000E+01  1.3569E+22  7.1105E+21  4.9366E+21
1.5415E-15  1.2672E-14  9.6000E-16  2.2000E-15  7.0000E-22  3.0000E-44  3.2000E-45  5.2000E+00  5.3000E+01  1.9870E+22  1.7894E+21  3.9569E+21
4.6148E-15  9.7409E-15  9.6000E-16  2.2000E-15  7.0000E-22  3.0000E-44  3.2000E-45  5.2000E+00  5.3000E+01  1.5892E+22  5.1495E+21  4.5746E+21
1.8228E-15  1.0632E-14  9.6000E-16  2.2000E-15  7.0000E-22  3.0000E-44  3.2000E-45  5.2000E+00  5.3000E+01  1.9237E+22  2.3240E+21  4.0550E+21
1.7146E-15  1.2461E-14  9.6000E-16  2.2000E-15  7.0000E-22  3.0000E-44  3.2000E-45  5.2000E+00  5.3000E+01  1.9632E+22  1.9905E+21  3.9938E+21
1.3251E-15  1.0374E-14  9.6000E-16  2.2000E-15  7.0000E-22  3.0000E-44  3.2000E-45  5.2000E+00  5.3000E+01  1.9883E+22  1.7779E+21  3.9548E+21
4.0954E-15  7.3259E-15  9.6000E-16  2.2000E-15  7.0000E-22  3.0000E-44  3.2000E-45  5.2000E+00  5.3000E+01  1.5596E+22  5.3994E+21  4.6207E+21
3.8681E-15  1.2742E-14  9.6000E-16  2.2000E-15  7.0000E-22  3.0000E-44  3.2000E-45  5.2000E+00  5.3000E+01  1.7371E+22  3.9006E+21  4.3447E+21
5.7836E-15  2.6365E-15  9.6000E-16  2.2000E-15  7.0000E-22  3.0000E-44  3.2000E-45  5.2000E+00  5.3000E+01  1.1239E+22  9.0760E+21  5.3008E+21
1.9960E-15  2.7068E-15  9.6000E-16  2.2000E-15  7.0000E-22  3.0000E-44  3.2000E-45  5.2000E+00  5.3000E+01  1.6555E+22  4.5892E+21  4.4714E+21
1.4116E-15  8.1230E-15  9.6000E-16  2.2000E-15  7.0000E-22  3.0000E-44  3.2000E-45  5.2000E+00  5.3000E+01  1.9409E+22  2.1785E+21  4.0283E+21
4.7122E-15  1.1359E-14  9.6000E-16  2.2000E-15  7.0000E-22  3.0000E-44  3.2000E-45  5.2000E+00  5.3000E+01  1.6266E+22  4.8340E+21  4.5165E+21
1.8878E-15  4.0667E-15  9.6000E-16  2.2000E-15  7.0000E-22  3.0000E-44  3.2000E-45  5.2000E+00  5.3000E+01  1.7432E+22  3.8490E+21  4.3352E+21
3.7166E-15  1.0304E-14  9.6000E-16  2.2000E-15  7.0000E-22  3.0000E-44  3.2000E-45  5.2000E+00  5.3000E+01  1.6948E+22  4.2579E+21  4.4104E+21
5.0477E-15  1.0444E-14  9.6000E-16  2.2000E-15  7.0000E-22  3.0000E-44  3.2000E-45  5.2000E+00  5.3000E+01  1.5708E+22  5.3048E+21  4.6032E+21
5.3507E-15  5.0749E-15  9.6000E-16  2.2000E-15  7.0000E-22  3.0000E-44  3.2000E-45  5.2000E+00  5.3000E+01  1.3243E+22  7.3852E+21  4.9874E+21
4.6581E-15  3.5040E-15  9.6000E-16  2.2000E-15  7.0000E-22  3.0000E-44  3.2000E-45  5.2000E+00  5.3000E+01  1.3032E+22  7.5640E+21  5.0205E+21
2.6994E-15  4.5591E-15  9.6000E-16  2.2000E-15  7.0000E-22  3.0000E-44  3.2000E-45  5.2000E+00  5.3000E+01  1.6253E+22  4.8446E+21  4.5184E+21
1.7687E-15  4.3012E-15  9.6000E-16  2.2000E-15  7.0000E-22  3.0000E-44  3.2000E-45  5.2000E+00  5.3000E+01  1.7754E+22  3.5766E+21  4.2851E+21
4.7988E-15  7.6541E-15  9.6000E-16  2.2000E-15  7.0000E-22  3.0000E-44  3.2000E-45  5.2000E+00  5.3000E+01  1.4987E+22  5.9132E+21  4.7154E+21
3.7058E-15  6.6693E-15  9.6000E-16  2.2000E-15  7.0000E-22  3.0000E-44  3.2000E-45  5.2000E+00  5.3000E+01  1.5788E+22  5.2374E+21  4.5908E+21
2.0068E-15  4.9108E-15  9.6000E-16  2.2000E-15  7.0000E-22  3.0000E-44  3.2000E-45  5.2000E+00  5.3000E+01  1.7549E+22  3.7497E+21  4.3169E+21
4.3118E-15  1.1945E-14  9.6000E-16  2.2000E-15  7.0000E-22  3.0000E-44  3.2000E-45  5.2000E+00  5.3000E+01  1.6778E+22  4.4014E+21  4.4368E+21
9.0301E-16  6.9038E-15  9.6000E-16  2.2000E-15  7.0000E-22  3.0000E-44  3.2000E-45  5.2000E+00  5.3000E+01  2.0094E+22  1.5994E+21  3.9220E+21
5.9567E-15  7.2790E-15  9.6000E-16  2.2000E-15  7.0000E-22  3.0000E-44  3.2000E-45  5.2000E+00  5.3000E+01  1.3761E+22  6.9486E+21  4.9067E+21
4.1820E-15  6.9507E-15  9.6000E-16  2.2000E-15  7.0000E-22  3.0000E-44  3.2000E-45  5.2000E+00  5.3000E+01  1.5353E+22  5.6044E+21  4.6585E+21
9.7876E-16  4.0198E-15  9.6000E-16  2.2000E-15  7.0000E-22  3.0000E-44  3.2000E-45  5.2000E+00  5.3000E+01  1.9343E+22  2.2341E+21  4.0385E+21
1.7038E-15  1.0608E-14  9.6000E-16  2.2000E-15  7.0000E-22  3.0000E-44  3.2000E-45  5.2000E+00  5.3000E+01  1.9391E+22  2.1936E+21  4.0311E+21
5.6862E-15  6.6928E-15  9.6000E-16  2.2000E-15  7.0000E-22  3.0000E-44  3.2000E-45  5.2000E+00  5.3000E+01  1.3738E+22  6.9681E+21  4.9103E+21
2.8617E-15  8.5451E-15  9.6000E-16  2.2000E-15  7.0000E-22  3.0000E-44  3.2000E-45  5.2000E+00  5.3000E+01  1.7451E+22  3.8332E+21  4.3323E+21
2.9483E-15  4.8639E-15  9.6000E-16  2.2000E-15  7.0000E-22  3.0000E-44  3.2000E-45  5.2000E+00  5.3000E+01  1.6017E+22  5.0435E+21  4.5551E+21
1.7579E-15  8.1699E-15  9.6000E-16  2.2000E-15  7.0000E-22  3.0000E-44  3.2000E-45  5.2000E+00  5.3000E+01  1.8878E+22  2.6271E+21  4.1106E+21
6.3246E-16  7.2086E-15  9.6000E-16  2.2000E-15  7.0000E-22  3.0000E-44  3.2000E-45  5.2000E+00  5.3000E+01  2.0659E+22  1.1226E+21  3.8346E+21
3.8465E-15  1.0257E-14  9.6000E-16  2.2000E-15  7.0000E-22  3.0000E-44  3.2000E-45  5.2000E+00  5.3000E+01  1.6801E+22  4.3820E+21  4.4332E+21
2.6128E-15  6.6224E-15  9.6000E-16  2.2000E-15  7.0000E-22  3.0000E-44  3.2000E-45  5.2000E+00  5.3000E+01  1.7199E+22  4.0454E+21  4.3713E+21
4.8096E-15  1.5579E-15  9.6000E-16  2.2000E-15  7.0000E-22  3.0000E-44  3.2000E-45  5.2000E+00  5.3000E+01  1.1356E+22  8.9779E+21  5.2826E+21
3.6192E-15  6.0128E-15  9.6000E-16  2.2000E-15  7.0000E-22  3.0000E-44  3.2000E-45  5.2000E+00  5.3000E+01  1.5623E+22  5.3767E+21  4.6165E+21
4.5715E-15  1.2039E-14  9.6000E-16  2.2000E-15  7.0000E-22  3.0000E-44  3.2000E-45  5.2000E+00  5.3000E+01  1.6566E+22  4.5806E+21  4.4698E+21
3.9872E-15  1.0866E-14  9.6000E-16  2.2000E-15  7.0000E-22  3.0000E-44  3.2000E-45  5.2000E+00  5.3000E+01  1.6819E+22  4.3668E+21  4.4305E+21
5.1343E-15  8.2872E-15  9.6000E-16  2.2000E-15  7.0000E-22  3.0000E-44  3.2000E-45  5.2000E+00  5.3000E+01  1.4907E+22  5.9810E+21  4.7280E+21
3.1647E-15  1.1898E-14  9.6000E-16  2.2000E-15  7.0000E-22  3.0000E-44  3.2000E-45  5.2000E+00  5.3000E+01  1.7894E+22  3.4584E+21  4.2634E+21
2.2990E-15  6.3411E-15  9.6000E-16  2.2000E-15  7.0000E-22  3.0000E-44  3.2000E-45  5.2000E+00  5.3000E+01  1.7570E+22  3.7324E+21  4.3137E+21
4.9828E-15  2.3082E-15  9.6000E-16  2.2000E-15  7.0000E-22  3.0000E-44  3.2000E-45  5.2000E+00  5.3000E+01  1.1799E+22  8.6040E+21  5.2132E+21
1.7471E-15  7.0914E-15  9.6000E-16  2.2000E-15  7.0000E-22  3.0000E-44  3.2000E-45  5.2000E+00  5.3000E+01  1.8651E+22  2.8194E+21  4.1460E+21
2.9591E-15  4.4184E-15  9.6000E-16  2.2000E-15  7.0000E-22  3.0000E-44  3.2000E-45  5.2000E+00  5.3000E+01  1.5788E+22  5.2374E+21  4.5908E+21
5.4156E-15  7.8886E-15  9.6000E-16  2.2000E-15  7.0000E-22  3.0000E-44  3.2000E-45  5.2000E+00  5.3000E+01  1.4494E+22  6.3296E+21  4.7923E+21
4.5932E-15  1.0468E-14  9.6000E-16  2.2000E-15  7.0000E-22  3.0000E-44  3.2000E-45  5.2000E+00  5.3000E+01  1.6128E+22  4.9498E+21  4.5378E+21
1.6064E-15  1.3703E-15  9.6000E-16  2.2000E-15  7.0000E-22  3.0000E-44  3.2000E-45  5.2000E+00  5.3000E+01  1.6603E+22  4.5488E+21  4.4640E+21
4.1495E-15  9.9519E-15  9.6000E-16  2.2000E-15  7.0000E-22  3.0000E-44  3.2000E-45  5.2000E+00  5.3000E+01  1.6409E+22  4.7129E+21  4.4942E+21
1.6605E-15  7.6776E-15  9.6000E-16  2.2000E-15  7.0000E-22  3.0000E-44  3.2000E-45  5.2000E+00  5.3000E+01  1.8924E+22  2.5886E+21  4.1036E+21
4.8854E-15  5.8253E-15  9.6000E-16  2.2000E-15  7.0000E-22  3.0000E-44  3.2000E-45  5.2000E+00  5.3000E+01  1.4101E+22  6.6618E+21  4.8537E+21
5.7619E-15  2.1675E-15  9.6000E-16  2.2000E-15  7.0000E-22  3.0000E-44  3.2000E-45  5.2000E+00  5.3000E+01  1.0888E+22  9.3726E+21  5.3559E+21
1.3792E-15  3.2226E-15  9.6000E-16  2.2000E-15  7.0000E-22  3.0000E-44  3.2000E-45  5.2000E+00  5.3000E+01  1.8140E+22  3.2509E+21  4.2252E+21
3.2405E-15  6.8335E-15  9.6000E-16  2.2000E-15  7.0000E-22  3.0000E-44  3.2000E-45  5.2000E+00  5.3000E+01  1.6426E+22  4.6986E+21  4.4915E+21
1.4982E-15  1.2086E-14  9.6000E-16  2.2000E-15  7.0000E-22  3.0000E-44  3.2000E-45  5.2000E+00  5.3000E+01  1.9858E+22  1.7996E+21  3.9588E+21
2.1800E-15  2.4020E-15  9.6000E-16  2.2000E-15  7.0000E-22  3.0000E-44  3.2000E-45  5.2000E+00  5.3000E+01  1.6004E+22  5.0551E+21  4.5572E+21
1.1844E-15  9.5299E-15  9.6000E-16  2.2000E-15  7.0000E-22  3.0000E-44  3.2000E-45  5.2000E+00  5.3000E+01  1.9983E+22  1.6938E+21  3.9394E+21
5.3291E-15  1.1382E-14  9.6000E-16  2.2000E-15  7.0000E-22  3.0000E-44  3.2000E-45  5.2000E+00  5.3000E+01  1.5737E+22  5.2799E+21  4.5986E+21
8.4890E-16  1.1218E-14  9.6000E-16  2.2000E-15  7.0000E-22  3.0000E-44  3.2000E-45  5.2000E+00  5.3000E+01  2.0661E+22  1.1208E+21  3.8343E+21
1.0870E-15  8.7561E-15  9.6000E-16  2.2000E-15  7.0000E-22  3.0000E-44  3.2000E-45  5.2000E+00  5.3000E+01  2.0035E+22  1.6500E+21  3.9313E+21
2.2016E-15  1.2367E-14  9.6000E-16  2.2000E-15  7.0000E-22  3.0000E-44  3.2000E-45  5.2000E+00  5.3000E+01  1.9039E+22  2.4911E+21  4.0857E+21
1.9635E-15  4.6998E-15  9.6000E-16  2.2000E-15  7.0000E-22  3.0000E-44  3.2000E-45  5.2000E+00  5.3000E+01  1.7546E+22  3.7524E+21  4.3174E+21
4.6906E-15  6.1770E-15  9.6000E-16  2.2000E-15  7.0000E-22  3.0000E-44  3.2000E-45  5.2000E+00  5.3000E+01  1.4471E+22  6.3495E+21  4.7960E+21
2.2341E-15  1.0022E-14  9.6000E-16  2.2000E-15  7.0000E-22  3.0000E-44  3.2000E-45  5.2000E+00  5.3000E+01  1.8594E+22  2.8672E+21  4.1547E+21
1.2385E-15  7.3024E-15  9.6000E-16  2.2000E-15  7.0000E-22  3.0000E-44  3.2000E-45  5.2000E+00  5.3000E+01  1.9549E+22  2.0600E+21  4.0065E+21
7.2986E-16  4.8170E-15  9.6000E-16  2.2000E-15  7.0000E-22  3.0000E-44  3.2000E-45  5.2000E+00  5.3000E+01  2.0111E+22  1.5855E+21  3.9195E+21
5.7727E-15  5.1922E-15  9.6000E-16  2.2000E-15  7.0000E-22  3.0000E-44  3.2000E-45  5.2000E+00  5.3000E+01  1.2906E+22  7.6698E+21  5.0401E+21
3.7816E-15  1.3469E-15  9.6000E-16  2.2000E-15  7.0000E-22  3.0000E-44  3.2000E-45  5.2000E+00  5.3000E+01  1.2473E+22  8.0353E+21  5.1078E+21
3.8573E-15  5.3798E-15  9.6000E-16  2.2000E-15  7.0000E-22  3.0000E-44  3.2000E-45  5.2000E+00  5.3000E+01  1.5042E+22  5.8675E+21  4.7070E+21
1.6822E-15  5.5673E-15  9.6000E-16  2.2000E-15  7.0000E-22  3.0000E-44  3.2000E-45  5.2000E+00  5.3000E+01  1.8348E+22  3.0750E+21  4.1929E+21
5.6537E-15  6.2942E-15  9.6000E-16  2.2000E-15  7.0000E-22  3.0000E-44  3.2000E-45  5.2000E+00  5.3000E+01  1.3580E+22  7.1009E+21  4.9348E+21
2.3856E-15  7.1148E-15  9.6000E-16  2.2000E-15  7.0000E-22  3.0000E-44  3.2000E-45  5.2000E+00  5.3000E+01  1.7682E+22  3.6380E+21  4.2964E+21
1.9094E-15  1.1593E-14  9.6000E-16  2.2000E-15  7.0000E-22  3.0000E-44  3.2000E-45  5.2000E+00  5.3000E+01  1.9274E+22  2.2931E+21  4.0493E+21
1.4441E-15  9.0609E-15  9.6000E-16  2.2000E-15  7.0000E-22  3.0000E-44  3.2000E-45  5.2000E+00  5.3000E+01  1.9519E+22  2.0860E+21  4.0113E+21
4.8421E-15  1.1875E-14  9.6000E-16  2.2000E-15  7.0000E-22  3.0000E-44  3.2000E-45  5.2000E+00  5.3000E+01  1.6286E+22  4.8168E+21  4.5133E+21
4.4633E-15  8.3575E-15  9.6000E-16  2.2000E-15  7.0000E-22  3.0000E-44  3.2000E-45  5.2000E+00  5.3000E+01  1.5585E+22  5.4086E+21  4.6224E+21
2.4180E-15  1.1171E-14  9.6000E-16  2.2000E-15  7.0000E-22  3.0000E-44  3.2000E-45  5.2000E+00  5.3000E+01  1.8586E+22  2.8739E+21  4.1560E+21
2.9375E-15  5.2860E-15  9.6000E-16  2.2000E-15  7.0000E-22  3.0000E-44  3.2000E-45  5.2000E+00  5.3000E+01  1.6222E+22  4.8708E+21  4.5233E+21
4.0629E-15  4.2543E-15  9.6000E-16  2.2000E-15  7.0000E-22  3.0000E-44  3.2000E-45  5.2000E+00  5.3000E+01  1.4199E+22  6.5787E+21  4.8383E+21
2.0285E-15  3.7854E-15  9.6000E-16  2.2000E-15  7.0000E-22  3.0000E-44  3.2000E-45  5.2000E+00  5.3000E+01  1.7042E+22  4.1784E+21  4.3958E+21
2.4938E-15  5.8956E-15  9.6000E-16  2.2000E-15  7.0000E-22  3.0000E-44  3.2000E-45  5.2000E+00  5.3000E+01  1.7120E+22  4.1121E+21  4.3836E+21
4.9070E-15  1.1406E-14  9.6000E-16  2.2000E-15  7.0000E-22  3.0000E-44  3.2000E-45  5.2000E+00  5.3000E+01  1.6106E+22  4.9690E+21  4.5414E+21
5.2425E-15  3.3399E-15  9.6000E-16  2.2000E-15  7.0000E-22  3.0000E-44  3.2000E-45  5.2000E+00  5.3000E+01  1.2288E+22  8.1918E+21  5.1368E+21
5.3074E-15  1.0843E-14  9.6000E-16  2.2000E-15  7.0000E-22  3.0000E-44  3.2000E-45  5.2000E+00  5.3000E+01  1.5601E+22  5.3953E+21  4.6199E+21
3.1323E-15  6.7397E-15  9.6000E-16  2.2000E-15  7.0000E-22  3.0000E-44  3.2000E-45  5.2000E+00  5.3000E+01  1.6531E+22  4.6095E+21  4.4751E+21
5.7186E-15  1.2343E-14  9.6000E-16  2.2000E-15  7.0000E-22  3.0000E-44  3.2000E-45  5.2000E+00  5.3000E+01  1.5685E+22  5.3245E+21  4.6069E+21
3.2838E-15  3.8088E-15  9.6000E-16  2.2000E-15  7.0000E-22  3.0000E-44  3.2000E-45  5.2000E+00  5.3000E+01  1.4984E+22  5.9158E+21  4.7159E+21
3.1106E-15  2.3551E-15  9.6000E-16  2.2000E-15  7.0000E-22  3.0000E-44  3.2000E-45  5.2000E+00  5.3000E+01  1.4314E+22  6.4819E+21  4.8204E+21
3.9655E-15  9.5533E-15  9.6000E-16  2.2000E-15  7.0000E-22  3.0000E-44  3.2000E-45  5.2000E+00  5.3000E+01  1.6481E+22  4.6523E+21  4.4830E+21
1.1952E-15  6.0363E-15  9.6000E-16  2.2000E-15  7.0000E-22  3.0000E-44  3.2000E-45  5.2000E+00  5.3000E+01  1.9375E+22  2.2075E+21  4.0336E+21
1.4333E-15  1.2508E-14  9.6000E-16  2.2000E-15  7.0000E-22  3.0000E-44  3.2000E-45  5.2000E+00  5.3000E+01  1.9987E+22  1.6900E+21  3.9387E+21
1.1086E-15  1.0210E-14  9.6000E-16  2.2000E-15  7.0000E-22  3.0000E-44  3.2000E-45  5.2000E+00  5.3000E+01  2.0180E+22  1.5271E+21  3.9088E+21
2.5371E-15  7.7479E-15  9.6000E-16  2.2000E-15  7.0000E-22  3.0000E-44  3.2000E-45  5.2000E+00  5.3000E+01  1.7652E+22  3.6626E+21  4.3009E+21
8.7054E-16  1.0655E-14  9.6000E-16  2.2000E-15  7.0000E-22  3.0000E-44  3.2000E-45  5.2000E+00  5.3000E+01  2.0582E+22  1.1876E+21  3.8465E+21
5.2858E-15  8.5685E-15  9.6000E-16  2.2000E-15  7.0000E-22  3.0000E-44  3.2000E-45  5.2000E+00  5.3000E+01  1.4872E+22  6.0107E+21  4.7334E+21
5.3940E-15  9.2954E-15  9.6000E-16  2.2000E-15  7.0000E-22  3.0000E-44  3.2000E-45  5.2000E+00  5.3000E+01  1.5033E+22  5.8744E+21  4.7083E+21
3.0240E-15  1.1523E-14  9.6000E-16  2.2000E-15  7.0000E-22  3.0000E-44  3.2000E-45  5.2000E+00  5.3000E+01  1.7968E+22  3.3962E+21  4.2519E+21
6.1082E-16  9.6002E-15  9.6000E-16  2.2000E-15  7.0000E-22  3.0000E-44  3.2000E-45  5.2000E+00  5.3000E+01  2.0910E+22  9.1060E+20  3.7958E+21
5.1884E-15  3.5743E-15  9.6000E-16  2.2000E-15  7.0000E-22  3.0000E-44  3.2000E-45  5.2000E+00  5.3000E+01  1.2502E+22  8.0107E+21  5.1032E+21
4.9178E-15  5.9190E-15  9.6000E-16  2.2000E-15  7.0000E-22  3.0000E-44  3.2000E-45  5.2000E+00  5.3000E+01  1.4113E+22  6.6515E+21  4.8518E+21
1.1411E-15  1.0679E-14  9.6000E-16  2.2000E-15  7.0000E-22  3.0000E-44  3.2000E-45  5.2000E+00  5.3000E+01  2.0184E+22  1.5234E+21  3.9081E+21
5.5022E-15  8.4747E-15  9.6000E-16  2.2000E-15  7.0000E-22  3.0000E-44  3.2000E-45  5.2000E+00  5.3000E+01  1.4643E+22  6.2041E+21  4.7691E+21
3.6950E-15  7.4665E-15  9.6000E-16  2.2000E-15  7.0000E-22  3.0000E-44  3.2000E-45  5.2000E+00  5.3000E+01  1.6102E+22  4.9724E+21  4.5420E+21
4.7772E-15  3.9026E-15  9.6000E-16  2.2000E-15  7.0000E-22  3.0000E-44  3.2000E-45  5.2000E+00  5.3000E+01  1.3154E+22  7.4604E+21  5.0014E+21
5.5996E-15  5.8721E-15  9.6000E-16  2.2000E-15  7.0000E-22  3.0000E-44  3.2000E-45  5.2000E+00  5.3000E+01  1.3423E+22  7.2334E+21  4.9594E+21
2.7427E-15  1.0726E-14  9.6000E-16  2.2000E-15  7.0000E-22  3.0000E-44  3.2000E-45  5.2000E+00  5.3000E+01  1.8118E+22  3.2693E+21  4.2286E+21
3.5760E-15  4.1840E-15  9.6000E-16  2.2000E-15  7.0000E-22  3.0000E-44  3.2000E-45  5.2000E+00  5.3000E+01  1.4787E+22  6.0820E+21  4.7466E+21
4.9395E-15  3.5978E-15  9.6000E-16  2.2000E-15  7.0000E-22  3.0000E-44  3.2000E-45  5.2000E+00  5.3000E+01  1.2781E+22  7.7751E+21  5.0596E+21
5.2641E-15  7.7713E-15  9.6000E-16  2.2000E-15  7.0000E-22  3.0000E-44  3.2000E-45  5.2000E+00  5.3000E+01  1.4587E+22  6.2513E+21  4.7779E+21
3.5976E-15  7.8182E-15  9.6000E-16  2.2000E-15  7.0000E-22  3.0000E-44  3.2000E-45  5.2000E+00  5.3000E+01  1.6338E+22  4.7730E+21  4.5053E+21
5.6754E-15  1.2695E-14  9.6000E-16  2.2000E-15  7.0000E-22  3.0000E-44  3.2000E-45  5.2000E+00  5.3000E+01  1.5811E+22  5.2180E+21  4.5872E+21
1.3467E-15  8.8499E-15  9.6000E-16  2.2000E-15  7.0000E-22  3.0000E-44  3.2000E-45  5.2000E+00  5.3000E+01  1.9634E+22  1.9882E+21  3.9934E+21
2.8184E-15  2.8006E-15  9.6000E-16  2.2000E-15  7.0000E-22  3.0000E-44  3.2000E-45  5.2000E+00  5.3000E+01  1.5096E+22  5.8215E+21  4.6985E+21
5.9242E-15  1.2414E-14  9.6000E-16  2.2000E-15  7.0000E-22  3.0000E-44  3.2000E-45  5.2000E+00  5.3000E+01  1.5544E+22  5.4431E+21  4.6287E+21
5.6429E-15  5.0281E-15  9.6000E-16  2.2000E-15  7.0000E-22  3.0000E-44  3.2000E-45  5.2000E+00  5.3000E+01  1.2936E+22  7.6442E+21  5.0354E+21
5.8160E-15  6.4349E-15  9.6000E-16  2.2000E-15  7.0000E-22  3.0000E-44  3.2000E-45  5.2000E+00  5.3000E+01  1.3501E+22  7.1682E+21  4.9473E+21
4.9611E-15  1.2789E-14  9.6000E-16  2.2000E-15  7.0000E-22  3.0000E-44  3.2000E-45  5.2000E+00  5.3000E+01  1.6412E+22  4.7106E+21  4.4938E+21
9.4629E-16  1.1241E-14  9.6000E-16  2.2000E-15  7.0000E-22  3.0000E-44  3.2000E-45  5.2000E+00  5.3000E+01  2.0521E+22  1.2389E+21  3.8559E+21
3.3595E-15  2.0972E-15  9.6000E-16  2.2000E-15  7.0000E-22  3.0000E-44  3.2000E-45  5.2000E+00  5.3000E+01  1.3731E+22  6.9737E+21  4.9113E+21
5.7078E-15  2.5192E-15  9.6000E-16  2.2000E-15  7.0000E-22  3.0000E-44  3.2000E-45  5.2000E+00  5.3000E+01  1.1221E+22  9.0914E+21  5.3037E+21
5.9675E-15  1.2390E-14  9.6000E-16  2.2000E-15  7.0000E-22  3.0000E-44  3.2000E-45  5.2000E+00  5.3000E+01  1.5505E+22  5.4766E+21  4.6349E+21
5.8269E-15  9.2251E-15  9.6000E-16  2.2000E-15  7.0000E-22  3.0000E-44  3.2000E-45  5.2000E+00  5.3000E+01  1.4637E+22  6.2088E+21  4.7700E+21
2.1042E-15  8.0762E-15  9.6000E-16  2.2000E-15  7.0000E-22  3.0000E-44  3.2000E-45  5.2000E+00  5.3000E+01  1.8346E+22  3.0768E+21  4.1932E+21
3.5002E-15  1.1195E-14  9.6000E-16  2.2000E-15  7.0000E-22  3.0000E-44  3.2000E-45  5.2000E+00  5.3000E+01  1.7392E+22  3.8827E+21  4.3414E+21
1.9311E-15  9.2016E-15  9.6000E-16  2.2000E-15  7.0000E-22  3.0000E-44  3.2000E-45  5.2000E+00  5.3000E+01  1.8837E+22  2.6621E+21  4.1171E+21
4.3226E-15  3.9495E-15  9.6000E-16  2.2000E-15  7.0000E-22  3.0000E-44  3.2000E-45  5.2000E+00  5.3000E+01  1.3704E+22  6.9962E+21  4.9155E+21
3.3379E-15  6.5052E-15  9.6000E-16  2.2000E-15  7.0000E-22  3.0000E-44  3.2000E-45  5.2000E+00  5.3000E+01  1.6178E+22  4.9078E+21  4.5301E+21
2.7535E-15  5.6846E-15  9.6000E-16  2.2000E-15  7.0000E-22  3.0000E-44  3.2000E-45  5.2000E+00  5.3000E+01  1.6654E+22  4.5059E+21  4.4561E+21
1.4766E-15  1.4172E-15  9.6000E-16  2.2000E-15  7.0000E-22  3.0000E-44  3.2000E-45  5.2000E+00  5.3000E+01  1.6967E+22  4.2419E+21  4.4075E+21
5.4589E-15  1.2719E-14  9.6000E-16  2.2000E-15  7.0000E-22  3.0000E-44  3.2000E-45  5.2000E+00  5.3000E+01  1.5988E+22  5.0686E+21  4.5597E+21
2.8401E-15  2.8240E-15  9.6000E-16  2.2000E-15  7.0000E-22  3.0000E-44  3.2000E-45  5.2000E+00  5.3000E+01  1.5075E+22  5.8393E+21  4.7018E+21
3.0782E-15  1.7220E-15  9.6000E-16  2.2000E-15  7.0000E-22  3.0000E-44  3.2000E-45  5.2000E+00  5.3000E+01  1.3880E+22  6.8482E+21  4.8881E+21
5.6321E-15  9.6705E-15  9.6000E-16  2.2000E-15  7.0000E-22  3.0000E-44  3.2000E-45  5.2000E+00  5.3000E+01  1.4955E+22  5.9402E+21  4.7204E+21
1.0329E-15  2.2613E-15  9.6000E-16  2.2000E-15  7.0000E-22  3.0000E-44  3.2000E-45  5.2000E+00  5.3000E+01  1.8607E+22  2.8567E+21  4.1528E+21
1.9419E-15  8.6154E-15  9.6000E-16  2.2000E-15  7.0000E-22  3.0000E-44  3.2000E-45  5.2000E+00  5.3000E+01  1.8701E+22  2.7764E+21  4.1381E+21
2.3639E-15  1.0351E-14  9.6000E-16  2.2000E-15  7.0000E-22  3.0000E-44  3.2000E-45  5.2000E+00  5.3000E+01  1.8496E+22  2.9504E+21  4.1700E+21
2.4289E-15  1.2977E-14  9.6000E-16  2.2000E-15  7.0000E-22  3.0000E-44  3.2000E-45  5.2000E+00  5.3000E+01  1.8876E+22  2.6290E+21  4.1110E+21
5.4697E-15  7.5603E-15  9.6000E-16  2.2000E-15  7.0000E-22  3.0000E-44  3.2000E-45  5.2000E+00  5.3000E+01  1.4312E+22  6.4834E+21  4.8207E+21
4.5391E-15  7.6307E-15  9.6000E-16  2.2000E-15  7.0000E-22  3.0000E-44  3.2000E-45  5.2000E+00  5.3000E+01  1.5240E+22  5.6995E+21  4.6760E+21
3.6084E-15  1.1968E-14  9.6000E-16  2.2000E-15  7.0000E-22  3.0000E-44  3.2000E-45  5.2000E+00  5.3000E+01  1.7456E+22  3.8288E+21  4.3315E+21
5.4481E-15  9.3657E-15  9.6000E-16  2.2000E-15  7.0000E-22  3.0000E-44  3.2000E-45  5.2000E+00  5.3000E+01  1.5010E+22  5.8940E+21  4.7119E+21
5.2208E-15  1.2906E-14  9.6000E-16  2.2000E-15  7.0000E-22  3.0000E-44  3.2000E-45  5.2000E+00  5.3000E+01  1.6226E+22  4.8676E+21  4.5227E+21
3.0024E-15  6.7866E-15  9.6000E-16  2.2000E-15  7.0000E-22  3.0000E-44  3.2000E-45  5.2000E+00  5.3000E+01  1.6719E+22  4.4508E+21  4.4459E+21
5.8052E-15  1.1640E-14  9.6000E-16  2.2000E-15  7.0000E-22  3.0000E-44  3.2000E-45  5.2000E+00  5.3000E+01  1.5423E+22  5.5455E+21  4.6476E+21
2.5154E-15  2.8475E-15  9.6000E-16  2.2000E-15  7.0000E-22  3.0000E-44  3.2000E-45  5.2000E+00  5.3000E+01  1.5649E+22  5.3550E+21  4.6125E+21
3.2513E-15  1.0280E-14  9.6000E-16  2.2000E-15  7.0000E-22  3.0000E-44  3.2000E-45  5.2000E+00  5.3000E+01  1.7441E+22  3.8411E+21  4.3337E+21
1.5739E-15  1.0163E-14  9.6000E-16  2.2000E-15  7.0000E-22  3.0000E-44  3.2000E-45  5.2000E+00  5.3000E+01  1.9502E+22  2.1002E+21  4.0139E+21
5.6104E-15  5.0984E-15  9.6000E-16  2.2000E-15  7.0000E-22  3.0000E-44  3.2000E-45  5.2000E+00  5.3000E+01  1.3006E+22  7.5855E+21  5.0245E+21
4.1928E-15  8.9906E-15  9.6000E-16  2.2000E-15  7.0000E-22  3.0000E-44  3.2000E-45  5.2000E+00  5.3000E+01  1.6074E+22  4.9960E+21  4.5463E+21
5.5780E-15  3.0820E-15  9.6000E-16  2.2000E-15  7.0000E-22  3.0000E-44  3.2000E-45  5.2000E+00  5.3000E+01  1.1769E+22  8.6296E+21  5.2180E+21
1.5090E-15  5.8487E-15  9.6000E-16  2.2000E-15  7.0000E-22  3.0000E-44  3.2000E-45  5.2000E+00  5.3000E+01  1.8742E+22  2.7423E+21  4.1318E+21
5.8918E-15  7.9589E-15  9.6000E-16  2.2000E-15  7.0000E-22  3.0000E-44  3.2000E-45  5.2000E+00  5.3000E+01  1.4102E+22  6.6606E+21  4.8535E+21
5.5455E-15  8.0527E-15  9.6000E-16  2.2000E-15  7.0000E-22  3.0000E-44  3.2000E-45  5.2000E+00  5.3000E+01  1.4442E+22  6.3735E+21  4.8004E+21
2.0717E-15  9.1313E-15  9.6000E-16  2.2000E-15  7.0000E-22  3.0000E-44  3.2000E-45  5.2000E+00  5.3000E+01  1.8628E+22  2.8382E+21  4.1494E+21
1.2601E-15  5.5204E-15  9.6000E-16  2.2000E-15  7.0000E-22  3.0000E-44  3.2000E-45  5.2000E+00  5.3000E+01  1.9129E+22  2.4156E+21  4.0718E+21
1.5848E-15  7.5369E-15  9.6000E-16  2.2000E-15  7.0000E-22  3.0000E-44  3.2000E-45  5.2000E+00  5.3000E+01  1.9015E+22  2.5119E+21  4.0895E+21
3.4894E-15  7.2321E-15  9.6000E-16  2.2000E-15  7.0000E-22  3.0000E-44  3.2000E-45  5.2000E+00  5.3000E+01  1.6261E+22  4.8377E+21  4.5172E+21
4.0196E-15  1.1546E-14  9.6000E-16  2.2000E-15  7.0000E-22  3.0000E-44  3.2000E-45  5.2000E+00  5.3000E+01  1.6956E+22  4.2506E+21  4.4091E+21
1.3900E-15  4.5826E-15  9.6000E-16  2.2000E-15  7.0000E-22  3.0000E-44  3.2000E-45  5.2000E+00  5.3000E+01  1.8605E+22  2.8579E+21  4.1530E+21
2.1150E-15  1.2883E-14  9.6000E-16  2.2000E-15  7.0000E-22  3.0000E-44  3.2000E-45  5.2000E+00  5.3000E+01  1.9214E+22  2.3436E+21  4.0586E+21
4.3659E-15  1.0749E-14  9.6000E-16  2.2000E-15  7.0000E-22  3.0000E-44  3.2000E-45  5.2000E+00  5.3000E+01  1.6421E+22  4.7029E+21  4.4923E+21
1.9527E-15  3.2930E-15  9.6000E-16  2.2000E-15  7.0000E-22  3.0000E-44  3.2000E-45  5.2000E+00  5.3000E+01  1.6953E+22  4.2538E+21  4.4097E+21
3.0673E-15  5.9659E-15  9.6000E-16  2.2000E-15  7.0000E-22  3.0000E-44  3.2000E-45  5.2000E+00  5.3000E+01  1.6323E+22  4.7856E+21  4.5076E+21
2.8942E-15  8.3810E-15  9.6000E-16  2.2000E-15  7.0000E-22  3.0000E-44  3.2000E-45  5.2000E+00  5.3000E+01  1.7364E+22  3.9063E+21  4.3457E+21
2.9916E-15  1.2625E-14  9.6000E-16  2.2000E-15  7.0000E-22  3.0000E-44  3.2000E-45  5.2000E+00  5.3000E+01  1.8215E+22  3.1872E+21  4.2135E+21
2.5263E-15  1.8158E-15  9.6000E-16  2.2000E-15  7.0000E-22  3.0000E-44  3.2000E-45  5.2000E+00  5.3000E+01  1.4929E+22  5.9626E+21  4.7246E+21
1.6497E-15  3.1523E-15  9.6000E-16  2.2000E-15  7.0000E-22  3.0000E-44  3.2000E-45  5.2000E+00  5.3000E+01  1.7509E+22  3.7836E+21  4.3232E+21
1.5198E-15  6.9273E-15  9.6000E-16  2.2000E-15  7.0000E-22  3.0000E-44  3.2000E-45  5.2000E+00  5.3000E+01  1.8988E+22  2.5342E+21  4.0936E+21
3.0457E-15  1.1265E-14  9.6000E-16  2.2000E-15  7.0000E-22  3.0000E-44  3.2000E-45  5.2000E+00  5.3000E+01  1.7891E+22  3.4614E+21  4.2639E+21
1.1303E-15  7.3727E-15  9.6000E-16  2.2000E-15  7.0000E-22  3.0000E-44  3.2000E-45  5.2000E+00  5.3000E+01  1.9752E+22  1.8888E+21  3.9751E+21
5.3723E-15  5.3563E-15  9.6000E-16  2.2000E-15  7.0000E-22  3.0000E-44  3.2000E-45  5.2000E+00  5.3000E+01  1.3374E+22  7.2752E+21  4.9671E+21
4.8962E-15  3.4337E-15  9.6000E-16  2.2000E-15  7.0000E-22  3.0000E-44  3.2000E-45  5.2000E+00  5.3000E+01  1.2719E+22  7.8275E+21  5.0693E+21
1.2168E-15  1.0562E-14  9.6000E-16  2.2000E-15  7.0000E-22  3.0000E-44  3.2000E-45  5.2000E+00  5.3000E+01  2.0062E+22  1.6270E+21  3.9271E+21
5.0802E-15  9.6940E-15  9.6000E-16  2.2000E-15  7.0000E-22  3.0000E-44  3.2000E-45  5.2000E+00  5.3000E+01  1.5446E+22  5.5263E+21  4.6441E+21
3.9222E-15  9.1782E-15  9.6000E-16  2.2000E-15  7.0000E-22  3.0000E-44  3.2000E-45  5.2000E+00  5.3000E+01  1.6414E+22  4.7084E+21  4.4934E+21
2.6669E-15  6.7162E-15  9.6000E-16  2.2000E-15  7.0000E-22  3.0000E-44  3.2000E-45  5.2000E+00  5.3000E+01  1.7154E+22  4.0836E+21  4.3784E+21
3.7383E-15  1.2320E-14  9.6000E-16  2.2000E-15  7.0000E-22  3.0000E-44  3.2000E-45  5.2000E+00  5.3000E+01  1.7405E+22  3.8720E+21  4.3394E+21
2.7210E-15  1.1617E-14  9.6000E-16  2.2000E-15  7.0000E-22  3.0000E-44  3.2000E-45  5.2000E+00  5.3000E+01  1.8320E+22  3.0986E+21  4.1972E+21
1.4224E-15  6.1301E-15  9.6000E-16  2.2000E-15  7.0000E-22  3.0000E-44  3.2000E-45  5.2000E+00  5.3000E+01  1.8972E+22  2.5480E+21  4.0961E+21
1.0437E-15  1.6283E-15  9.6000E-16  2.2000E-15  7.0000E-22  3.0000E-44  3.2000E-45  5.2000E+00  5.3000E+01  1.8284E+22  3.1287E+21  4.2028E+21
3.5543E-15  1.2179E-14  9.6000E-16  2.2000E-15  7.0000E-22  3.0000E-44  3.2000E-45  5.2000E+00  5.3000E+01  1.7555E+22  3.7451E+21  4.3161E+21
9.8958E-16  8.8030E-15  9.6000E-16  2.2000E-15  7.0000E-22  3.0000E-44  3.2000E-45  5.2000E+00  5.3000E+01  2.0201E+22  1.5096E+21  3.9056E+21
4.2361E-15  3.3868E-15  9.6000E-16  2.2000E-15  7.0000E-22  3.0000E-44  3.2000E-45  5.2000E+00  5.3000E+01  1.3453E+22  7.2083E+21  4.9547E+21
3.9547E-15  1.1148E-14  9.6000E-16  2.2000E-15  7.0000E-22  3.0000E-44  3.2000E-45  5.2000E+00  5.3000E+01  1.6922E+22  4.2796E+21  4.4144E+21
5.1234E-15  6.8569E-15  9.6000E-16  2.2000E-15  7.0000E-22  3.0000E-44  3.2000E-45  5.2000E+00  5.3000E+01  1.4339E+22  6.4607E+21  4.8165E+21
2.2665E-15  4.8874E-15  9.6000E-16  2.2000E-15  7.0000E-22  3.0000E-44  3.2000E-45  5.2000E+00  5.3000E+01  1.7095E+22  4.1331E+21  4.3875E+21
3.3487E-15  7.0210E-15  9.6000E-16  2.2000E-15  7.0000E-22  3.0000E-44  3.2000E-45  5.2000E+00  5.3000E+01  1.6358E+22  4.7562E+21  4.5022E+21
5.9892E-15  2.6834E-15  9.6000E-16  2.2000E-15  7.0000E-22  3.0000E-44  3.2000E-45  5.2000E+00  5.3000E+01  1.1083E+22  9.2077E+21  5.3253E+21
7.9479E-16  1.2601E-14  9.6000E-16  2.2000E-15  7.0000E-22  3.0000E-44  3.2000E-45  5.2000E+00  5.3000E+01  2.0836E+22  9.7254E+20  3.8071E+21
5.5238E-15  9.3188E-15  9.6000E-16  2.2000E-15  7.0000E-22  3.0000E-44  3.2000E-45  5.2000E+00  5.3000E+01  1.4928E+22  5.9632E+21  4.7247E+21
2.8834E-15  1.1804E-14  9.6000E-16  2.2000E-15  7.0000E-22  3.0000E-44  3.2000E-45  5.2000E+00  5.3000E+01  1.8177E+22  3.2199E+21  4.2195E+21
1.8337E-15  5.7784E-15  9.6000E-16  2.2000E-15  7.0000E-22  3.0000E-44  3.2000E-45  5.2000E+00  5.3000E+01  1.8146E+22  3.2458E+21  4.2243E+21
1.4657E-15  1.6048E-15  9.6000E-16  2.2000E-15  7.0000E-22  3.0000E-44  3.2000E-45  5.2000E+00  5.3000E+01  1.7114E+22  4.1176E+21  4.3846E+21
3.3703E-15  3.1054E-15  9.6000E-16  2.2000E-15  7.0000E-22  3.0000E-44  3.2000E-45  5.2000E+00  5.3000E+01  1.4430E+22  6.3836E+21  4.8023E+21
2.3964E-15  6.3176E-15  9.6000E-16  2.2000E-15  7.0000E-22  3.0000E-44  3.2000E-45  5.2000E+00  5.3000E+01  1.7414E+22  3.8638E+21  4.3379E+21
3.8357E-15  9.5768E-15  9.6000E-16  2.2000E-15  7.0000E-22  3.0000E-44  3.2000E-45  5.2000E+00  5.3000E+01  1.6623E+22  4.5319E+21  4.4608E+21
5.8701E-15  4.9577E-15  9.6000E-16  2.2000E-15  7.0000E-22  3.0000E-44  3.2000E-45  5.2000E+00  5.3000E+01  1.2686E+22  7.8553E+21  5.0745E+21
9.5711E-16  3.0585E-15  9.6000E-16  2.2000E-15  7.0000E-22  3.0000E-44  3.2000E-45  5.2000E+00  5.3000E+01  1.9108E+22  2.4330E+21  4.0750E+21
3.1972E-15  3.8557E-15  9.6000E-16  2.2000E-15  7.0000E-22  3.0000E-44  3.2000E-45  5.2000E+00  5.3000E+01  1.5137E+22  5.7867E+21  4.6921E+21
3.0132E-15  1.4641E-15  9.6000E-16  2.2000E-15  7.0000E-22  3.0000E-44  3.2000E-45  5.2000E+00  5.3000E+01  1.3773E+22  6.9383E+21  4.9048E+21
3.0890E-15  1.3000E-14  9.6000E-16  2.2000E-15  7.0000E-22  3.0000E-44  3.2000E-45  5.2000E+00  5.3000E+01  1.8183E+22  3.2146E+21  4.2185E+21
3.6409E-15  3.8323E-15  9.6000E-16  2.2000E-15  7.0000E-22  3.0000E-44  3.2000E-45  5.2000E+00  5.3000E+01  1.4499E+22  6.3258E+21  4.7916E+21
4.2902E-15  9.0375E-15  9.6000E-16  2.2000E-15  7.0000E-22  3.0000E-44  3.2000E-45  5.2000E+00  5.3000E+01  1.5989E+22  5.0673E+21  4.5595E+21
2.3315E-15  1.1687E-14  9.6000E-16  2.2000E-15  7.0000E-22  3.0000E-44  3.2000E-45  5.2000E+00  5.3000E+01  1.8779E+22  2.7109E+21  4.1260E+21
5.5130E-15  8.5920E-15  9.6000E-16  2.2000E-15  7.0000E-22  3.0000E-44  3.2000E-45  5.2000E+00  5.3000E+01  1.4677E+22  6.1751E+21  4.7638E+21
4.8745E-15  1.9565E-15  9.6000E-16  2.2000E-15  7.0000E-22  3.0000E-44  3.2000E-45  5.2000E+00  5.3000E+01  1.1630E+22  8.7464E+21  5.2396E+21
2.6236E-15  8.8968E-15  9.6000E-16  2.2000E-15  7.0000E-22  3.0000E-44  3.2000E-45  5.2000E+00  5.3000E+01  1.7844E+22  3.5005E+21  4.2711E+21
3.5651E-15  2.0034E-15  9.6000E-16  2.2000E-15  7.0000E-22  3.0000E-44  3.2000E-45  5.2000E+00  5.3000E+01  1.3349E+22  7.2959E+21  4.9709E+21
5.5888E-15  1.2578E-14  9.6000E-16  2.2000E-15  7.0000E-22  3.0000E-44  3.2000E-45  5.2000E+00  5.3000E+01  1.5849E+22  5.1861E+21  4.5814E+21
1.6713E-15  3.0351E-15  9.6000E-16  2.2000E-15  7.0000E-22  3.0000E-44  3.2000E-45  5.2000E+00  5.3000E+01  1.7407E+22  3.8696E+21  4.3390E+21
5.5563E-15  7.3962E-15  9.6000E-16  2.2000E-15  7.0000E-22  3.0000E-44  3.2000E-45  5.2000E+00  5.3000E+01  1.4165E+22  6.6076E+21  4.8437E+21
1.8986E-15  6.4114E-15  9.6000E-16  2.2000E-15  7.0000E-22  3.0000E-44  3.2000E-45  5.2000E+00  5.3000E+01  1.8225E+22  3.1793E+21  4.2121E+21
6.2164E-16  7.4900E-15  9.6000E-16  2.2000E-15  7.0000E-22  3.0000E-44  3.2000E-45  5.2000E+00  5.3000E+01  2.0709E+22  1.0800E+21  3.8268E+21
3.8248E-15  1.0327E-14  9.6000E-16  2.2000E-15  7.0000E-22  3.0000E-44  3.2000E-45  5.2000E+00  5.3000E+01  1.6842E+22  4.3474E+21  4.4269E+21
5.7511E-15  8.9202E-15  9.6000E-16  2.2000E-15  7.0000E-22  3.0000E-44  3.2000E-45  5.2000E+00  5.3000E+01  1.4591E+22  6.2474E+21  4.7771E+21
2.6778E-15  4.3950E-15  9.6000E-16  2.2000E-15  7.0000E-22  3.0000E-44  3.2000E-45  5.2000E+00  5.3000E+01  1.6210E+22  4.8812E+21  4.5252E+21
3.9980E-15  8.1934E-15  9.6000E-16  2.2000E-15  7.0000E-22  3.0000E-44  3.2000E-45  5.2000E+00  5.3000E+01  1.6016E+22  5.0447E+21  4.5553E+21
3.0349E-15  1.3234E-15  9.6000E-16  2.2000E-15  7.0000E-22  3.0000E-44  3.2000E-45  5.2000E+00  5.3000E+01  1.3614E+22  7.0727E+21  4.9296E+21
1.9202E-15  1.1007E-14  9.6000E-16  2.2000E-15  7.0000E-22  3.0000E-44  3.2000E-45  5.2000E+00  5.3000E+01  1.9170E+22  2.3804E+21  4.0653E+21
5.7295E-15  1.2766E-14  9.6000E-16  2.2000E-15  7.0000E-22  3.0000E-44  3.2000E-45  5.2000E+00  5.3000E+01  1.5787E+22  5.2382E+21  4.5910E+21
4.8529E-15  1.0984E-14  9.6000E-16  2.2000E-15  7.0000E-22  3.0000E-44  3.2000E-45  5.2000E+00  5.3000E+01  1.6037E+22  5.0266E+21  4.5520E+21
5.6212E-15  8.7092E-15  9.6000E-16  2.2000E-15  7.0000E-22  3.0000E-44  3.2000E-45  5.2000E+00  5.3000E+01  1.4626E+22  6.2185E+21  4.7718E+21
1.3359E-15  9.7643E-15  9.6000E-16  2.2000E-15  7.0000E-22  3.0000E-44  3.2000E-45  5.2000E+00  5.3000E+01  1.9786E+22  1.8600E+21  3.9698E+21
2.6020E-15  4.7467E-15  9.6000E-16  2.2000E-15  7.0000E-22  3.0000E-44  3.2000E-45  5.2000E+00  5.3000E+01  1.6491E+22  4.6434E+21  4.4814E+21
4.2577E-15  2.7303E-15  9.6000E-16  2.2000E-15  7.0000E-22  3.0000E-44  3.2000E-45  5.2000E+00  5.3000E+01  1.2971E+22  7.6155E+21  5.0301E+21
2.2774E-15  7.7244E-15  9.6000E-16  2.2000E-15  7.0000E-22  3.0000E-44  3.2000E-45  5.2000E+00  5.3000E+01  1.8009E+22  3.3618E+21  4.2456E+21
4.3984E-15  2.5427E-15  9.6000E-16  2.2000E-15  7.0000E-22  3.0000E-44  3.2000E-45  5.2000E+00  5.3000E+01  1.2657E+22  7.8797E+21  5.0790E+21
1.5631E-15  1.0491E-14  9.6000E-16  2.2000E-15  7.0000E-22  3.0000E-44  3.2000E-45  5.2000E+00  5.3000E+01  1.9565E+22  2.0468E+21  4.0041E+21
3.1214E-15  2.9882E-15  9.6000E-16  2.2000E-15  7.0000E-22  3.0000E-44  3.2000E-45  5.2000E+00  5.3000E+01  1.4730E+22  6.1309E+21  4.7556E+21
2.0501E-15  4.9812E-15  9.6000E-16  2.2000E-15  7.0000E-22  3.0000E-44  3.2000E-45  5.2000E+00  5.3000E+01  1.7500E+22  3.7912E+21  4.3246E+21
4.3335E-15  7.5838E-15  9.6000E-16  2.2000E-15  7.0000E-22  3.0000E-44  3.2000E-45  5.2000E+00  5.3000E+01  1.5437E+22  5.5337E+21  4.6454E+21
5.1776E-15  1.2203E-14  9.6000E-16  2.2000E-15  7.0000E-22  3.0000E-44  3.2000E-45  5.2000E+00  5.3000E+01  1.6085E+22  4.9864E+21  4.5446E+21
2.1691E-15  2.2379E-15  9.6000E-16  2.2000E-15  7.0000E-22  3.0000E-44  3.2000E-45  5.2000E+00  5.3000E+01  1.5921E+22  5.1250E+21  4.5701E+21
5.7403E-15  4.6295E-15  9.6000E-16  2.2000E-15  7.0000E-22  3.0000E-44  3.2000E-45  5.2000E+00  5.3000E+01  1.2617E+22  7.9136E+21  5.0853E+21
2.7102E-15  3.1289E-15  9.6000E-16  2.2000E-15  7.0000E-22  3.0000E-44  3.2000E-45  5.2000E+00  5.3000E+01  1.5481E+22  5.4964E+21  4.6386E+21
2.5587E-15  1.4407E-15  9.6000E-16  2.2000E-15  7.0000E-22  3.0000E-44  3.2000E-45  5.2000E+00  5.3000E+01  1.4572E+22  6.2636E+21  4.7801E+21
3.9331E-15  1.2648E-14  9.6000E-16  2.2000E-15  7.0000E-22  3.0000E-44  3.2000E-45  5.2000E+00  5.3000E+01  1.7290E+22  3.9691E+21  4.3573E+21
1.3683E-15  2.3786E-15  9.6000E-16  2.2000E-15  7.0000E-22  3.0000E-44  3.2000E-45  5.2000E+00  5.3000E+01  1.7787E+22  3.5494E+21  4.2801E+21
5.3615E-15  3.4102E-15  9.6000E-16  2.2000E-15  7.0000E-22  3.0000E-44  3.2000E-45  5.2000E+00  5.3000E+01  1.2214E+22  8.2537E+21  5.1483E+21
2.9267E-15  4.3246E-15  9.6000E-16  2.2000E-15  7.0000E-22  3.0000E-44  3.2000E-45  5.2000E+00  5.3000E+01  1.5790E+22  5.2357E+21  4.5905E+21
8.3808E-16  4.4653E-15  9.6000E-16  2.2000E-15  7.0000E-22  3.0000E-44  3.2000E-45  5.2000E+00  5.3000E+01  1.9785E+22  1.8606E+21  3.9700E+21
2.5912E-15  2.9647E-15  9.6000E-16  2.2000E-15  7.0000E-22  3.0000E-44  3.2000E-45  5.2000E+00  5.3000E+01  1.5586E+22  5.4077E+21  4.6222E+21
4.7230E-15  2.1441E-15  9.6000E-16  2.2000E-15  7.0000E-22  3.0000E-44  3.2000E-45  5.2000E+00  5.3000E+01  1.1958E+22  8.4694E+21  5.1883E+21
1.9743E-15  9.2719E-15  9.6000E-16  2.2000E-15  7.0000E-22  3.0000E-44  3.2000E-45  5.2000E+00  5.3000E+01  1.8791E+22  2.7010E+21  4.1242E+21
1.0112E-15  5.6611E-15  9.6000E-16  2.2000E-15  7.0000E-22  3.0000E-44  3.2000E-45  5.2000E+00  5.3000E+01  1.9660E+22  1.9664E+21  3.9894E+21
2.4072E-15  9.8581E-15  9.6000E-16  2.2000E-15  7.0000E-22  3.0000E-44  3.2000E-45  5.2000E+00  5.3000E+01  1.8341E+22  3.0813E+21  4.1941E+21
3.3054E-15  9.8112E-15  9.6000E-16  2.2000E-15  7.0000E-22  3.0000E-44  3.2000E-45  5.2000E+00  5.3000E+01  1.7263E+22  3.9914E+21  4.3614E+21
3.4786E-15  7.1617E-15  9.6000E-16  2.2000E-15  7.0000E-22  3.0000E-44  3.2000E-45  5.2000E+00  5.3000E+01  1.6249E+22  4.8481E+21  4.5191E+21
7.8397E-16  1.2812E-14  9.6000E-16  2.2000E-15  7.0000E-22  3.0000E-44  3.2000E-45  5.2000E+00  5.3000E+01  2.0864E+22  9.4886E+20  3.8028E+21
1.4874E-15  8.8265E-15  9.6000E-16  2.2000E-15  7.0000E-22  3.0000E-44  3.2000E-45  5.2000E+00  5.3000E+01  1.9414E+22  2.1745E+21  4.0275E+21
5.0910E-15  6.0832E-15  9.6000E-16  2.2000E-15  7.0000E-22  3.0000E-44  3.2000E-45  5.2000E+00  5.3000E+01  1.4017E+22  6.7326E+21  4.8668E+21
4.2144E-15  1.6986E-15  9.6000E-16  2.2000E-15  7.0000E-22  3.0000E-44  3.2000E-45  5.2000E+00  5.3000E+01  1.2202E+22  8.2640E+21  5.1502E+21
2.1367E-15  3.5275E-15  9.6000E-16  2.2000E-15  7.0000E-22  3.0000E-44  3.2000E-45  5.2000E+00  5.3000E+01  1.6716E+22  4.4538E+21  4.4465E+21
5.1559E-15  5.3094E-15  9.6000E-16  2.2000E-15  7.0000E-22  3.0000E-44  3.2000E-45  5.2000E+00  5.3000E+01  1.3563E+22  7.1154E+21  4.9375E+21
3.3162E-15  6.7631E-15  9.6000E-16  2.2000E-15  7.0000E-22  3.0000E-44  3.2000E-45  5.2000E+00  5.3000E+01  1.6304E+22  4.8018E+21  4.5106E+21
5.1018E-15  6.8100E-15  9.6000E-16  2.2000E-15  7.0000E-22  3.0000E-44  3.2000E-45  5.2000E+00  5.3000E+01  1.4339E+22  6.4604E+21  4.8165E+21
3.1539E-15  8.2403E-15  9.6000E-16  2.2000E-15  7.0000E-22  3.0000E-44  3.2000E-45  5.2000E+00  5.3000E+01  1.7001E+22  4.2126E+21  4.4021E+21
1.7363E-15  5.8018E-15  9.6000E-16  2.2000E-15  7.0000E-22  3.0000E-44  3.2000E-45  5.2000E+00  5.3000E+01  1.8322E+22  3.0969E+21  4.1969E+21
6.7575E-16  9.7174E-15  9.6000E-16  2.2000E-15  7.0000E-22  3.0000E-44  3.2000E-45  5.2000E+00  5.3000E+01  2.0811E+22  9.9419E+20  3.8111E+21
3.7924E-15  1.9331E-15  9.6000E-16  2.2000E-15  7.0000E-22  3.0000E-44  3.2000E-45  5.2000E+00  5.3000E+01  1.2967E+22  7.6187E+21  5.0307E+21
3.2729E-15  3.3164E-15  9.6000E-16  2.2000E-15  7.0000E-22  3.0000E-44  3.2000E-45  5.2000E+00  5.3000E+01  1.4707E+22  6.1496E+21  4.7591E+21
2.9699E-15  7.9120E-15  9.6000E-16  2.2000E-15  7.0000E-22  3.0000E-44  3.2000E-45  5.2000E+00  5.3000E+01  1.7131E+22  4.1033E+21  4.3820E+21
7.7315E-16  1.8627E-15  9.6000E-16  2.2000E-15  7.0000E-22  3.0000E-44  3.2000E-45  5.2000E+00  5.3000E+01  1.9206E+22  2.3498E+21  4.0597E+21
3.7599E-15  1.2109E-14  9.6000E-16  2.2000E-15  7.0000E-22  3.0000E-44  3.2000E-45  5.2000E+00  5.3000E+01  1.7338E+22  3.9286E+21  4.3498E+21
