7.600000000000E-22  3.000000000000E-44  4.000000000000E-20  1.3333E+02  1.763669037667E+22  2.202206768593E+21  1.064794400980E+20  6.351266560713E+17  7.234940663243E+15  5.296534285305E+21  2.144283501449E+17  8.178150414965E+13  8.298646265003E+14  3.784726715169E+17  1.214851353244E+16
7.600000000000E-22  3.000000000000E-44  4.000000000000E-20  4.3333E+02  5.875615935677E+22  5.630104410915E+21  2.281075788565E+20  9.493030947812E+17  7.796581137615E+15  8.333113349069E+21  9.874085274097E+16  2.933873916218E+12  1.300887493083E+15  1.311226503858E+18  5.986185369302E+16
7.600000000000E-22  3.000000000000E-44  4.000000000000E-20  7.3333E+02  9.791629916847E+22  6.973321940699E+21  2.619433204496E+20  1.157306463166E+18  8.089819402247E+15  9.610702498291E+21  7.074813769252E+16  6.749825920827E+11  1.586802445916E+15  2.385007251024E+18  1.177663338720E+17
#7.600000000000E-22  3.000000000000E-44  4.000000000000E-20  8.5925E+02  1.137102012931E+23  7.251013970114E+21  2.652186619805E+20  1.229447018024E+18  8.179843269249E+15  9.954998789583E+21  6.430118726038E+16  4.419242454547E+11  1.689603009436E+15  2.862754556924E+18  1.440723116842E+17
#7.600000000000E-22  3.000000000000E-44  4.000000000000E-20  1.0333E+03  1.350600338988E+23  7.487709646335E+21  2.647321287202E+20  1.317953304241E+18  8.314884152457E+15  1.030705569695E+22  5.753697453506E+16  2.709406683649E+11  1.822488728589E+15  3.537830791585E+18  1.822315265252E+17
7.600000000000E-22  3.000000000000E-44  4.000000000000E-20  1.3333E+03  1.703390109688E+23  7.699966059292E+21  2.565052065371E+20  1.450158882925E+18  8.538148820047E+15  1.073651597839E+22  4.973049709094E+16  1.399118688314E+11  2.040253571067E+15  4.698242104160E+18  2.497271805268E+17
7.600000000000E-22  3.000000000000E-44  4.000000000000E-20  1.5852E+03  1.986523957723E+23  7.776109257792E+21  2.464019145280E+20  1.545557223832E+18  8.712418435930E+15  1.098989051327E+22  4.530015790741E+16  9.005914533019E+10  2.214159342839E+15  5.642598328972E+18  3.071885770663E+17
7.600000000000E-22  3.000000000000E-44  4.000000000000E-20  2.3111E+03  2.760458558670E+23  7.788628284454E+21  2.176156514531E+20  1.757831603994E+18  9.180699144989E+15  1.132003957996E+22  3.673747513742E+16  3.445014822713E+10  2.681357012521E+15  8.172905309428E+18  4.781974907581E+17
7.600000000000E-22  3.000000000000E-44  4.000000000000E-20  3.0370E+03  3.475327697431E+23  7.722202594097E+21  1.928923914277E+20  1.916478838668E+18  9.581192230781E+15  1.145730659539E+22  3.190603872896E+16  1.767628762117E+10  3.117177350546E+15  1.031341581528E+19  6.465286106488E+17
7.600000000000E-22  3.000000000000E-44  4.000000000000E-20  3.7629E+03  4.145913827811E+23  7.634712880299E+21  1.731172149535E+20  2.039675829736E+18  9.987625602197E+15  1.151021585817E+22  2.872594922170E+16  1.074628309400E+10  3.526085826417E+15  1.212247644947E+19  8.116889772974E+17
7.600000000000E-22  3.000000000000E-44  4.000000000000E-20  4.4888E+03  4.781605233666E+23  7.543596099753E+21  1.573270395844E+20  2.138920873595E+18  1.038158790129E+16  1.152243208281E+22  2.644829017287E+16  7.271443405020E+09  3.913989921106E+15  1.367291698691E+19  9.737563562669E+17
7.600000000000E-22  3.000000000000E-44  4.000000000000E-20  5.2148E+03  5.385974125785E+23  7.464588636439E+21  1.438368871154E+20  2.229144881319E+18  1.077311696296E+16  1.154805414907E+22  2.486846820495E+16  5.375400437299E+09  4.294900281404E+15  1.495446492630E+19  1.129109106812E+18
7.600000000000E-22  3.000000000000E-44  4.000000000000E-20  5.9407E+03  5.962707870772E+23  7.378277888044E+21  1.334305149360E+20  2.298696910464E+18  1.113294710661E+16  1.152986573001E+22  2.352541212575E+16  4.143241806133E+09  4.648641499214E+15  1.613304645917E+19  1.284033576281E+18
7.600000000000E-22  3.000000000000E-44  4.000000000000E-20  6.6666E+03  6.522075247382E+23  7.294402796854E+21  1.246881707005E+20  2.359077477704E+18  1.147744847756E+16  1.150532032210E+22  2.243386593322E+16  3.319003043072E+09  4.992259277830E+15  1.720192996815E+19  1.437930474416E+18