7.600000000000E-22  3.000000000000E-44  4.000000000000E-20  1.3333E+02  1.763706094627E+22  2.201887959255E+21  1.064836231315E+20  6.351473120032E+17  7.234927108248E+15  5.296477932881E+21  2.144232655126E+17  8.178152021365E+13  8.298468909704E+14  3.784458011831E+17  1.215000168008E+16
7.600000000000E-22  3.000000000000E-44  4.000000000000E-20  2.6666E+02  3.597914109673E+22  4.095473442508E+21  1.779839092768E+20  7.972894697537E+17  7.515615013897E+15  7.116749994925E+21  1.379779350215E+17  1.257127146887E+13  1.082657093454E+15  7.736752219028E+17  3.149997141393E+16
7.600000000000E-22  3.000000000000E-44  4.000000000000E-20  4.0000E+02  5.422810672224E+22  5.380906414508E+21  2.205799663099E+20  9.215154523157E+17  7.756859295581E+15  8.144827031379E+21  1.044708330491E+17  3.737168874762E+12  1.261758453013E+15  1.199647212425E+18  5.388830199178E+16
7.600000000000E-22  3.000000000000E-44  4.000000000000E-20  5.3333E+02  7.206823583861E+22  6.224360423763E+21  2.451634425448E+20  1.025306825402E+18  7.901650288082E+15  8.852617943055E+21  8.626430242922E+16  1.609993689049E+12  1.404819917723E+15  1.655923149437E+18  7.833683390927E+16
7.600000000000E-22  3.000000000000E-44  4.000000000000E-20  6.6666E+02  8.943218880784E+22  6.768703274635E+21  2.582711009802E+20  1.115154754400E+18  8.020640533003E+15  9.387096100687E+21  7.492600618316E+16  8.673186012399E+11  1.527476626040E+15  2.137766604325E+18  1.044298164491E+17
7.600000000000E-22  3.000000000000E-44  4.000000000000E-20  7.9999E+02  1.063228080911E+23  7.130780762215E+21  2.641730488317E+20  1.196361382261E+18  8.143908783726E+15  9.803824103406E+21  6.712562726879E+16  5.351687940424E+11  1.641761435325E+15  2.636722282375E+18  1.316152236866E+17
7.600000000000E-22  3.000000000000E-44  4.000000000000E-20  8.5925E+02  1.137128956796E+23  7.248431153496E+21  2.652313224214E+20  1.229508042204E+18  8.179822048290E+15  9.954708082219E+21  6.429898973528E+16  4.419362796053E+11  1.689576826695E+15  2.862748153664E+18  1.441164629051E+17
7.600000000000E-22  3.000000000000E-44  4.000000000000E-20  9.3332E+02  1.229211116861E+23  7.360273223233E+21  2.656670466045E+20  1.268076036914E+18  8.236220156680E+15  1.010988143265E+22  6.105889002319E+16  3.535710731282E+11  1.746399946404E+15  3.150274468418E+18  1.604243874791E+17
7.600000000000E-22  3.000000000000E-44  4.000000000000E-20  1.0667E+03  1.390672402762E+23  7.518963681210E+21  2.641737664287E+20  1.333949833013E+18  8.339159446432E+15  1.036495577969E+22  5.648271049537E+16  2.493599849534E+11  1.847410559947E+15  3.667368937676E+18  1.896662119150E+17
7.600000000000E-22  3.000000000000E-44  4.000000000000E-20  1.2000E+03  1.548725296330E+23  7.626064532535E+21  2.609243031044E+20  1.394449260067E+18  8.433169138917E+15  1.056845316657E+22  5.277488731272E+16  1.834286543922E+11  1.945288217283E+15  4.184761057477E+18  2.195240219336E+17
7.600000000000E-22  3.000000000000E-44  4.000000000000E-20  1.3333E+03  1.703421281278E+23  7.696911323896E+21  2.565135594797E+20  1.450219525308E+18  8.538139678296E+15  1.073619561668E+22  4.972901286224E+16  1.399152468614E+11  2.040244242462E+15  4.698451466598E+18  2.498105558312E+17
7.600000000000E-22  3.000000000000E-44  4.000000000000E-20  1.5852E+03  1.986556029822E+23  7.772931771437E+21  2.464089297403E+20  1.545616929102E+18  8.712418351371E+15  1.098956095138E+22  4.529887667600E+16  9.006115621808E+10  2.214159695051E+15  5.642953085993E+18  3.072933966069E+17
7.600000000000E-22  3.000000000000E-44  4.000000000000E-20  2.3111E+03  2.760491007323E+23  7.785304534946E+21  2.176183190855E+20  1.757889075952E+18  9.180732526155E+15  1.131968509158E+22  3.673653796571E+16  3.445072611131E+10  2.681390285382E+15  8.173714284834E+18  4.783650623078E+17
7.600000000000E-22  3.000000000000E-44  4.000000000000E-20  3.0370E+03  3.475359155583E+23  7.718856231619E+21  1.928933836393E+20  1.916535491789E+18  9.581260028243E+15  1.145692441418E+22  3.190525591544E+16  1.767651501535E+10  3.117244178913E+15  1.031464890825E+19  6.467558830452E+17
7.600000000000E-22  3.000000000000E-44  4.000000000000E-20  3.7629E+03  4.145943102500E+23  7.631388968791E+21  1.731175101891E+20  2.039732389755E+18  9.987733811819E+15  1.150980716139E+22  2.872526541648E+16  1.074641053530E+10  3.526185891949E+15  1.212407432457E+19  8.119725427906E+17
7.600000000000E-22  3.000000000000E-44  4.000000000000E-20  4.4888E+03  4.781632386243E+23  7.540313379767E+21  1.573271082245E+20  2.138977764129E+18  1.038173078461E+16  1.152199772921E+22  2.644767139468E+16  7.271523555876E+09  3.914123175381E+15  1.367482497251E+19  9.740932592529E+17
7.600000000000E-22  3.000000000000E-44  4.000000000000E-20  5.2148E+03  5.388130854043E+23  7.450462029277E+21  1.445568051107E+20  2.221112365075E+18  1.075829919163E+16  1.151334264067E+22  2.472791086943E+16  5.297787080348E+09  4.284608967082E+15  1.502658611012E+19  1.133353617243E+18
7.600000000000E-22  3.000000000000E-44  4.000000000000E-20  5.9407E+03  5.962731158246E+23  7.375091251428E+21  1.334306437246E+20  2.298755126622E+18  1.113314670273E+16  1.152938433661E+22  2.352487474105E+16  4.143284803195E+09  4.648839659500E+15  1.613543506936E+19  1.284467795891E+18
7.600000000000E-22  3.000000000000E-44  4.000000000000E-20  6.6666E+03  6.522095894822E+23  7.291269322662E+21  1.246884004054E+20  2.359136274319E+18  1.147767955783E+16  1.150482063700E+22  2.243336850055E+16  3.319043043168E+09  4.992488457396E+15  1.720450865307E+19  1.438410592098E+18